8    68   -65  34   -14  -44  -42  21   24   31   -19  -37  -60  18   -5   18   32   -19  59   28   -53  18   -50  -39  39   -20  27   65   -20  -19 
23   13   19   -86  -25  43   -19  12   -24  28   30   -26  -2   18   -17  12   -13  88   3    -6   -119 -18  -28  -41  69   35   -80  70   -20  12  
-48  -39  -8   -38  -25  -50  -13  83   12   24   -99  5    20   -55  -30  21   41   45   9    -6   -3   5    -53  83   -18  14   -44  82   25   1   
-3   2    -7   8    -28  36   -25  23   -40  19   14   -75  -21  -88  -43  24   46   -47  76   -24  -24  52   11   -5   124  -59  -3   -20  44   9   
11   39   -18  41   -31  -31  -11  -28  -16  36   -22  -103 10   20   31   41   19   -30  64   -62  -45  29   -23  20   40   -7   -68  55   0    46  
-69  9    -53  -17  28   -38  -8   90   -12  -9   -46  6    -57  21   57   31   -18  -20  19   34   -28  49   -65  35   6    -9   14   74   55   -23 
17   -3   -31  41   -35  53   4    -13  -28  5    25   24   28   81   -1   -8   -50  40   35   1    63   -80  -79  18   51   -25  4    120  29   6   
-31  -46  -48  -45  2    -51  -28  30   -35  35   -24  -39  -60  -46  34   27   25   20   38   -28  -11  36   -25  6    93   -30  -55  20   27   -5  
38   61   -36  83   3    23   -61  -27  45   19   42   -15  -30  24   38   -35  -5   20   61   -43  -35  -13  -78  33   9    -2   -3   101  -9   -11 
12   98   -39  -62  -32  -8   -14  3    7    44   13   -21  -6   -6   1    12   -46  -10  38   -43  37   -59  -128 57   86   -16  -10  52   33   -7  
