5798.0
4028.0
5346.0
5504.0
8460.0
5056.0
4110.0
4156.0
2664.0
8116.0
8042.0
4350.0
4576.0
6096.0
3960.0
5726.0
3840.0
7230.0
7420.0
4576.0
5816.0
10070.0
7020.0
4576.0
5442.0
5282.0
9530.0
3810.0
5760.0
9750.0
6082.0
4606.0
4560.0
4110.0
8532.0
5248.0
4200.0
8070.0
3000.0
8868.0
9350.0
4710.0
5640.0
7128.0
4478.0
2160.0
7272.0
2440.0
4832.0
6160.0
6028.0
3690.0
3364.0
4290.0
3364.0
6070.0
4290.0
3840.0
6240.0
2108.0
6606.0
4990.0
4668.0
5922.0
4640.0
6588.0
1848.0
4896.0
3900.0
6678.0
5704.0
3420.0
4834.0
6084.0
3420.0
4898.0
4862.0
7162.0
5276.0
4732.0
3964.0
4476.0
5184.0
4080.0
5340.0
5846.0
6058.0
6500.0
5088.0
1380.0
708.0
4080.0
7212.0
4832.0
5536.0
4832.0
4220.0
7166.0
4350.0
5484.0
