3040.5029188618064
2000.2863888219
2718.7636255547404
-2389.78140155226
801.8137700483203
2565.999125920236
1645.4413172230124
2191.5207959488034
-2224.5823332443833
578.4926539808512
1760.3363193497062
1218.6101613864303
1481.0046629309654
-832.7374351918697
634.6643898263574
2083.983737260103
1377.9622300863266
1773.5843799635768
-1685.2282545566559
525.0657687187195
2489.583550669253
1645.830677062273
2183.611911147833
-1977.1990405768156
648.606960684061
1402.3829537928104
945.0501885712147
1163.3377472311258
-798.8500451743603
464.10614827275276
1096.752309858799
753.7228866741061
917.835650794208
-633.5750632211566
356.80220966786146
2017.9174150675535
1438.2140969336033
1718.562820136547
-842.4114140495658
768.3741924762726
2953.313908942044
1941.1071812808514
2674.2548907473683
-2442.565411247313
765.3926371708512
2131.5150167047977
1472.0023825019598
1795.2114720493555
-966.906096957624
760.596081674099
3002.5218644589186
1981.1670249849558
2816.2746815159917
-2512.9696884155273
797.3993410542607
2260.0532805025578
1566.8505074679852
1890.8962239176035
-1049.2951513826847
795.2198268771172
2385.2827519476414
1680.4214516356587
2054.277762077749
-1069.482272438705
899.6063173413277
3001.4519849941134
1989.0061546117067
2724.372861236334
-2428.7001866698265
765.4811046868563
2265.6877446249127
1658.1666146740317
1926.6947776004672
-729.8374774008989
953.7587932348251
2763.9796554893255
1884.0528454110026
2453.3937404826283
-2007.8745508268476
807.5570483580232
2777.795242637396
1816.657862611115
2497.535420998931
-2306.2205401808023
708.578197017312
887.1494101881981
643.1243378520012
750.9489544779062
-326.96811670064926
373.7696609273553
3453.4029692411423
2260.9826400205493
3098.2905559539795
-2735.257335424423
873.3821358084679
1938.7804339006543
1395.0766086056828
1656.7475808635354
-624.1671329289675
806.0130575969815
3152.638574615121
2053.061357706785
2778.774847432971
-2596.1067644953728
757.2484876662493
1971.0014378726482
1374.2412027344108
1634.8192825764418
-926.2492165118456
709.6203918457031
1410.6486681625247
999.9211226627231
1192.66089810431
-547.2917604148388
567.7350172400475
3075.9564207047224
2036.702194929123
2753.84809768945
-2437.162471421063
784.0886110067368
2566.0072491467
1792.1049979403615
2207.9199698492885
-1170.2508189678192
909.2165071442723
2293.844756245613
1644.6733951494098
1992.349325478077
-791.2196090072393
946.9557040929794
2027.953658618033
1292.6843141019344
1780.0354406014085
-1920.3869332149625
452.89974973350763
2556.231236025691
1781.8778401985765
2203.9476597085595
-1142.595683939755
921.4748472049832
1602.497612208128
1184.148731380701
1389.0621467754245
-512.7308879196644
704.6609555408359
2777.3529123216867
1795.8891596272588
2418.424449466169
-2328.4152332544327
666.2923194691539
2380.1003394946456
1696.390048801899
2079.915436759591
-1045.2789706811309
875.2925978899002
2896.757240667939
1907.7972009778023
2612.812218621373
-2383.182559236884
763.1893702372909
2506.778252579272
1631.3045445606112
2116.2665772512555
-1993.4955320060253
594.5748395994306
2291.161550529301
1577.1774829775095
1955.858259394765
-1099.7270079776645
793.096336863935
2605.382530875504
1663.539499655366
2304.9005419909954
-2302.6684816479683
608.2976027429104
3033.83801471442
2024.9660667181015
2830.148134186864
-2344.085880510509
843.9269501641393
1914.8674970194697
1310.0583612546325
1591.217539742589
-940.5516661927104
674.8422825112939
2864.986781679094
1889.0895708873868
2571.3748138695955
-2336.780423618853
752.3587359189987
2734.9863160923123
1881.0328419953585
2391.3042519688606
-1307.9005065262318
965.4156856462359
2658.7721389457583
1723.634617343545
2360.6424594074488
-2410.565865546465
626.262563765049
3171.977373018861
2086.269456192851
2866.502796396613
-2591.979806922376
823.2447752803564
2355.2594355493784
1729.9013945534825
2069.1897119283676
-687.6899729445577
1039.4280658736825
2958.868006721139
1994.568582303822
2796.8034272566438
-2069.108706906438
878.7940561845899
2607.281581386924
1857.826016433537
2270.462665207684
-969.9465679749846
1041.0160128846765
2281.7085853889585
1613.5634835585952
1930.65702393651
-918.9338701590896
901.829928971827
2416.6078365966678
1707.843844242394
2092.13050314039
-1109.302703820169
880.2370286658406
2391.2068987339735
1766.1058885753155
2084.2823822796345
-725.8068281710148
1032.0340792238712
1800.422225676477
1243.5216183066368
1480.4133942723274
-958.4058095738292
614.6844788268209
2264.3282261118293
1596.7925914749503
1940.8617185130715
-944.3713229894638
865.3345075920224
2316.4595645070076
1636.3030918166041
2007.7902242317796
-1031.1708470582962
860.5000577643514
2054.443404659629
1323.6636870801449
1746.2183193340898
-1830.5332158058882
467.4265105724335
1674.4151040762663
1227.5480869933963
1458.9978269264102
-523.9739309027791
724.8906031474471
2176.200883962214
1410.5013448745012
1873.3689792975783
-1874.8680282235146
501.2595942094922
3384.27206043154
2176.7264292165637
3176.030936151743
-2932.98557831347
855.80341488868
2257.459922939539
1651.5709624439478
1976.4949442073703
-750.7303154990077
926.5772721618414
2770.2513047382236
1817.7391800507903
2479.709436543286
-2302.104500360787
686.3785064592957
1557.9783651456237
1102.2967814430594
1317.830344364047
-708.5336147323251
590.8536146581173
2377.316686309874
1539.968523144722
2037.5906586647034
-2116.90327616781
542.8672727718949
1833.0916252955794
1311.5787802413106
1565.3106054887176
-712.1278272718191
714.5702911019325
2072.145404174924
1449.1747580394149
1765.1040154397488
-865.0828858986497
797.0039152726531
2424.7847979813814
1785.0113678723574
2098.455335609615
-674.5595302060246
1060.4955056607723
1903.3292284086347
1359.0424217432737
1621.2603993713856
-704.0761201754212
769.5846392065287
2173.9118032753468
1391.3245919644833
1834.792300581932
-2004.2952206134796
480.37439972162247
2299.83529753983
1509.9171949476004
2018.3640469759703
-1993.5214900448918
540.8946256190538
1157.8151372298598
811.546582184732
983.4541057050228
-526.3503973335028
423.9922537431121
2542.513201057911
1668.2220948785543
2360.0313841551542
-2241.277929507196
655.1785753667355
1813.2719952985644
1246.2355944737792
1521.5787380561233
-901.0358690395951
629.7065320685506
2563.401114217937
1671.991848833859
2223.7870150208473
-2063.6202127709985
644.4359560757875
3466.7993405237794
2250.0454781129956
3260.064616627991
-2746.1654714271426
934.7967974245548
2916.6134114414454
1929.8918508216739
2698.016865849495
-2501.292375408113
746.3572950214148
2286.7349181100726
1675.365549556911
1984.236945092678
-693.1125842556357
997.9808397069573
2445.6199788078666
1612.7331668138504
2086.175532490015
-1899.490356773138
615.9603848382831
1762.7185003384948
1266.7342924550176
1500.3845360651612
-705.9048444256186
698.418589219451
2143.0977417379618
1448.1633643582463
1864.5039825066924
-1704.4804218411446
548.2905604243279
2301.571010477841
1593.934126034379
1931.7543286010623
-1071.3257082104683
817.9657124131918
1439.511399820447
989.0423026308417
1200.5080342367291
-758.8740881681442
492.6050666421652
2387.61602884531
1552.4631444588304
2057.469038374722
-1993.389029584825
596.3849037438631
2610.345190294087
1711.0903668701649
2303.065253816545
-2307.8378457948565
610.5355993509293
2556.4314745143056
1865.8718675896525
2258.991859421134
-867.8485803455114
1092.3834368735552
2117.8427169173956
1496.273763872683
1792.199691362679
-923.5912902727723
803.9645411074162
1658.9000689536333
1148.426474377513
1385.883623175323
-780.456781104207
619.4379206299782
2301.039116360247
1665.3280407860875
1980.3592410609126
-794.7366009578109
949.3804495558143
2291.7666006684303
1691.3079844415188
2003.3987930938601
-774.369994610548
969.6037011966109
2510.704031817615
1779.2664453163743
2158.7793970555067
-1114.774097211659
923.3730887919664
1947.7290449887514
1345.1338362023234
1633.02390743047
-1019.0688532814384
675.7139952853322
2650.2511820942163
1887.1592539846897
2303.886457711458
-1128.3023015484214
1005.6746943220496
3495.0433650687337
2358.8695908412337
3409.3697609230876
-2818.687670752406
969.6316711828113
1894.6327782571316
1229.2099447026849
1600.6894370988011
-1733.7327037081122
438.6603000983596
1754.1907230392098
1216.9593440368772
1479.9305285289884
-763.0137478262186
652.3914895057678
2480.9223172068596
1803.8883735984564
2186.2115108966827
-865.1848852932453
1041.0343174487352
2577.1644227430224
1871.0513270795345
2216.9811478480697
-840.2813279479742
1087.444849923253
2183.395232476294
1442.1014696285129
1872.2598633989692
-1885.334529966116
525.3710119202733
2361.2183937057853
1552.8783867657185
2134.8130634874105
-1964.9330746009946
622.3559106066823
1709.9204096347094
1193.480026818812
1411.0005780681968
-873.5281077697873
598.6711648628116
1940.2187868133187
1245.5782836303115
1618.6272738203406
-1745.6860728785396
416.21266719698906
2323.9370976164937
1601.0134614631534
1954.5766316875815
-1119.3250252082944
817.6603254824877
2504.9529291838408
1665.0140292942524
2134.9016791135073
-2036.2689140439034
611.6002396941185
2664.504992157221
1755.1626287028193
2387.92024961859
-2148.6898076087236
684.5835607275367
2094.3128073588014
1447.5489549934864
1743.262059956789
-1079.583964779973
715.6802650541067
2134.515437491238
1484.099553965032
1804.348125576973
-950.9385316967964
799.9293402135372
