2952.468301579356
1880.7321206331253
2556.443428091705
-2442.9805030971766
693.7751129418612
1910.6060853525996
1184.5779525637627
1618.302757076919
-1775.8585489913821
411.06387601047754
2997.283190280199
2150.4825372099876
2653.129476867616
-1061.530493080616
1191.7746771648526
2531.396918132901
1609.5506140515208
2128.2244982868433
-2204.0776969343424
554.91774443537
3683.550676897168
2357.9571075066924
3331.929125480354
-2979.8823861554265
929.4049669876695
2753.400600731373
1889.4988291114569
2381.430175706744
-1296.0553152263165
974.3686031624675
1996.5329317450523
1418.3021618649364
1701.0174028426409
-854.1772345453501
758.2733239978552
2664.113040983677
1918.1215513795614
2341.373545907438
-901.3909083157778
1092.045488409698
1680.498624458909
1148.5860831737518
1411.241846293211
-912.8700530305505
568.8390671163797
4032.558431982994
2596.746254324913
3679.516376502812
-3179.518655434251
1049.1410494148731
4660.379210464656
3107.948779337108
4298.625643283129
-3081.733015283942
1326.5982070192695
2379.7633038908243
1649.2918550521135
2022.2242941260338
-1149.8861350268126
833.230760447681
2261.0700391978025
1582.8053271099925
1949.6946408599615
-1041.562021896243
814.4823901876807
2947.2222464233637
1894.0366172268987
2566.8252211138606
-2470.803197465837
705.9209464937449
2132.559563718736
1489.7997561469674
1816.4084264412522
-905.7353757247329
816.9557067602873
3347.8607524335384
2211.8171738162637
2929.1955554261804
-2448.4205787479877
876.4730407819152
2568.1044682711363
1569.3680418655276
2108.0737064555287
-2280.6205585226417
515.6769962012768
3458.1041078493
2412.6752400025725
3041.7187144234776
-1468.5895691663027
1287.7721125409007
2404.3021953850985
1550.1709091290832
2065.8187084272504
-2162.6845360398293
552.0559539347887
2775.5116704404354
1777.9479633644223
2355.3488324955106
-2278.179580628872
628.8600791543722
3323.09383969754
2107.987194351852
2874.3303344994783
-2771.3655072823167
764.0043910741806
4059.1979345157743
2661.911687336862
3950.2379763647914
-2923.062755346298
1183.5574741214514
3655.0283529013395
2335.4948901608586
3237.5232097506523
-3101.701083369553
865.0016233772039
2973.8439380675554
1940.571809232235
2501.276591591537
-2327.7425462827086
730.2585684135556
2362.036982662976
1631.8356468230486
1994.8135771080852
-1085.5021923556924
814.749164916575
2669.4090837091208
1694.4970907568932
2248.9198112413287
-2290.122907437384
601.251120865345
3875.4908962100744
2564.9060497507453
3765.264748468995
-2915.9257809072733
1115.0305035412312
2314.3427669405937
1572.5440908819437
1957.8822306245565
-1105.4863446876407
798.9720875397325
2876.6115589514375
2031.4002297520638
2518.136258251965
-1181.4870024248958
1096.3255414366722
4014.392461940646
2553.5225603356957
3761.513597778976
-3263.433037392795
1031.2908878102899
3067.152116701007
2127.816833242774
2667.224933281541
-1395.4452857747674
1098.5038855597377
2393.0540528297424
1744.6198633611202
2123.2339284345508
-769.8958559706807
1009.9212561249733
1877.8573309704661
1285.7367191538215
1577.0730270445347
-1022.1231474429369
631.1722582578659
2037.61644449085
1427.198814228177
1744.2985625267029
-873.9248261004686
769.5474929064512
3267.434503108263
2104.2276000231504
2913.1530321240425
-2564.3179467469454
831.7828770279884
2134.186980292201
1333.6217589005828
1825.8512051180005
-1992.1227138191462
458.5690352842212
2080.171693764627
1427.0931925848126
1749.2298445478082
-1015.7687263861299
730.6204512864351
3495.610176563263
2260.190052755177
3199.356883376837
-2901.5594164580107
885.6149625182152
1799.979753524065
1258.996640406549
1534.9191877171397
-840.717961885035
667.9555228054523
4048.7004487887025
2582.906277574599
3635.286676481366
-3328.2174386307597
973.2190519869328
4367.117455475032
2818.8577335998416
4061.3532992601395
-3293.9484784528613
1161.2438020408154
2434.0658717676997
1787.0205487757921
2159.9423458352685
-736.1829611957073
1056.4858227819204
2429.088496491313
1631.3142521604896
2020.1746625974774
-1267.601932093501
833.249465584755
3010.0684927999973
1932.0999007821083
2642.4693928211927
-2573.2780394777656
712.7528300061822
2084.087468147278
1441.836198553443
1770.8958434388041
-1037.8461733907461
716.2580063566566
1668.5945937782526
1107.7976139858365
1399.6704362928867
-861.9708033651114
564.5277237668633
3829.6993933320045
2477.6031040474772
3375.9993010237813
-2917.5653959959745
996.4323534145951
1342.2833769395947
920.2043491005898
1136.9684356227517
-717.4093367755413
458.2827792838216
2735.219370432198
2005.6822017729282
2423.686824925244
-771.3785512521863
1205.0524964258075
2418.0915112420917
1681.739088460803
2096.1099986732006
-1156.0853719115257
874.5651473850012
3158.401011481881
2043.723893634975
2755.9098614901304
-2517.724883146584
759.6142423152924
2020.6154689788818
1396.6976240202785
1711.1608442142606
-978.9864307045937
706.4455721229315
2059.426090784371
1439.1558295935392
1756.9923731163144
-870.3588402718306
788.0880392938852
2838.088146544993
1847.4359021261334
2435.3419347703457
-2283.6427437886596
673.5013279393315
1821.8068946152925
1279.5647376850247
1560.46162211895
-775.0365448519588
704.7316240519285
3166.760701328516
2073.6413586884737
2762.9702924117446
-2490.279239229858
794.2559090256691
2373.5222314596176
1612.1434616968036
1992.1327953264117
-1136.1542726382613
831.1434596031904
1835.4007410556078
1244.7437693476677
1526.682906217873
-964.3120125159621
630.3671618625522
2741.2866154909134
1926.9152019396424
2403.416258044541
-1223.6383873522282
993.0052411854267
1452.8393503800035
1034.900826074183
1244.8435218706727
-539.9187091588974
596.3466551080346
3871.010098643601
2516.5485429763794
3445.7735559269786
-3039.3798374012113
995.7592512667179
2934.7258348837495
2027.3727373629808
2521.844852358103
-1331.2760174497962
1045.7597906515002
2815.8523463606834
1810.7239440977573
2356.0822148025036
-2335.857059262693
636.4603938013315
2970.2528646588326
1956.261196501553
2510.048379726708
-2300.2886622473598
733.1121821403503
2868.913989968598
1938.0835198834538
2411.8347766026855
-1436.4184546396136
981.1910774409771
3150.434552744031
2019.3721970245242
2772.9486386328936
-2690.5250617340207
749.0825918093324
962.851503841579
678.6040085405111
814.1101063638926
-490.5211058482528
353.2613343372941
2919.7400026619434
2017.4349822029471
2515.4933452680707
-1297.8452983424067
1035.298336148262
3710.1556799709797
2348.94903588295
3144.507263429463
-3011.209885984659
833.3061524108052
3542.136781528592
2301.2219424173236
3181.419101461768
-2857.444391004741
887.2337662279606
2076.952484637499
1494.1419427394867
1810.6078258380294
-823.3445274084806
821.3331038057804
2268.642610885203
1657.2308160737157
2000.3340394943953
-640.7175507470965
986.1407448649406
2768.5367622226477
1932.7079417780042
2386.572844840586
-1146.2546226978302
1026.9011225998402
2961.474668428302
1920.8113588243723
2520.3339630514383
-2240.7048828080297
712.3761491328478
1859.9786071404815
1301.348666638136
1601.0846889168024
-848.9215128198266
670.3109277710319
2904.539369828999
1795.9368741512299
2375.5900913774967
-2654.5110193267465
591.689660616219
2859.5062702074647
1874.003748498857
2414.6195800602436
-2191.7357367798686
686.8945090547204
3016.8264158070087
1922.059517212212
2539.784767769277
-2549.7151609882712
713.9484711661935
3525.9061248600483
2205.899071328342
3017.9761381819844
-2900.948548130691
798.0982683449984
2448.3247369751334
1755.4296149387956
2110.335840821266
-949.8727554604411
961.6123246029019
2264.2419442608953
1557.9673541486263
1952.1825973317027
-1066.7654165029526
796.1131913512945
2212.6249512806535
1515.1712758168578
1888.9366010129452
-1113.0421577990055
774.309401191771
2502.393799878657
1815.4608129262924
2199.3793813735247
-837.8344233781099
1062.518275141716
2242.412452533841
1534.6220384910703
1912.4104258939624
-1040.747787475586
792.1712450906634
3271.049444451928
2163.3468554764986
2854.834047205746
-2573.2733141183853
808.7528566792607
3367.7037976011634
2104.633432455361
2910.5965912491083
-3017.6603852435946
760.8260825052857
2725.7513299807906
1751.8753086477518
2390.6164594963193
-2283.9520336836576
642.7716983035207
3013.3958019316196
1961.3593804463744
2631.8672766387463
-2453.7689360156655
750.5568231269717
2203.252894587815
1623.1182102411985
1948.4077776744962
-702.345577262342
940.3605545908213
1017.7138940095901
688.232588544488
853.84680249542
-506.87724716961384
357.5724705532193
735.4645344540477
478.54254887253046
593.22311642766
-502.06912261992693
221.40895760059357
2301.616421699524
1604.6188579201698
1959.6779975891113
-967.25086414814
865.0521332249045
3231.7655121833086
2045.3746846169233
2813.013082742691
-2866.8077457025647
722.1203756481409
3267.5591582730412
2258.5010582581162
2823.7694388255477
-1400.5125896632671
1185.0503823384643
2031.7121906653047
1412.451135277748
1718.3878466933966
-1019.3838597759604
716.686057433486
2744.749672628939
1901.3559029623866
2368.8607172444463
-1205.2678467780352
984.9960821643472
2688.5283177644014
1816.3748098537326
2254.0298841372132
-1378.3085945025086
912.7578245848417
3444.3400475904346
2153.481651701033
2944.5735126286745
-2876.6633388772607
800.4355165883899
2105.52496445179
1498.4200514778495
1802.8558956682682
-939.393344797194
787.0412523970008
2482.7302152216434
1592.5657687783241
2161.6264174878597
-2166.8787175789475
570.1228916123509
