1570.6373042166233
2082.8219284415245
-985.668175727129
-359.8789386600256
1991.415086120367
47133.45654657483
83632.60058869794
-626053.8891491145
143251.22374935448
16804.110360234976
953.1439204365015
2541.528120458126
-814.4204830527306
-158.51865015923977
1777.9562982544303
1076.357810743153
2297.823082908988
-1238.173955142498
123.49726036936045
1672.2626580148935
1373.0949677750468
2227.043009504676
-575.8163833543658
-64.00392161309719
1648.72817658633
1386.6627558097243
1945.3434165343642
-913.7372003793716
-20.077716514468193
1860.7723823785782
556.3806489109993
1694.0710929222405
-1053.297092139721
-171.01713585853577
1293.178771391511
1739.1138726323843
2893.1660270392895
-135.01846960932016
688.1484204828739
2235.3839443549514
1140.8169074580073
2277.134697970003
-1575.1937410533428
-375.87448604404926
1679.1645492762327
42785.92804531753
84882.45953217149
-629768.6955261081
134980.9487354681
12655.457274962217
2118.9637169763446
2688.124312993139
-297.2384768500924
242.21252907067537
2311.030428044498
54890.06315907091
91855.57700005174
-608358.610579133
154784.35179287195
10939.742140725255
1042.88524941355
1912.6936409547925
988.7878538668156
216.2046988159418
1444.7083280086517
1543.1630904003978
2442.3324710167944
-758.9815965890884
434.37241324037313
1949.8028324767947
422.28764639794827
1320.7804871201515
106.46541655808687
38.06917438656092
1017.7736483365297
1550.1170417293906
2845.093981616199
2110.8865538686514
832.6384764164686
2130.794066645205
280.91881288588047
1107.341593515128
-566.0670235529542
-814.8296373561025
750.7479654438794
3186.7218879163265
8557.596922766417
18466.34260956943
7933.637851662934
2541.8950406983495
54852.83168692142
88806.79689718038
-625153.2726198435
153764.8077436611
18232.058273192495
3346.951501213014
4118.310175839812
5019.1115769818425
907.9469039067626
3557.848180502653
559.744103781879
1295.3086313940585
-141.64375603199005
-1117.4626469537616
875.9111985266209
767.2855034470558
2504.5240261927247
1766.629201836884
598.9027079343796
1198.7591998130083
1047.8912965506315
3681.5810482017696
3767.386889897287
985.8234696388245
1852.099950760603
1441.2866093367338
2589.801033101976
201.01630909740925
-400.57916463166475
2260.0191977471113
1523.134413369
2856.051636479795
-515.171019397676
98.76420806348324
2107.5999753028154
663.1686920523643
1648.4705971255898
-846.9997517466545
-90.35351983457804
1235.7050849683583
709.7958453819156
2081.547904957086
796.4928141906857
244.98538394272327
1023.4529381841421
1343.7482679858804
2463.431856509298
938.2509229555726
280.42293779551983
2067.537192992866
1122.222090125084
2100.7106628902256
-896.4375195428729
-24.36617222428322
1560.6263988241553
921.5416672080755
2032.4411827810109
-31.558175392448902
134.8813433125615
1385.9059234261513
842.9788596108556
2169.5167341716588
71.6573549285531
474.1944562494755
1545.225684672594
1255.5599117279053
1571.672973588109
-1093.184745527804
-454.5173305571079
1896.6509320884943
1572.7477649524808
2800.9503917247057
-1061.5145164877176
471.46070417016745
2228.2687012404203
921.8836158663034
2263.6152908951044
-1538.044424943626
-227.2020458728075
1758.026425510645
286.41893673688173
2349.1109202951193
-733.2052461951971
-956.698111154139
1522.0267506279051
1429.6810425519943
3193.347202438861
2223.3024710193276
1031.570958390832
2255.806091040373
1829.335248671472
3228.349707774818
1190.872027143836
980.552787579596
2130.6640335693955
1422.0014311000705
2044.8551951646805
1399.3164095655084
379.55356707423925
1732.5609503164887
1162.5348854213953
5407.741309151053
4880.829591795802
2561.2320846691728
2240.8294375538826
1713.5946385785937
6166.446612279862
6322.762694552541
2977.4702669754624
1895.8254099562764
4970.801725000143
9338.826198086143
13037.890704192221
7409.58301641047
5441.536052674055
1369.495125129819
2313.6857305653393
35.71773122251034
347.73425985872746
1617.1491000130773
1077.6458073332906
2325.6500426866114
-1267.4115683361888
-288.1745283380151
1734.7223848253489
49895.91918517649
78712.01163917035
-609313.646393247
143399.18967670947
7106.072012662888
751.0467373356223
2544.8424173779786
1421.0255523994565
312.13463228195906
1195.6916800513864
1349.6255265250802
2988.0079697668552
1424.376153446734
1159.1880289390683
1925.458067253232
47642.307879038155
79957.83393350616
-609540.3600048274
149400.68929141015
12169.776012089103
748.7114987671375
2081.249704487622
589.3272511810064
337.0971043482423
1320.4110490381718
1574.7706815898418
3668.6346251517534
4036.2043116167188
2556.7164361029863
2774.2776416391134
837.0795699581504
2066.6366711109877
-73.79992064088583
-85.20192646235228
1436.0555627122521
1161.304227463901
2203.0064167901874
-826.9533163532615
-200.80308905243874
1530.231734957546
1903.5993589162827
5083.602371715009
7013.119472563267
2671.9494192898273
2115.9657199010253
1520.817475065589
4024.166720829904
6490.653477817774
1743.4987402707338
2456.7988638952374
1370.4132379367948
2691.234729923308
-530.6297822743654
553.2423633933067
2121.4102225340903
952.9515127167106
1340.1702566444874
-1755.4479767754674
-230.2425905689597
1477.3877807706594
1821.3008570671082
2504.0952438786626
-872.4038442969322
263.0207526534796
2189.3640651479363
582.6288067623973
1439.012070287019
-1659.5866282433271
-828.3232626989484
1053.6158069595695
3168.8989338204265
15100.36544932425
20506.196314118803
10067.062743790448
4618.904167495668
46992.11589978635
74144.5286927037
-610213.2050928697
135137.30407513678
10640.596946403384
52402.30403793603
81084.27545661479
-606577.7567207515
145173.63168440014
9735.754412647337
1234.4088464081287
1906.531667523086
-928.2714441865683
243.4154655188322
1774.1529315114021
755.2188128009439
2233.9893481247127
88.33410832285881
-23.966554045677185
1393.6071903519332
948.7810446545482
2082.470559798181
421.2437505275011
-102.06230037659407
1711.9179690256715
893.9996260255575
1638.8867889977992
-724.9605977237225
-583.9890945404768
1010.0501114204526
49418.005917049944
80440.4278063029
-607486.366452828
152727.86766210198
11274.044397614896
708.1061148941517
1480.8666717000306
-874.0179429277778
-716.2245730832219
1222.6079243421555
54792.12908614427
78482.63707905263
-617942.7373434454
143018.19254174829
13747.036761198193
508.36510192602873
1086.8736361078918
-1035.2830818295479
-577.7506426647305
956.3683061525226
380.073543548584
1456.5601449348032
-170.24719891697168
-273.0065486803651
978.306410189718
956.6198740452528
2473.449963644147
-1251.9017278254032
115.67591754347086
1649.5025872215629
1148.4940692707896
2339.1568845659494
-916.003760188818
382.89997044205666
1689.9922325536609
1237.6780377477407
2332.8773474022746
-122.06133891642094
134.93087920546532
1628.4558106809855
874.9563926681876
2146.2270632982254
-1278.773143723607
-572.7868886142969
1614.380807429552
1451.0441534742713
2901.267805226147
454.295165322721
747.4668879434466
1941.9360397309065
936.1432727351785
2898.431405622512
2524.5074288621545
1356.6217864751816
1621.5882031992078
267.69188064336777
844.2196104042232
-1466.4080073833466
-708.0488692447543
1136.6841029971838
994.5613578334451
1576.0743983983994
-705.4152712672949
-588.6627549082041
1362.3539020195603
373.32142569869757
1219.964074037969
-711.5303828641772
-779.8155794516206
825.0703736320138
1549.893696717918
6831.02829765901
4192.058592863381
2839.7053521573544
3000.4798533022404
1448.9388278871775
2865.228026635945
530.0240722745657
926.571843765676
2002.7396881692111
1046.5350137129426
2665.6906420215964
2191.7954507768154
780.7956566512585
1362.3598302155733
48600.570830471814
90852.12637754902
-621850.0808590055
157161.6591385156
16509.930929139256
1186.5045187994838
2805.0104464031756
845.3317269682884
838.989390052855
1667.1663227677345
-139.05496845394373
84.21978450939059
-2003.7828529179096
-1217.4443521499634
225.6615978218615
1784.9289576783776
2684.1999656669796
-1338.5318568348885
36.02838088572025
2230.361049503088
936.8620147407055
1233.3926221057773
-3098.3254081383348
-1454.7437658458948
1708.8101061806083
2827.4326217770576
5613.384865984321
4853.31054430455
2390.3618594929576
2555.7322435081005
1471.4058483019471
2168.6670900136232
212.84367760270834
346.1111615598202
1692.443582817912
1317.9253085404634
2266.201678238809
-110.38763573765755
68.28874801844358
1835.5513789579272
1320.135767571628
2434.257538471371
82.00481352210045
603.1209430769086
2051.9484625011683
1170.912901431322
3081.111449852586
1372.6452134773135
1052.5844065397978
1986.5061967298388
992.1770282834768
1915.3831165581942
960.7379877641797
70.59197245538235
1552.2942623496056
1481.8738674372435
2509.9649628549814
-1787.3138486593962
30.911882057785988
2177.6527289822698
9867.96192265302
12337.13086272031
2355.4488052874804
3400.8209212496877
10303.191223271191
1152.9375188574195
3505.2316598296165
194.7972439751029
1237.7511138021946
2352.8282815627754
747.8062509745359
1478.5081428028643
-809.6175850108266
-825.2413785979152
1335.5708586722612
882.7755014002323
1911.4209380224347
-691.3786293044686
-70.8347257077694
1308.200062468648
1072.3117816522717
2085.038385346532
716.7183366492391
85.4738459289074
1463.6742292307317
988.7287824973464
1750.798455491662
-525.8208432048559
132.50189349800348
1738.7340343743563
1388.529304638505
2742.678121495992
999.039209112525
796.7248304113746
1985.0369543135166
