1333.543414004147
2444.74268835783
-2106.9235753640532
-119.24253562837839
2005.9811461493373
229.64108047634363
1248.3930877707899
-320.858416184783
-554.0753061547875
683.0488288588822
309.53243884444237
1365.3561472147703
-483.7616890668869
-483.1570569872856
705.915743894875
174.1518217548728
1153.5038933716714
-2969.126980178058
-1858.59619718045
982.1210855841637
191.23647247254848
1244.8278718441725
-415.4574595242739
-576.1984716951847
633.9564240388572
279.87160624563694
1342.5456680767238
-174.9146102666855
-415.64810747653246
627.0058386959136
4847.821354024112
12814.85114647448
24035.9797250852
9671.652591876686
4535.490140609443
774.605248503387
2018.104279346764
-1352.189471513033
-117.70340441167355
1510.913668975234
2023.872402511537
3183.885615784675
997.5179793313146
384.88297802209854
2590.873166203499
92.85740748792887
1049.0553971454501
-733.7822030261159
-692.7452409118414
528.5901718400419
-93.23048005253077
689.1478946693242
-41.74782709032297
-934.924611158669
336.8824290409684
188.40621550381184
1344.0396616831422
44.86635962873697
-382.2394075617194
574.2673028372228
280.4363155514002
1441.4096411429346
243.3307767957449
-197.50138901174068
627.4078803956509
212.70681542903185
1258.5453044474125
-351.11551566421986
-550.1427209675312
655.2707400843501
230.79709330946207
1310.585122577846
-2006.8602953478694
-992.9471112415195
967.5899197012186
739.551324903965
2331.938201531768
543.0949073731899
14.641772955656052
1316.9251149073243
-1159.7984568029642
1539.4854741059244
-138.09497141838074
-783.6304043084383
339.6991065442562
3009.1138421967626
10152.96678546071
15269.431027464569
6550.2139445617795
5590.0807515233755
23831.764227353036
69863.06037384272
-628969.1105032861
122610.73553089797
-744.4792973510921
948.1098185405135
1613.6973381265998
-1009.7440161108971
-979.1034779623151
1447.01121391356
23816.077883139253
69839.54670519754
-628973.4164810851
122604.97776038945
-749.0133205652237
797.3028831481934
1718.247455097735
-1894.7036658227444
-914.1858170181513
1617.1953226476908
336.5112488716841
2055.575759269297
1125.4409690871835
24.644465029239655
848.459800183773
95.00107336044312
1499.5277218967676
-479.2820231318474
-598.9873110279441
1045.7025356590748
447.4269388318062
857.0820467919111
-2493.2396804094315
-1021.8510618284345
1034.7252852544188
42261.71724770218
79240.88236485794
-602258.1726086885
146658.64991954714
4782.808505695313
245.87406615167856
1351.297579832375
-456.11905478686094
-457.8259316831827
826.963686324656
-1107.4620033055544
101.08493718877435
-704.9398551434278
-1881.23740516603
-450.5034755989909
1345.0063563212752
2556.1616731248796
376.0552840977907
325.99455004930496
1781.1549380794168
-900.3834444731474
250.0131368637085
-425.4992791339755
-1754.3766032233834
-294.2217022180557
1183.7579725384712
2279.6380561701953
279.05716409534216
106.7215447127819
1713.009837321937
196.89399267733097
1146.7672792039812
-697.7679240852594
-671.1195503994823
650.9966812133789
1198.811166703701
3163.180478543043
2248.028123214841
834.2178690806031
1649.6003691330552
1818.3263331204653
3442.75401930511
8251.242485716939
1766.1985679268837
1845.8888748250902
233.62768653035164
1143.9841499589384
-577.2056562304497
-629.9255813211203
684.9701209142804
1192.9956062063575
1972.0666683278978
-1055.9686840996146
66.77650582045317
1678.393709860742
1108.401411369443
4311.485342748463
7847.78619479388
2535.9257906600833
1112.3573251366615
229.15366489440203
1365.4007648825645
29.72022122889757
-443.6108058169484
667.1938639841974
31.097316712141037
854.1357213370502
-517.4823376461864
-631.876047693193
548.1302140168846
1143.8781692385674
2069.420075263828
-1427.6775841638446
-182.99942947924137
1764.2275315150619
-748.0376352444291
277.93527890369296
-115.83310665935278
-1499.5423696190119
-297.56578547134995
1427.0688387975097
2075.939639054239
-750.1804653853178
-106.1790077239275
1898.0347404666245
4653.8324290663
5341.852535326034
3139.4285994917154
1874.1665390580893
4639.738624822348
1206.0085234940052
2322.374461237341
-294.65968157351017
264.52916641533375
1782.4755543768406
303.9101835489273
1743.4923207983375
940.0963581949472
-112.77319964766502
631.032354965806
-237.18345876783133
2892.5143211893737
3571.6797029301524
846.1861618459225
795.110954914242
-594.6901710852981
454.0996965765953
160.05202532559633
-1169.544615343213
-317.5572699531913
49827.52694505453
81982.07176002115
-612535.4183524698
146749.98090466857
10688.112722806633
492.01515866816044
1816.9013621732593
-1854.050201036036
-769.6136460974813
1210.1944251209497
236.0091232433915
1761.0305121913552
1130.0861677005887
82.39240377396345
1019.3560966029763
377.7308776676655
1731.494633514434
-1349.0009506046772
-296.3863353729248
1291.2267540618777
731.1606914699078
2008.1523770801723
-1773.441432081163
-315.97979145497084
1557.7348023876548
3164.7420232445
3497.734834752977
1459.0801875516772
539.174918025732
3454.725922115147
1811.0135139748454
3235.734331637621
801.4855468347669
598.5724801719189
2301.9290345460176
771.2596085295081
1296.9057551547885
-1995.6052074432373
-1408.8256141021848
1422.4283114001155
1423.9132709801197
2290.640411887318
-747.4960182383657
362.5247764438391
1959.201976068318
954.6605370789766
1508.7408382482827
-1479.9969772398472
-549.5529014766216
1540.8115307614207
611.6076785698533
1925.0165965110064
-636.7848261967301
268.4177451506257
1416.3511008992791
75.42735646665096
1246.8473930433393
-238.7688817679882
-495.7271613255143
565.48978106305
1446.3137565031648
2503.0642367973924
-288.39416132867336
4.984871901571751
1812.2178504914045
97.50184416770935
1125.353830806911
-776.5020554214716
-312.3233621940017
787.2269441373646
274.1110975369811
1322.7815994918346
-265.5999484062195
-414.0615978911519
675.2869136184454
1046.7942451834679
2071.1847128532827
-254.24316330999136
195.30123624950647
1737.1819806918502
1220.58716712147
2514.0195338502526
84.16039992123842
-20.728106074035168
1693.736545883119
453.6897228807211
1418.43507469818
336.17221511900425
-342.627596758306
805.9468281976879
-6849.213951431215
7999.167651049793
9296.7251329422
1966.0921464562416
912.3932719230652
74.45461696386337
1052.0468722432852
-752.9510414451361
-691.503791667521
527.8128365650773
-112.28967417776585
864.9640902727842
-790.6372530683875
-1090.6916435956955
480.37379944324493
236.40644642710686
1418.442562725395
107.78397587686777
-405.8163697719574
687.0354404859245
21042.107667446136
62604.75594829023
-623345.5270075575
116679.18059683591
-7220.872376639396
1472.49287879467
3549.7091187760234
909.6047751754522
867.1734593734145
1878.6179074570537
1259.4480706304312
2252.690405063331
-514.0927861854434
364.75502952188253
1773.0190580636263
97.71722097694874
1254.1586118899286
-141.2067053541541
-488.50211461633444
545.6346394792199
49820.87196473777
83795.96266609803
-609006.036381036
150717.0725151077
12798.61360828951
443.7337439805269
1629.7300792448223
617.5352876707911
-136.28399677574635
788.7982238195837
534.8252001553774
1271.0410963892937
-898.8045230582356
-630.359912507236
1286.1483510658145
2135.207491301
11035.92926857248
20852.74456373602
7828.956888109446
4680.077532239258
851.279304921627
2017.5063142701983
-324.1291926652193
132.14792645722628
1457.2953622490168
194.64836046099663
1395.305970981717
101.36563466489315
-427.8923768028617
647.0679610297084
615.8406522125006
1856.172146357596
954.3662181273103
68.001997590065
853.0924920290709
1106.7158939018846
2708.355387222022
-360.85556825995445
110.08243788778782
1828.8329239562154
2083.7921766266227
7357.856210496277
16001.599827624857
5640.824068963528
2117.0726066604257
-149.69844212383032
782.2370007522404
-230.13395787030458
-656.1679437085986
533.926139190793
275.8969781920314
1253.0660373419523
-471.631937302649
-597.7018422782421
647.7473885640502
1887.1093860119581
2631.262326940894
-1768.6818186566234
124.56906978785992
2345.0391820296645
175.90232279896736
1184.4458513967693
-363.25553227216005
-560.5230412855744
632.867535457015
-90.13140761852264
2258.850155029446
-231.14157866686583
-289.89493937045336
755.3688377141953
408.00780568271875
1253.243272755295
-1897.8328360691667
-1093.337218299508
1012.8501291573048
617.1851039081812
1210.7936515584588
-1341.7003822103143
-1133.0628767833114
1151.3583882153034
1250.8266942352057
2000.010947972536
-1644.8033540025353
-600.5195568725467
1763.6638801172376
-5.582989305257797
1540.4591018371284
-761.8720137998462
-295.140708334744
724.431322209537
-196.0186505317688
623.4370103105903
-1014.6222921088338
-1017.1056711301208
269.6056942306459
919.3533794358373
2241.532109607011
-821.4377977028489
196.13045689463615
1878.1429725512862
1103.2650403603911
2729.882999882102
-892.766039647162
-40.673849657177925
1780.8477310538292
348.64505237340927
607.2024514824152
-2522.5957624018192
-1881.2763068825006
867.5823692455888
267.2881025746465
1301.4240629449487
8.827664963901043
-698.5437800437212
740.4220540113747
397.1042373031378
1205.533876966685
-441.4455335661769
-457.99176828563213
734.2131395637989
266.7370719537139
1418.045679219067
274.8248720988631
-304.1305950433016
766.9016114212573
487.46161083877087
1634.47440270707
167.12328197807074
-213.994711458683
822.7484209463
969.0235774964094
1833.8909711427987
-118.10640765726566
-518.8308763131499
1466.4078257083893
