412.0
234.0
414.0
383.0
419.0
403.0
417.0
378.0
419.0
319.0
363.0
245.0
419.0
375.0
419.0
428.0
396.0
423.0
325.0
423.0
422.0
428.0
412.0
371.0
420.0
413.0
411.0
410.0
401.0
420.0
400.0
392.0
409.0
410.0
421.0
417.0
400.0
413.0
418.0
396.0
376.0
424.0
359.0
370.0
425.0
407.0
381.0
405.0
406.0
416.0
428.0
430.0
426.0
272.0
119.0
402.0
397.0
427.0
358.0
380.0
386.0
418.0
422.0
422.0
383.0
401.0
327.0
410.0
425.0
420.0
344.0
412.0
414.0
417.0
419.0
417.0
427.0
423.0
402.0
424.0
428.0
263.0
427.0
39.0
257.0
284.0
355.0
423.0
427.0
385.0
419.0
417.0
406.0
420.0
407.0
395.0
403.0
423.0
372.0
418.0
