463.0
630.0
454.0
701.0
460.0
422.0
378.0
392.0
469.0
384.0
486.0
496.0
496.0
445.0
440.0
461.0
488.0
429.0
479.0
696.0
454.0
483.0
423.0
447.0
666.0
458.0
682.0
419.0
461.0
470.0
467.0
485.0
454.0
456.0
677.0
431.0
421.0
429.0
494.0
423.0
499.0
452.0
459.0
671.0
490.0
445.0
456.0
433.0
468.0
469.0
761.0
436.0
466.0
475.0
376.0
448.0
495.0
492.0
468.0
656.0
479.0
448.0
462.0
483.0
740.0
481.0
605.0
723.0
432.0
488.0
435.0
494.0
422.0
425.0
400.0
393.0
662.0
458.0
733.0
598.0
470.0
484.0
491.0
498.0
447.0
483.0
489.0
432.0
467.0
463.0
645.0
445.0
495.0
463.0
485.0
668.0
489.0
436.0
495.0
677.0
