127.0
111.0
110.0
177.0
144.0
125.0
123.0
76.0
134.0
144.0
124.0
136.0
108.0
126.0
135.0
94.0
147.0
126.0
180.0
158.0
189.0
145.0
123.0
136.0
127.0
130.0
137.0
155.0
120.0
183.0
119.0
149.0
166.0
156.0
179.0
146.0
151.0
106.0
76.0
132.0
137.0
291.0
178.0
153.0
151.0
82.0
146.0
73.0
115.0
118.0
151.0
77.0
48.0
143.0
90.0
139.0
108.0
129.0
108.0
171.0
101.0
111.0
142.0
120.0
121.0
152.0
153.0
178.0
109.0
150.0
119.0
96.0
174.0
148.0
94.0
137.0
122.0
122.0
150.0
123.0
136.0
146.0
139.0
155.0
140.0
129.0
149.0
108.0
153.0
76.0
190.0
180.0
112.0
102.0
86.0
155.0
155.0
111.0
145.0
135.0
