2301.8273098245263
9199.899431183934
3169.5065848119557
4330.977552674711
5759.281141478568
3185.168277449906
13627.124971345067
4625.792982334271
5999.715635553002
8539.891707185656
2056.684172965586
9053.59603305161
3022.2374245757237
3878.0986883230507
5637.200680486858
3305.78411719203
13718.651598006487
4726.3717026636
6239.923653226346
8611.09263035655
1866.6458957120776
8983.194472134113
2979.870241275057
3704.5241142623127
5562.607965279371
2052.1349365375936
9047.295799076557
3045.139532258734
3990.468807928264
5642.171218093485
1799.8044333197176
8975.516809925437
2917.043906379491
3664.608646001667
5504.76728098467
1450.64173014462
8792.960951894522
2771.3825769154355
3290.5856940560043
5314.969109751284
1846.9344940036535
8997.419998630881
2952.896980861202
3828.860473074019
5548.609779834747
1717.9823865741491
8898.564496517181
2880.8423503208905
3552.0242498219013
5473.772275581956
1763.417195737362
8971.615357160568
2956.093890685588
3638.4502504207194
5548.090059705079
2149.435880381614
9101.847794041038
3086.1319198543206
4114.174655936658
5699.152150541544
2105.679214440286
9078.877482652664
3066.7758102659136
4048.869946409017
5635.336643557996
1751.1923774927855
8952.709437638521
2943.779819706455
3635.9628598727286
5531.637309256941
2078.027586080134
9032.888388127089
3058.7441304121166
4044.8765395917
5638.660081125796
2126.5388488695025
9093.642501831055
3071.840150894597
4087.5005278512836
5681.503609746695
2164.162149474025
9124.169242218137
3124.530610943213
4135.376104973257
5723.959531418979
2066.904001619667
9036.18229329586
3064.302039699629
3958.3483672216535
5631.401170045137
1790.6922380141914
8976.701030120254
2949.518839135766
3615.0046634599566
5568.346133716404
3259.9621956683695
13667.430264517665
4644.636624015868
6194.685787010938
8541.977375108749
2127.518788713962
9106.276366904378
3114.7648349748924
4041.5994897447526
5712.6169838532805
1946.0479011572897
9058.503594994545
3014.5386742921546
3846.622018750757
5629.506944935769
1629.7051443010569
8934.697113707662
2905.108909584582
3513.740213532001
5509.2985623553395
1796.8241843692958
8975.218492269516
2946.7798692081124
3649.2896092906594
5563.839279402047
3132.1813579387963
13602.397870898247
4585.493567538448
5970.811389379203
8492.206999242306
2151.6808809936047
9099.784591719508
3111.4837056435645
4146.240192633122
5690.110264278948
3082.922953777015
13607.112112805247
4592.398292034864
5958.0976288840175
8493.023598160595
1930.014525078237
8993.697649315
2984.3320381026715
3794.1597498059273
5564.450672030449
1964.659093171358
8994.484764158726
3000.8646666519344
3935.527173578739
5573.8838780634105
2066.3062445372343
9063.455173045397
3069.057216828689
3987.3647008910775
5661.754142358899
2158.251993935555
9083.87502874434
3089.82117728889
4031.357171971351
5687.342749822885
2118.7303212732077
9103.491384774446
3112.32220681943
4076.9427241943777
5683.492748320103
1924.9902833588421
9008.570180535316
3011.580171307549
3852.431600473821
5584.636681109667
2182.2545208334923
9122.562425553799
3104.4529572036117
4137.459950752556
5716.918680660427
3282.95117290318
13677.5141325742
4659.291250491515
6154.833831537515
8573.064758259803
1769.5966821424663
8968.49146926403
2938.668676628731
3614.441043071449
5569.072713978589
1931.0796727836132
9032.779271736741
3017.7336351126432
3856.2466703280807
5593.317411582917
1706.376527722925
8879.75016221404
2891.2015481991693
3553.744233548641
5486.22175064683
2135.7560208663344
9082.7299952209
3110.5409733001143
4115.436260141432
5693.719012323767
1707.9494176283479
8911.883548468351
2888.95443187654
3538.38596233353
5466.351355843246
1935.9130524881184
9029.207479029894
3002.907212652266
3866.328701686114
5608.184486500919
2044.9712385982275
9032.48120072484
3021.3115394338965
3947.19593674317
5621.221130207181
1981.5857856310904
9052.033467963338
3024.419954288751
3855.001429386437
5616.139484241605
3403.7107516787946
13750.217112645507
4756.173226116225
6355.171618953347
8648.28235065937
1942.9067068323493
9002.109586536884
3017.9952661059797
3848.922559391707
5603.577061325312
2083.927563238889
9096.75507798791
3079.5860148854554
3977.411940701306
5682.549893233925
1925.4439841099083
8996.893796563148
2994.0496945008636
3853.5995478741825
5565.7447685189545
1850.4457985572517
8969.795853435993
2944.6488298857585
3662.7716165296733
5521.204757541418
1768.4943974725902
8929.729627013206
2938.091201685369
3674.604605194181
5499.631546400487
1931.3911369554698
8987.217229306698
2989.278798541054
3764.1529839113355
5583.845446228981
3321.1235114447773
13697.759932816029
4734.4391739126295
6247.484735772014
8648.296171456575
1714.8462982848287
8898.921373203397
2891.001196945086
3573.100042052567
5492.24776250124
2067.099563151598
9070.199372664094
3053.737964976579
4013.8566239736974
5646.7164691872895
2157.5887960121036
9119.129076629877
3102.809057287872
4068.19521278888
5715.5359501726925
1839.448787972331
8970.932286068797
2947.796129805967
3762.8840836323798
5538.513519659638
2014.2411836497486
9036.843369320035
3045.582676788792
3925.7951717711985
5647.262627270073
2012.3672663383186
9058.50604556501
3057.2709646448493
3955.0806049853563
5658.766583222896
2040.5281615257263
9045.860030606389
3045.868167027831
3978.2931196168065
5625.776531584561
1837.7957032322884
8960.789625883102
2956.002008717507
3735.4572408646345
5543.433829057962
3274.796356931329
13643.442679166794
4682.036782056093
6160.056821078062
8562.911401554942
2049.9444135688245
9074.461260259151
3065.8140014251694
3964.62758436054
5657.531882993877
2227.7859530076385
9136.9247302562
3144.5114128664136
4120.0720457956195
5750.513497296721
2024.4650571644306
9088.018386259675
3040.001308804378
3914.5320630669594
5660.348611790687
1941.1811157986522
9042.031068876386
3016.846977312118
3841.917261660099
5633.316860962659
3047.0352396816015
13553.114121749997
4556.037313562818
5908.436613228172
8485.406612437218
2129.3738076128066
9132.735932394862
3124.753654086031
4041.8999547995627
5719.317313835025
3041.203841596842
13587.935722962022
4561.992027937435
5814.892447974533
8462.329707894474
3055.444754190743
13550.798041403294
4555.896173177287
5874.676439803094
8447.688088592142
2065.292633574456
9075.261850595474
3049.8666536919773
4005.209073599428
5652.924889234826
2061.6447781547904
9106.878764227033
3074.6449648505077
4005.159462057054
5672.329765606672
2079.553528573364
9053.859539180994
3050.627779269591
4012.2987129166722
5639.94435814023
2280.943557333201
9169.573088660836
3166.992592317052
4243.079416103661
5752.6822953522205
1782.5875289961696
8955.900081023574
2929.102114940062
3634.0055900365114
5503.251460924745
1901.2066980302334
9040.493394434452
2999.561247373
3745.195828381926
5577.504216577858
1810.591298084706
8983.663039192557
2931.4135129805654
3679.623562540859
5515.026637222618
1861.698105018586
8996.755324587226
2969.1699371384457
3741.856260139495
5541.350784797221
3313.429287903011
13756.589252576232
4701.876634432003
6242.118930369616
8656.746394913644
1943.4587314799428
9038.412511512637
3024.522361968644
3833.6531755179167
5614.584461167455
3187.1193712577224
13646.352615967393
4629.810661432333
6082.818860445172
8574.414205409586
3228.824898034334
13690.17063421011
4666.610331124626
6109.614881243557
8571.033224582672
2045.1198581531644
9044.222518727183
3019.277761882171
3946.5412727333605
5610.448944997042
2075.777686499059
9071.026679039001
3061.539464723319
3971.740830052644
5657.480905123055
2044.1290046945214
9026.147375941277
3038.1584149189293
3947.4706476554275
5625.201865520328
1785.8399691842496
8926.991082042456
2905.803986940533
3662.3634508401155
5507.34039664641
2101.620724644512
9120.923453971744
3104.05056816712
4072.1680195368826
5692.868948981166
2219.0701743997633
9130.99611915648
3130.35786553286
4181.949667915702
5722.380503732711
2147.6596884205937
9168.977590292692
3146.3559144781902
4044.991075795144
5747.617511823773
1778.0314232297242
8935.713499605656
2910.9499837514013
3596.6407934576273
5496.9382652156055
1746.1205667890608
8901.770987004042
2910.726709323004
3616.1324384883046
5478.492650236934
1931.3033496141434
8975.734373271465
2988.583203922957
3829.702570475638
5577.754676938057
3161.704492136836
13618.223234936595
4620.648369412869
6029.334312833846
8524.309400567785
2120.361614000052
9142.231650575995
3095.35918899253
4069.8108372837305
5711.434451181442
2076.327381249517
9102.17054104805
3076.849526626058
3982.178175896406
5672.918957538903
1697.5735070593655
8928.815581813455
2872.9904229184613
3566.1717170253396
5478.187820067629
1972.6378048956394
9072.036004215479
3040.722300235182
3879.087026424706
5651.260946385562
3210.1307445690036
13695.293678566813
4648.54593613185
6120.471220511943
8580.465217230842
1962.6972199045122
9012.667872488499
3026.943978961557
3926.9511273168027
5614.986423805356
1915.7020936086774
9000.755546346307
2996.954089604318
3803.424911491573
5563.93064000085
2303.393418110907
9127.90670645237
3141.765088610351
4269.123835135251
5764.372120920569
3298.42941858992
13702.205579429865
4671.603749798611
6208.3224792853
8556.056113623083
