184.99269995838404
4225.731931969523
1129.9048904813826
990.8659199997783
2378.813262682408
16.668735094368458
4160.088646546006
1083.602364230901
841.538606826216
2331.609608018771
178.7104242183268
4194.698695838451
1115.5074728317559
1020.8368998467922
2352.122983565554
268.05551504716277
4253.6686897575855
1171.1815450331196
1062.9998114854097
2439.14438277483
193.06954591348767
4189.426486596465
1126.2198402108625
1032.034623362124
2355.0904058143497
156.4214707314968
4200.706485271454
1125.1945065185428
971.852507289499
2373.438756234944
94.47077565267682
4164.167505979538
1091.445834878832
904.6400848962367
2324.635238517076
-34.4643534719944
4131.482630625367
1056.9575603604317
787.4582001194358
2285.7847571969032
232.31885250657797
4228.983318850398
1155.4700136780739
1034.6598135232925
2405.931240800768
145.7920334711671
4187.050053909421
1112.2090989798307
941.7973704896867
2360.4769523888826
181.16956607997417
4238.123442173004
1135.5297430753708
1006.4294398576021
2399.496911354363
166.3762130588293
4174.956560462713
1108.2158058229834
991.0937099568546
2340.151847690344
109.33555305376649
4177.046397745609
1093.2991151902825
964.5446107946336
2321.2259786315262
180.91142043098807
4191.874606072903
1118.270154277794
1013.2136563882232
2351.912632180378
177.57821200042963
4195.147953346372
1117.2162112547085
1042.9600799195468
2347.2786193415523
-13.371869042515755
4146.7575951218605
1054.4224293371662
816.1730789765716
2283.27542334795
209.20883519575
4239.17416754365
1148.4993562232703
1011.1709922514856
2403.8322240374982
84.673933532089
4165.656065762043
1091.594423474744
897.9511115923524
2335.4075366072357
268.598977137357
4260.021310776472
1168.728394081816
1083.3997688628733
2431.4251297973096
94.5536481179297
4138.651905924082
1073.9386322284117
876.5524758659303
2311.538020592183
309.2249439433217
4264.007673680782
1190.1091228052974
1090.7402430474758
2445.535680115223
223.54319725558162
4238.855388045311
1156.9110394231975
1034.3022903986275
2414.231040839106
133.60650830343366
4211.47847174108
1128.5571143096313
939.4251974821091
2380.17811755836
230.27363457158208
4244.559084966779
1157.5504397004843
1070.6201852746308
2391.8985931389034
155.57829577475786
4186.306801274419
1107.4758239677176
1002.6293040551245
2338.65596178174
127.93498698994517
4184.891342714429
1107.1968528088182
930.5271164141595
2352.4178769290447
184.8863127231598
4215.026120394468
1140.38199336268
998.0902088731527
2389.7712805084884
216.39205192774534
4203.260568976402
1134.7618887675926
1013.7543641403317
2381.912368565798
115.42244758456945
4184.961004301906
1107.476015003398
938.2062491066754
2350.4582467377186
321.0721045844257
4256.789891898632
1198.8952709119767
1127.4544717259705
2440.3954502493143
78.36844554916024
4138.235702216625
1061.89201090578
860.6242431253195
2310.9792690873146
107.72656265646219
4165.969899117947
1099.7717903088778
898.3122546710074
2348.5144928880036
316.97364527732134
4234.9203112870455
1166.7957708099857
1144.3432310558856
2410.209411263466
261.76027408987284
4212.407934576273
1144.9680234240368
1082.6359748281538
2381.469908542931
207.24692863970995
4207.540826037526
1145.2151712700725
1031.2813271395862
2393.2630401067436
196.90957156568766
4213.648155167699
1134.7584277559072
997.3300855718553
2388.8848010338843
311.69122387468815
4263.2616357803345
1186.474655939266
1119.3748778887093
2446.7187288738787
40.48522283509374
4148.875393807888
1067.3119284370914
843.2280641719699
2312.820308562368
-23.598193295300007
4116.763948813081
1025.9042599964887
815.8772417008877
2254.4849501866847
210.37030285224319
4199.879445463419
1136.1075324406847
1002.6603257134557
2376.4171589910984
55.99342478439212
4145.146097511053
1071.770104603842
844.087315376848
2320.9345436543226
383.7582713700831
8350.480072006583
2216.0194639023393
1931.5762278735638
4722.746035818011
340.5293994359672
4287.227648735046
1204.4701765105128
1194.6291786022484
2453.842029824853
162.04451191052794
4164.234580650926
1110.5910613629967
937.8228797800839
2354.025682415813
270.247839666903
4236.193080931902
1151.409914843738
1064.2712308205664
2407.3467219453305
110.43942403793335
4209.227131322026
1096.9172052685171
967.2149685956538
2340.821251148358
238.4258654564619
4202.749760881066
1131.0358249656856
1051.8092333376408
2368.5119326263666
-95.12663803994656
4096.727231413126
1016.1464687213302
706.5174182243645
2253.170208301395
65.16245735436678
4152.016601890326
1073.692705977708
890.6526491567492
2308.514864347875
46.093379344791174
4155.303767412901
1071.732296936214
869.0177566744387
2309.341623874381
262.86560951545835
4252.476946175098
1158.2251744493842
1083.9700529798865
2420.755069091916
32.74372674152255
4164.811962261796
1073.272376054898
851.4628847129643
2310.274873547256
-71.72116807848215
4118.434913918376
1028.3117429781705
797.7544232718647
2253.0204722471535
142.25414068251848
4212.734386593103
1125.7163337627426
1057.0945787206292
2362.577349882573
43.51117264851928
4171.101504191756
1085.0770600158721
905.052216283977
2305.418149817735
127.51542495191097
4175.799698874354
1103.340780382976
992.8513115569949
2330.321476981044
135.3445475511253
4197.147540047765
1105.8615614166483
941.0686975009739
2356.284046884626
127.68127589300275
4183.798321902752
1098.8668327983469
943.1579758822918
2351.1931546628475
187.43132067471743
4211.872425600886
1143.7268081782386
1001.6952920518816
2384.1224108450115
289.1680591516197
4240.401159107685
1159.3183622471988
1155.177850369364
2404.733011316508
13.65140787512064
4154.4333187788725
1087.81522465311
845.4786850586534
2311.8802657723427
75.48897976055741
4176.898444712162
1104.2613725960255
898.1760127618909
2343.8622936718166
111.67063865810633
4189.9572083204985
1104.1640627169982
878.259958896786
2361.3482242152095
185.88051913306117
4218.789444893599
1141.596489066258
1062.0273759812117
2367.0324994642287
45.711595106869936
4152.336376816034
1071.7708140360191
856.4335087239742
2315.996651057154
211.17512717843056
4236.143903955817
1148.8967110132799
1076.9871355704963
2390.2781787626445
220.1170530319214
4206.865420371294
1134.9701841985807
1076.5711638517678
2369.3774004653096
184.18901873379946
4171.179875984788
1105.9869305286556
955.2305325381458
2359.032122530043
111.80191731825471
4169.505054697394
1081.0941863572225
879.659855119884
2324.866029355675
260.6075664758682
4255.210783839226
1169.8048792341724
1086.9234023205936
2422.648728918284
32.62654700875282
4146.963743701577
1069.8561597457156
828.2598981000483
2318.990943785757
86.72495657205582
4167.41493216157
1084.4712823433802
951.2260294631124
2307.4874615631998
253.67041072621942
4207.7891832739115
1143.4722142517567
1054.7919622287154
2387.8195681348443
126.8128803819418
4212.447213113308
1128.859191197902
924.0682082250714
2391.868665635586
-83.52123064175248
4100.064447566867
1016.4348876764998
712.9149930402637
2267.5604482255876
107.2757773026824
4159.543415680528
1083.9730821494013
906.677944637835
2321.9232337996364
27.62412554398179
4176.57806661725
1077.808399150148
833.4143365137279
2334.8204171061516
46.428373627364635
4152.900017812848
1075.4987630620599
849.8343820385635
2320.2225672900677
186.22241480648518
4199.499983757734
1127.5019236505032
982.8984940312803
2374.205664549023
21.04005254432559
4135.446492493153
1066.3306406764314
831.0889273136854
2287.6529573835433
105.36595552414656
4168.78389647603
1089.8715167809278
897.3377900160849
2333.508525595069
87.6711640805006
4144.176873028278
1082.5006738035008
867.8519466854632
2333.434651935473
210.9191534779966
4190.69003072381
1128.6476832237095
1047.8977764323354
2354.9853734262288
136.18232960999012
4160.6929437071085
1087.0172982495278
914.9080129377544
2345.8702342603356
229.31903102248907
4243.353696733713
1151.4580911975354
1088.139315661043
2384.8890088759363
146.6256917528808
4180.227826490998
1117.785294411704
996.0048098266125
2342.2233848422766
187.60790682584047
4224.866496995091
1133.7973273675889
995.5881768018007
2386.9569639228284
4.478987030684948
4137.263888686895
1043.716095495969
807.9689943753183
2283.716928757727
194.5392686240375
4188.636571332812
1129.9795848904178
1019.5721815228462
2371.7759995013475
92.28452252596617
4188.143496617675
1086.985399541445
922.1350880041718
2323.2919196113944
257.54078497365117
4221.544966712594
1165.1181802907959
1064.7578518390656
2411.6326090805233
312.41213025152683
4261.630858436227
1173.7080180710182
1170.122661884874
2417.472282193601
101.68686471506953
4187.9139467179775
1101.2227592123672
882.1661016009748
2357.9778318554163
88.84950160235167
4171.784251585603
1082.550766381435
884.2504299096763
2321.6849221251905
164.77008409798145
4238.291269958019
1134.0015816912055
1010.8613104000688
2366.1531288288534
233.11134429648519
4201.9450661093
1131.9505944801494
1045.168188162148
2378.640993345529
192.52023701369762
4187.110317155719
1130.824741890654
991.9123891331255
2368.4862799197435
70.83214938640594
4172.411978378892
1097.852407517843
890.2161663100123
2335.0813203454018
136.33337550982833
4162.161909088492
1092.08824195154
911.5682946108282
2345.7553874626756
104.42322943732142
4171.592205658555
1101.983595304191
929.5443449169397
2333.741614315659
