416.6555344387889
-1746.2428833395243
-1630.2553256824613
-1463.9389387071133
-842.3667493239045
273.531967908144
-1842.670717291534
-1638.058245897293
-1495.1610970199108
-934.4468884393573
73.74778287857771
-2025.6900679245591
-1665.0109404996037
-1512.3998420089483
-1071.9536239802837
392.5664376616478
-1683.2718298658729
-1568.6382130384445
-1402.3329187333584
-819.8632181957364
-58.91699802875519
-2243.242970980704
-2272.831237435341
-1734.9829548299313
-1199.13391071558
269.98173525184393
-1840.5482519194484
-1630.030004054308
-1494.4672084748745
-934.3070474341512
71.49734892696142
-2027.8035208955407
-1672.0124489739537
-1516.242744192481
-1076.181386321783
-57.521533735096455
-2236.7823501601815
-2267.9739921987057
-1729.2554602473974
-1195.5907325297594
245.21511435508728
-1633.4204024747014
-1456.6664164364338
-1340.6203519701958
-824.9273854643106
70.34880711138248
-2029.4866877943277
-1675.9119121655822
-1514.4790131002665
-1077.4597646147013
70.02754317224026
-2028.7906740382314
-1673.801629923284
-1519.1068115234375
-1075.7035546153784
73.54537472873926
-2025.779090769589
-1668.8433215171099
-1510.4155235886574
-1073.6055226325989
233.82046706974506
-1856.2714686244726
-1576.320912629366
-1459.9208149760962
-965.0477192550898
173.681071318686
-1607.3823023214936
-1399.2826198935509
-1270.7116317152977
-834.282337218523
-58.00055143982172
-2239.7018397301435
-2272.934890329838
-1734.4313628971577
-1198.4417700618505
273.08795673400164
-1847.3742823377252
-1647.199752420187
-1504.3833322525024
-933.7306765057147
414.13676937669516
-1745.4141654893756
-1626.909742899239
-1461.009730309248
-845.4243224561214
-57.2803341075778
-2239.1969112977386
-2272.4243744015694
-1732.0469491630793
-1197.595485046506
411.325822301209
-1747.7798342332244
-1624.4980503618717
-1463.284247726202
-845.9536404162645
413.8573187068105
-1745.5597151443362
-1623.3988701999187
-1461.131952881813
-845.0903448238969
70.10928711295128
-2022.6996657773852
-1666.8157904595137
-1510.2890101969242
-1075.1450738310814
70.80314914137125
-2026.4163973778486
-1674.2687065191567
-1510.0972793996334
-1074.3210047334433
413.19770558923483
-1746.6456375718117
-1627.7158568501472
-1460.28951343894
-846.924872867763
417.1798712462187
-1744.3050179705024
-1627.349390000105
-1459.7427380084991
-845.402920100838
272.1227683201432
-1846.1572172567248
-1639.2129039764404
-1499.8189672231674
-937.3322309702635
272.67419182509184
-1838.0739771574736
-1632.6011865735054
-1492.4258193820715
-930.9895139634609
270.18312431126833
-1843.9851977527142
-1635.456151664257
-1496.0920334160328
-935.9131406694651
271.14002268761396
-1841.6390186324716
-1636.9306047260761
-1495.404598325491
-933.8733220621943
416.7911137714982
-1744.7638591602445
-1622.2852448523045
-1459.2151572108269
-846.0363601446152
-54.176914133131504
-2242.299480177462
-2275.4410021305084
-1734.547491133213
-1196.7973609417677
68.44659839570522
-2029.6788848116994
-1669.3487943410873
-1515.6010196506977
-1075.0347795039415
269.3371552154422
-1845.7894765734673
-1636.4888778328896
-1497.1471062600613
-937.874892309308
74.00513355433941
-2020.7261211946607
-1663.340520169586
-1505.4810897111893
-1072.2681262940168
74.05496065318584
-2032.6998185366392
-1683.7056289762259
-1518.2942708134651
-1075.8851898908615
271.45551262050867
-1842.101037926972
-1632.946214824915
-1494.9888754189014
-934.4530491158366
269.5694448724389
-1848.672544144094
-1635.3985705971718
-1500.9450040459633
-938.3651461452246
277.00710708647966
-1839.9517020657659
-1641.156108468771
-1495.768472313881
-929.0459951385856
236.6067045107484
-1634.0662697181106
-1457.6467050611973
-1342.5312051475048
-828.4584925174713
72.12913854420185
-2032.2475878968835
-1682.2640551254153
-1517.9269502907991
-1077.9501076489687
272.03640738129616
-1842.714108042419
-1636.205617427826
-1496.4716113507748
-934.3894605487585
268.1564781963825
-1842.156666778028
-1628.0941534936428
-1492.159957587719
-935.4547254517674
413.2423369437456
-1744.3932772651315
-1620.8032448589802
-1454.0136120319366
-845.1943762674928
73.89967674016953
-2031.7653024494648
-1680.2065829522908
-1518.1826336085796
-1076.7415094822645
72.37392269074917
-2023.6645659580827
-1672.5859954990447
-1513.5309238284826
-1072.1957694143057
71.47932635992765
-2024.7112914770842
-1670.5136006623507
-1509.5297478437424
-1073.9542472064495
414.1504730954766
-1745.4342942610383
-1621.5720313489437
-1457.8162592947483
-848.6445973962545
414.91260001063347
-1744.7062159180641
-1622.9092770814896
-1460.237668722868
-843.9707412570715
274.143677957356
-1837.915057592094
-1637.3890796601772
-1497.528904914856
-928.6903146728873
412.4127834588289
-1745.8049128577113
-1619.2859698534012
-1459.7753083705902
-842.8163651898503
72.94315997511148
-2023.4902222976089
-1668.6040767505765
-1508.9744713753462
-1072.623004898429
409.0351511538029
-1746.4913572892547
-1622.0671843737364
-1458.6327154636383
-848.4177281856537
-59.60523343831301
-2241.420519568026
-2271.2765575945377
-1735.0305827856064
-1198.1573184281588
69.41300592571497
-2026.7188067659736
-1673.0090795643628
-1514.3421536237001
-1075.409331023693
73.53737186640501
-2020.4597060754895
-1668.4981947802007
-1511.3714042156935
-1070.9881609380245
-59.19052652269602
-2243.499929226935
-2273.99075037241
-1737.6559801101685
-1199.8622063100338
267.10351268202066
-1843.417983405292
-1631.3900592923164
-1495.5684157907963
-935.9053207188845
69.95650503784418
-2028.4801800101995
-1674.1029435917735
-1514.1910267025232
-1077.492937963456
70.43483083695173
-2028.478442452848
-1673.4650863409042
-1513.799566656351
-1076.0665926486254
272.12894317507744
-1841.1199704483151
-1635.9263786673546
-1494.7899286150932
-932.3581811636686
-58.96476613730192
-2244.033152498305
-2277.5711767077446
-1738.2611447274685
-1200.3065333664417
272.8748418688774
-1841.7598883882165
-1639.8689536750317
-1499.305810213089
-931.8989166617393
212.71856059134007
-1861.3588816300035
-1578.780797213316
-1441.5929532051086
-961.3948877602816
414.15099949389696
-1746.7455746605992
-1619.4499942660332
-1458.3444810807705
-845.2320500463247
411.1052476763725
-1741.9234580621123
-1616.338076710701
-1456.7428338229656
-842.7244383245707
222.29702286422253
-1769.8902326896787
-1506.3411448597908
-1394.6959286928177
-917.0274563506246
397.5675339102745
-1681.344369970262
-1566.0047795176506
-1409.2117149233818
-816.1630122289062
272.2086251527071
-1839.4252569377422
-1627.334093928337
-1489.0772709846497
-932.0554784834385
273.0973561629653
-1843.8427475765347
-1639.6047848761082
-1497.930675625801
-936.6792358607054
-58.81586318463087
-2242.7606210187078
-2269.345345646143
-1736.0974296182394
-1199.515146613121
414.2847674190998
-1749.6323053613305
-1628.9938041865826
-1463.0811634659767
-847.3985334187746
-56.85354072600603
-2243.0793741568923
-2274.8236994445324
-1738.9190809875727
-1197.6693302243948
-57.181051671504974
-2243.4015538841486
-2270.0572641789913
-1734.572547852993
-1199.1571018993855
70.03354021161795
-2028.036711961031
-1671.4013175070286
-1513.0031285881996
-1077.4192940592766
416.12283112853765
-1752.0308040603995
-1632.503072746098
-1467.685291081667
-847.5854931473732
272.13009752333164
-1846.9927868545055
-1644.2887879312038
-1499.864627122879
-936.621742606163
67.22491442412138
-2034.7600053399801
-1674.1947560086846
-1514.7142203301191
-1078.3565469384193
416.8092734888196
-1745.132939554751
-1627.223496645689
-1460.9986503720284
-847.0245564803481
271.55972238630056
-1846.4379953220487
-1638.942449092865
-1497.807764828205
-935.9420431703329
272.4982923567295
-1841.9549616351724
-1635.8262122571468
-1496.6708936691284
-934.9030985310674
71.35590036958456
-2034.5446875095367
-1682.4198174457997
-1521.0626169145107
-1076.4188801944256
270.20130881667137
-1847.0324722155929
-1635.8442726358771
-1500.3875870406628
-934.6570050269365
69.16867359727621
-2030.2494025304914
-1670.558153733611
-1517.9165720790625
-1078.1219082772732
-58.262657821178436
-2237.8756139054894
-2269.106649249792
-1732.319783180952
-1195.833018630743
74.29081580042839
-2030.983207128942
-1677.7814879901707
-1518.5150227546692
-1076.0851719677448
72.70741131156683
-2019.744211934507
-1666.4499230608344
-1509.9492106884718
-1074.1415644735098
274.87025282531977
-1836.9599268138409
-1630.9241200387478
-1487.296073794365
-932.1877003014088
364.96301613748074
-1602.9925623312593
-1491.720862865448
-1332.4595274329185
-782.541605643928
216.28380819410086
-1654.7857491374016
-1447.7014622427523
-1326.2549810558558
-839.2428560480475
-59.27577339857817
-2242.1376576945186
-2268.1557451486588
-1732.2041515409946
-1199.9282488673925
-54.56312518566847
-2239.964692927897
-2272.9629499316216
-1734.1526152044535
-1197.6733361631632
-58.40478848665953
-2243.8687960132957
-2274.525068074465
-1738.1075594574213
-1198.926756978035
368.6759095788002
-1595.8840223401785
-1480.424897864461
-1334.417457818985
-776.7446599751711
76.02222599834204
-2024.6351039931178
-1671.479064464569
-1514.4965844005346
-1073.1352964490652
69.96790072321892
-2031.309508472681
-1673.1660397406667
-1516.0750264376402
-1078.4978991895914
416.2131153419614
-1748.1085728257895
-1630.5411384105682
-1464.8080482780933
-847.9551456570625
70.3168254122138
-2025.7230703607202
-1672.4877378121018
-1513.777873635292
-1075.8326575271785
75.61189111322165
-2022.929595761001
-1666.9485703930259
-1508.165940567851
-1073.610019594431
-57.80356527119875
-2242.0742173343897
-2272.087101608515
-1735.8132227808237
-1198.5602766424417
273.6180499717593
-1839.492576636374
-1635.8437217473984
-1496.2844273746014
-930.4512556865811
257.6296765431762
-1786.2721142694354
-1580.0669159963727
-1440.5939347893
-907.9654610343277
