-123.36385839432478
-2330.9203962236643
-2441.422270298004
-1861.2377976179123
-1244.2897131070495
-176.98651665449142
-2382.417413882911
-2520.0188094973564
-1945.3315601348877
-1288.7942829877138
-96.68692198395729
-2292.4446618929505
-2454.225102573633
-1809.3617282509804
-1152.9838498979807
-125.49310887604952
-2332.930148266256
-2447.288130104542
-1866.321227043867
-1246.2520574778318
-175.90120398253202
-2382.22597399354
-2518.5025521218777
-1945.7865116596222
-1287.3823447078466
-177.43681359291077
-2377.9672188684344
-2515.615030825138
-1943.052745372057
-1285.9621874690056
-89.95941754430532
-2283.1545751467347
-2442.065929323435
-1807.2455796003342
-1142.0455343574286
-119.3080622330308
-2328.610380090773
-2531.110575199127
-1828.087373584509
-1225.0130052417517
-89.82705856114626
-2291.6899899616838
-2456.3164770007133
-1812.6439970880747
-1145.5437704324722
-177.55060451477766
-2382.8780267089605
-2522.8334991037846
-1947.8406201899052
-1288.1732748001814
-94.19180005043745
-2296.033796019852
-2457.0933180451393
-1813.1824182271957
-1150.150857463479
-94.02365028113127
-2293.385272987187
-2457.837876200676
-1814.6202960163355
-1150.0566852390766
-177.17086154967546
-2379.1774334162474
-2516.5481617748737
-1943.6450823247433
-1289.1729415208101
-178.5756916925311
-2378.7323129549623
-2514.7469901144505
-1945.5385531187057
-1285.407502770424
-72.62792845070362
-1844.191322490573
-2025.1252530813217
-1451.5018854439259
-969.0422230884433
-176.89541947096586
-2385.7453511729836
-2522.020786345005
-1949.9693382680416
-1291.514946937561
-126.06507512181997
-2331.08016833663
-2443.3125072419643
-1864.022510200739
-1245.0016897022724
-119.9650984108448
-2329.9988060221076
-2534.2658892273903
-1832.987911939621
-1225.0076692551374
-125.581991776824
-2335.4332444891334
-2448.726966023445
-1869.9564174115658
-1246.849747762084
-125.19290740787983
-2331.702244989574
-2442.3235290050507
-1864.4471370577812
-1245.5021704733372
-125.29832664877176
-2332.118823878467
-2443.3416734933853
-1864.9463891386986
-1245.4736099392176
-79.30338849127293
-2278.507122859359
-2439.026584506035
-1808.8805026561022
-1137.455890506506
-96.50837372988462
-2296.4729278087616
-2461.1073831021786
-1814.1485872268677
-1153.6278703808784
-97.2589632421732
-2294.225045643747
-2452.857095927
-1810.6289738416672
-1153.4559965506196
-91.0679057314992
-2291.5966381654143
-2458.058451592922
-1811.6982662975788
-1148.382911130786
-114.07226579636335
-2322.0560225099325
-2525.8531728982925
-1825.1196303069592
-1219.3455214202404
-175.98878614604473
-2382.764185756445
-2520.873114436865
-1946.3387578129768
-1289.059941381216
-85.89606290310621
-2278.4749230518937
-2440.057426959276
-1802.6307149231434
-1134.3908616751432
-110.69676703959703
-2319.7099639847875
-2522.8449246287346
-1823.081869855523
-1213.3416973724961
-114.02641762793064
-2287.305133022368
-2487.2783119380474
-1797.839903473854
-1198.232060059905
-97.83507174998522
-2294.237276919186
-2450.294092833996
-1812.6815916001797
-1155.5216038227081
-118.5980474203825
-2331.1762841045856
-2534.284859985113
-1830.0720040500164
-1225.3797503262758
-88.8105892315507
-2285.9875574037433
-2445.3984065651894
-1809.989955022931
-1143.9154874384403
-117.77809935808182
-1739.1135970503092
-1844.556372821331
-1428.7961373627186
-936.5858567804098
-178.34204678982496
-2380.9839173033834
-2519.2745403945446
-1945.3851489722729
-1288.848704725504
-178.1762257218361
-2384.331508331001
-2523.186990082264
-1948.8444916009903
-1287.9867796897888
-61.360699228942394
-1849.3423369899392
-1994.5786545276642
-1469.4175643771887
-920.489644780755
-179.9237975925207
-2381.3277594074607
-2520.479664504528
-1946.2136490046978
-1289.3712585419416
-99.90660391002893
-2301.262421824038
-2468.3432243168354
-1817.9581045806408
-1158.0080476105213
-178.34619030356407
-2380.70445715636
-2520.940482676029
-1946.8757690489292
-1288.2658738791943
-181.1330412775278
-2380.9506455287337
-2518.0499424934387
-1946.9919949769974
-1290.079521253705
-113.99284482002258
-2320.7679780498147
-2525.329680144787
-1824.9023707658052
-1212.71454205364
-124.50166069716215
-2334.1359027326107
-2443.644990414381
-1865.8574656546116
-1246.8280249238014
-85.75576611608267
-2283.103158891201
-2449.365606456995
-1807.6775238364935
-1140.4790300056338
-103.69500865787268
-2303.189952388406
-2466.9207241535187
-1812.6320369243622
-1167.4551438987255
-125.59600039571524
-2330.55454326421
-2443.1405053436756
-1864.032398045063
-1244.480012908578
-68.27913867682219
-1854.4944930300117
-2025.4168345034122
-1456.0660298764706
-974.1046630218625
-176.63028365373611
-2377.388107828796
-2513.3278557658195
-1942.2563820779324
-1286.8758680149913
-124.97930309176445
-2332.468074552715
-2444.6867941617966
-1865.5715954303741
-1244.8490420281887
-94.14262104034424
-2294.1589376553893
-2458.5000637471676
-1812.689957216382
-1149.4672583937645
-104.00809282809496
-2307.5210282430053
-2471.8793094158173
-1817.0219914019108
-1167.7136521935463
-121.41376179456711
-2331.564218379557
-2537.007954567671
-1832.2860976159573
-1226.349870339036
-104.37544434517622
-2306.78796505183
-2467.476017534733
-1816.153280287981
-1169.0705742686987
-123.55536227673292
-2330.0014109686017
-2439.972890853882
-1862.6428127586842
-1243.4488682821393
-121.05823366343975
-2341.170729137957
-2483.4418479800224
-1866.7724335491657
-1249.9345203638077
-77.78224620223045
-1838.0407257005572
-2017.7524191141129
-1448.836255311966
-971.7640158161521
-103.27461215108633
-2304.889822408557
-2470.363997966051
-1817.199952274561
-1164.0895270109177
-180.10461934655905
-2380.444009155035
-2519.2737821638584
-1945.9858948290348
-1287.7146223634481
-103.88780722022057
-2308.8970929160714
-2472.733910679817
-1821.323101580143
-1164.6260473430157
-80.67895057052374
-1857.1743275895715
-2036.9517518877983
-1462.332859158516
-980.5122847408056
-114.63289727270603
-2320.724217928946
-2524.686965763569
-1825.2898286283016
-1214.5975236147642
-178.78341415524483
-2381.5853357091546
-2522.8041890859604
-1945.1488784253597
-1288.3909050822258
-123.88989532738924
-2334.283570922911
-2445.0153815448284
-1865.4925014078617
-1246.4829011261463
-98.839305780828
-2297.2937326058745
-2462.983794271946
-1813.646173119545
-1158.8444020301104
-89.63690939545631
-2017.3052040413022
-2163.8907808959484
-1589.0229924023151
-1025.7854161858559
-99.71740781515837
-2302.664512299001
-2465.0590446293354
-1815.2243416905403
-1161.1944701746106
-90.0713686645031
-2287.0055551826954
-2444.6979814469814
-1806.549925237894
-1143.1826945468783
-48.739410258829594
-1838.8935557976365
-1984.173067331314
-1462.2224867492914
-921.6846357882023
-174.94304157048464
-2381.4090333357453
-2516.170897901058
-1946.5111079514027
-1287.6967907845974
-125.32544349133968
-2334.224184192717
-2447.2248253524303
-1866.5729548931122
-1246.8229395449162
-123.53678469359875
-2332.208136163652
-2443.2197675704956
-1864.679329186678
-1245.3075885921717
-124.52621721476316
-2332.3816131204367
-2443.67579716444
-1865.8460246026516
-1245.756554506719
-97.90730112046003
-2295.172705501318
-2457.797028452158
-1816.8329156637192
-1155.4470523297787
-124.94611264020205
-2334.9579088911414
-2446.9141478538513
-1867.8632814586163
-1246.0268176347017
-105.97043391317129
-2312.7789143919945
-2477.3730403482914
-1821.3310415446758
-1170.7042153775692
-181.12993917614222
-2384.912574902177
-2522.6014341712
-1951.8801949322224
-1290.4598504006863
-124.99903932213783
-2333.0430000200868
-2446.08492359519
-1865.7849045693874
-1244.9428010731936
-122.50467135757208
-2335.4142258539796
-2541.201669663191
-1835.0555337965488
-1230.4372458457947
-178.6455430611968
-2379.6147534027696
-2519.1486632823944
-1945.1971022486687
-1288.821064159274
-102.17477501928806
-2307.791083276272
-2472.2360249757767
-1816.6578146219254
-1166.861607991159
-177.9899756759405
-2381.860176920891
-2520.8431068360806
-1947.2859881818295
-1288.1400114297867
-177.17181906104088
-2382.8574020043015
-2520.7571521401405
-1947.0558606088161
-1288.753689482808
-69.54717544466257
-1853.5206496492028
-2026.228020310402
-1456.446170449257
-970.3835578486323
-94.08644255250692
-2300.469408534467
-2462.8930382728577
-1816.5457840412855
-1154.5990345329046
-92.7374105900526
-2295.8539519533515
-2456.880292594433
-1813.2519965171814
-1152.179900035262
-105.14941115677357
-2305.4551486968994
-2466.3033550083637
-1811.1183625757694
-1168.4532783925533
-125.1081660091877
-2334.8070659413934
-2447.3725415170193
-1867.9002134799957
-1247.2875563949347
-176.56118074059486
-2383.2169241309166
-2520.1387923657894
-1947.7814968824387
-1290.252362653613
-123.24515137821436
-2328.8399553224444
-2439.906838417053
-1860.8333816230297
-1241.9821102172136
-124.00784879177809
-2331.9883805289865
-2444.2012636065483
-1864.6703846156597
-1244.5075481534004
-82.29970522969961
-1856.429990850389
-2040.6758967638016
-1466.9685338139534
-975.2101170122623
-124.44662807881832
-2332.8285800665617
-2443.4768213629723
-1865.3870636820793
-1246.8865953683853
-124.77176480740309
-2332.441804252565
-2444.7059499025345
-1865.6061617434025
-1244.9287123680115
-176.82399305701256
-2382.2102451324463
-2520.3732003867626
-1946.3200272619724
-1287.7766576707363
-124.13685398548841
-2332.5596881061792
-2445.4015407562256
-1865.6347942948341
-1244.976738423109
-109.36203828454018
-2313.5572079196572
-2479.201740592718
-1823.1103679388762
-1172.4853698462248
-92.02096763253212
-2290.8313459679484
-2453.3119119405746
-1805.3847813010216
-1150.7191491127014
-117.83811990171671
-2328.899854078889
-2532.334766715765
-1829.8352837860584
-1221.925645582378
-107.26284888386726
-2312.006309337914
-2474.574114948511
-1820.8850517868996
-1173.5834420397878
-176.02306240051985
-2380.692856065929
-2520.554192006588
-1944.4276834577322
-1286.569707468152
