700.0
700.0
760.0
720.0
740.0
740.0
780.0
740.0
740.0
740.0
780.0
740.0
780.0
760.0
560.0
760.0
700.0
720.0
740.0
720.0
720.0
780.0
740.0
800.0
760.0
720.0
720.0
760.0
700.0
720.0
800.0
740.0
800.0
520.0
720.0
760.0
520.0
740.0
740.0
740.0
760.0
720.0
760.0
760.0
760.0
720.0
540.0
760.0
720.0
760.0
740.0
700.0
780.0
760.0
700.0
500.0
740.0
720.0
760.0
520.0
720.0
720.0
720.0
740.0
640.0
760.0
780.0
620.0
760.0
700.0
720.0
720.0
780.0
720.0
760.0
740.0
720.0
740.0
740.0
740.0
740.0
720.0
520.0
740.0
780.0
780.0
720.0
740.0
720.0
720.0
520.0
720.0
720.0
760.0
720.0
760.0
740.0
720.0
780.0
720.0
