-824.6597709879279
1742.6342434287071
857.5033212453127
390.3888448700309
2348.5339321643114
-932.2257004901767
2640.7514946870506
1360.7568222135305
723.909994378686
3668.6630050241947
-494.12470588833094
560.659555464983
207.00867268443108
20.992943793535233
809.9775681868196
-447.2350321561098
839.361219946295
408.9396288469434
172.9558462202549
1194.2286627814174
-552.9169109612703
652.479995444417
266.13712760806084
1.8935537859797478
957.8584807366133
-769.6929738596082
1999.456493087113
1044.1702993437648
575.8188692703843
2630.086861088872
-583.2468561306596
644.1648765169084
232.586244225502
3.5874890610575676
923.3068675547838
-838.7841603830457
1680.9691968001425
812.8788943067193
321.3408938869834
2305.7438943237066
-471.0482590943575
1084.6809076815844
563.3500417694449
264.92174550145864
1439.9876055046916
-475.8621386215091
859.5158907473087
419.3889647349715
140.07672610878944
1178.2758538126945
-1032.248561643064
3167.512588299811
1727.8685861751437
995.8106181249022
4332.2987759411335
-927.3387600332499
1795.2042510136962
821.2676020935178
359.8703734278679
2416.031389385462
-472.94815192371607
714.6161892488599
300.3808123469353
69.31239616125822
989.7217958569527
-816.9387457966805
1381.2277186587453
627.3971613422036
240.01398810744286
2005.6786746382713
-769.8142179101706
1423.092745859176
652.2924149334431
243.04639281332493
1997.8705555275083
-831.4026943594217
959.480416700244
352.13643261790276
-40.21310179680586
1403.2636547610164
-892.9493658840656
1844.7850849181414
903.0085647851229
399.9249740242958
2475.510357439518
-435.9441447034478
944.2991138957441
496.8870926722884
223.51066705584526
1288.6574769169092
-818.6761082112789
1585.7534429319203
746.271159760654
315.3590127453208
2179.1319500133395
-922.3419509679079
1580.6920250207186
727.3216571807861
264.36255168914795
2163.6492426022887
-1037.2049403861165
2371.8555779457092
1111.1252167075872
502.88481545448303
3276.223389275372
-497.2914166674018
660.8614363186061
286.7456860244274
51.06896875053644
966.347315274179
-586.1369727551937
511.90570940449834
140.6264808550477
-62.309865206480026
780.0400948226452
-844.1729339361191
1001.0157516561449
357.1002438738942
34.57432320713997
1410.7028620168567
-1015.2910244464874
2300.908877849579
1156.338479064405
540.9763269722462
3195.669813491404
-847.1095829159021
1093.4905701130629
382.40914168953896
38.50691493600607
1513.7357062473893
-932.6405755802989
1065.7933827191591
380.77387883514166
-28.850211150944233
1581.099916137755
-895.0294502004981
983.3513988740742
320.83442594856024
-56.350571133196354
1500.9750322848558
-976.3702490180731
3151.783224321902
1694.0759309381247
982.0694056153297
4276.227799557149
-443.9803379997611
1230.2975244298577
674.6148411408067
358.9841079711914
1663.2558376863599
-796.5643088966608
1642.280262440443
834.1864433214068
359.0857920125127
2250.306077376008
-836.9895239919424
1888.8830193765461
950.0322095677257
430.52624698728323
2575.568984180689
-721.1499965563416
1210.011859588325
529.9470065757632
184.80110327899456
1666.5762458965182
-819.4561419188976
1844.8431273922324
913.0473210662603
450.22954002022743
2433.0036310702562
-843.4282859489322
1188.4456538967788
465.8467233777046
95.30194683372974
1730.6602641493082
-1070.3408225178719
2328.592299003154
1083.2842054739594
474.7963935509324
3335.8766997531056
-511.12327847629786
383.79758409038186
74.66311372071505
-91.11472034454346
617.3009773865342
-717.6445705220103
191.04079627618194
-125.29892760515213
-292.4354834705591
394.70350809395313
-1055.840252801776
3563.46051678434
1848.0777743086219
1148.884581297636
4774.195628397167
-821.611866466701
1579.5950042456388
712.4566027075052
302.13200690597296
2150.6848106607795
-718.5173419117928
1540.4609529338777
702.9200525134802
334.3772982060909
2107.849268555641
-488.2875237315893
788.2586704008281
376.71592123806477
88.98338202387094
1072.2757035940886
-1021.0827362090349
2530.7216892801225
1210.8313254714012
570.4630942046642
3442.4890784695745
-712.8735772892833
1367.1267046444118
635.2811702564359
226.79335332661867
1840.2907782495022
-862.4090587720275
1598.8833445571363
737.4664276689291
298.3150658681989
2228.533928848803
-810.436542712152
1594.5668643973768
758.3804423585534
321.508261077106
2189.694838233292
-717.6716418936849
1630.2844822704792
809.3471520319581
429.28615433722734
2173.971172116697
-914.5750433206558
4370.361351028085
2374.0927439257503
1562.308769017458
5775.938462026417
-552.7089304849505
554.5300746932626
200.4707256704569
-32.28437194228172
813.3039804548025
-466.56807332485914
555.528338637203
224.39900401979685
8.508670285344124
757.1518454253674
-476.4701035693288
744.1975111924112
340.37650991231203
111.46341703087091
1021.8953284174204
-501.21229197084904
1141.6692931614816
604.9021368846297
291.3250210285187
1519.97426404804
-426.9409107044339
1044.2600640766323
519.1579357162118
283.8181573227048
1393.6071946695447
-784.1654854044318
1586.8252514004707
757.8585167303681
362.5566273778677
2180.497291058302
-793.9695689231157
1396.4351462200284
617.778940975666
214.592265188694
1931.175597526133
-875.2225820496678
1314.5716949403286
545.1420397683978
185.36705843359232
1834.425945289433
-838.1624893397093
1781.1421207897365
861.3997434154153
402.8619314581156
2415.3465625941753
-677.9074799865484
125.26776184141636
-159.94295386970043
-310.9940466582775
366.7612894102931
-820.0406595617533
1493.1243258938193
693.1231433823705
299.73687428981066
2042.3482711464167
-834.3336140960455
1162.8697486184537
467.8064542040229
107.08329690247774
1702.7553121894598
-868.0298001840711
1334.0922638587654
562.5826503932476
161.12370321154594
1852.9121143743396
-678.3123340904713
1966.8608880005777
1053.8468612655997
563.9678624644876
2627.884532637894
-500.1401592940092
982.2901307418942
513.9664159342647
192.21665246784687
1388.548577927053
-620.6847692504525
708.0852258466184
311.748182490468
74.63039579242468
1020.4513602927327
-834.5172503143549
2308.7792396582663
1226.5065820515156
682.4322750419378
3088.6758945435286
-528.56615498662
556.5376700721681
193.0399333536625
-32.59601826220751
893.6757932975888
-505.76250556111336
1007.3234109207988
510.84099324792624
242.94791305065155
1358.8784785047174
-595.6435514613986
1162.4220838844776
607.8378159627318
295.5410315319896
1534.7897123098373
-548.6306716576219
799.6018375605345
364.5878664627671
84.90766644477844
1103.2876477390528
-600.4023783951998
944.1875307410955
453.84645660221577
162.11160857975483
1299.8732075989246
-708.2230324149132
1932.618054792285
992.069081492722
535.2291389778256
2580.2492712065578
-804.3256606012583
1685.6862196363509
814.0167889073491
396.32793939858675
2328.1811529397964
-803.0945603623986
2021.601683523506
1029.0559761151671
542.8731541335583
2736.805649459362
-778.7108894735575
1134.1485256142914
465.2188308611512
32.24819155037403
1653.3420168831944
-1166.7549103796482
3844.546868354082
1995.2572511732578
1139.0025742799044
5182.307097516954
-563.2902588844299
646.5411983951926
252.3102624937892
5.307085640728474
933.4063986241817
-547.466299906373
703.9352497905493
312.2221811339259
42.63703303784132
1023.9751687347889
-834.2911792844534
1639.771409496665
751.8430318161845
363.668987467885
2230.9201956167817
-944.9041804298759
936.8417670913041
300.32809083908796
-62.80009314417839
1369.8316283077002
-806.1062162965536
1925.646550282836
957.896651700139
560.4742007106543
2537.8883016183972
-593.3243441358209
742.4369619674981
261.87344735860825
37.887245275080204
1034.1261141076684
-948.3474793285131
1192.556143913418
421.1053079739213
32.92691048979759
1812.7490990757942
-611.0149323791265
876.4600245058537
407.8199284672737
89.01408392935991
1220.762227654457
-677.6307732090354
1661.5874375849962
858.2005319744349
416.44477850198746
2242.1622225791216
-827.5533897206187
1404.477146178484
619.2691682055593
257.2122521623969
1962.9478185400367
-473.9920113608241
870.3728625848889
400.071862205863
173.13755464553833
1177.5857088565826
-1003.3149324506521
3241.03302706033
1688.4780804663897
1044.6928645074368
4402.5289897322655
-515.0448346734047
822.809049025178
379.8223124668002
100.98495461791754
1181.3030311837792
-782.4283601790667
1526.1522883288562
725.0212015733123
332.4989813864231
2116.462106078863
-1034.540450118482
2180.3705485612154
1044.5677665695548
467.41688448935747
3065.618150897324
-867.6573121324182
1164.426982626319
436.3071673512459
122.93009433150291
1709.1576824262738
-550.4309725314379
699.1412055194378
286.2610066011548
46.10140260308981
1000.6876526400447
-741.5829861164093
1689.505062814802
860.2535804510117
373.0495937168598
2276.585368730128
-563.1471918672323
851.9399322010577
368.67957174777985
108.07319581508636
1221.66821603477
-806.3970386907458
1793.7292684204876
890.134802557528
448.44083819538355
2458.8371758461
-794.4071324765682
1551.3012660555542
716.5009827688336
311.6706140860915
2123.9003209769726
-905.7375354766846
1458.080460909754
619.3210076317191
215.2451852634549
2035.2883557081223
-442.5616372823715
455.6468554548919
145.20656619220972
-43.52198211848736
683.2956403419375
-762.4962684735656
1620.2856232486665
762.8947083503008
354.749071829021
2214.8366232290864
-978.5403823554516
3856.541005447507
2046.937767446041
1232.0736899375916
5136.022935017943
