-948.6714336723089
2075.836804650724
1047.9009510427713
550.4891219362617
2811.6069758981466
-465.56389843672514
1038.7280075214803
520.43561283499
266.9236555695534
1424.5642606467009
-478.12609442323446
974.2191854678094
455.14592096209526
221.39334730058908
1372.4802018404007
-468.8175461217761
1150.5836437419057
611.8405015468597
366.7485880032182
1557.3837146684527
-508.26047912985086
862.5478164106607
386.8241076618433
174.60869984328747
1189.9786756560206
-946.6252806931734
1597.1934493295848
712.5494613572955
279.8413701578975
2245.377117715776
-451.5672163814306
1194.1287536211312
628.446634337306
363.36807273328304
1577.663470312953
-816.4926689490676
2009.8366392739117
983.2928631529212
512.4288831427693
2743.8333699032664
-462.27579459547997
363.77200300991535
51.48493043333292
-70.28769692778587
583.5772738158703
-802.9248664826155
2113.717535212636
1067.3179450780153
625.9404433220625
2824.8801553845406
-908.40585757792
1946.4107552692294
950.3977022022009
468.90449273586273
2720.957368068397
-489.1271956190467
902.1035715714097
439.06843565404415
168.49728949368
1228.4062754362822
-944.0431951731443
2635.814113702625
1321.6959772109985
732.573188893497
3626.3811944127083
-1021.4476843625307
1193.2290011197329
433.93110954016447
22.49049999564886
1798.779632307589
-565.7474081590772
713.1296069063246
280.30741054564714
17.266464315354824
1046.0861945524812
-457.48800372332335
1198.2950078621507
621.8532806038857
376.89450281113386
1601.596144117415
-820.0231753438711
1642.4460253044963
748.8648779094219
359.82325078547
2271.7369991987944
-801.6123093888164
1511.261026415974
689.7983474954963
290.14601212739944
2070.48694742471
-599.3279030770063
400.14643520861864
72.5362799167633
-141.38570959866047
662.9849412590265
-842.4044009596109
1978.2250765897334
990.395401507616
537.9171566143632
2710.5682626217604
-577.9328226745129
1206.7988761849701
613.3409203141928
281.17721565812826
1643.0096917822957
-456.86441616714
1283.4543990120292
659.5500024780631
384.63320878893137
1738.2510647699237
-899.0691057443619
1919.2466189153492
924.6355531215668
453.0757366195321
2626.50428789109
-1015.8633566424251
1466.6172700487077
544.8483837321401
168.789504930377
2188.9659946858883
-498.7771803587675
1061.405933137983
534.8349275588989
254.04561680555344
1453.310525253415
-432.06901328265667
926.5403639823198
472.8057440072298
221.58001033961773
1261.1934232637286
-517.937793828547
510.29064509272575
150.3353528380394
-58.898921735584736
776.6689482107759
-469.22205302864313
915.1804628521204
442.47111912816763
236.6527914777398
1267.3757485821843
-928.5172344222665
1485.7340139597654
640.1254946887493
208.66205549240112
2184.1055324301124
-887.8559055104852
1553.7443595565856
688.8912482112646
243.5958613678813
2180.0571152716875
-465.85712564736605
830.0407332442701
358.0008140206337
189.88640088588
1134.0985230728984
-545.031077362597
482.6793351918459
129.6911939010024
-25.10926979780197
767.9580047652125
-787.1180803403258
1562.234879001975
665.7140377163887
310.27552731335163
2211.425875850022
-600.0502043291926
385.7052262276411
29.658341862261295
-127.08494217693806
636.3448254838586
-897.209925532341
995.9300225041807
339.8806139007211
-8.476710885763168
1472.4903849437833
-858.7054165527225
794.2044251859188
183.04233611375093
-108.39249999076128
1218.2998373880982
-950.7926503121853
1175.5009781718254
412.15058045834303
50.985384322702885
1739.284430347383
-447.0867331326008
921.6937214694917
433.8255881667137
208.36771332472563
1266.0206503793597
-387.9551672935486
754.2149980254471
341.5716514736414
133.5610236003995
1055.4556682556868
-528.9320804700255
753.021601498127
323.1906053349376
104.69430460035801
1073.4744437485933
-799.6497714221478
1934.7060982324183
949.68065661937
551.4299010708928
2572.103950753808
-503.46568904072046
273.2725910432637
19.104325279593468
-131.81694653630257
501.88048288971186
-525.7802563533187
568.6749930903316
217.837323859334
2.5018831193447113
848.6229641065001
-440.36179491877556
1043.9130572862923
509.2469543069601
304.68639824539423
1378.053330078721
-990.4085494875908
1441.2582601830363
584.7433190867305
171.6156488135457
2073.1717422008514
-899.2788532227278
1479.8122936114669
614.4289245083928
235.08168936520815
2149.452283397317
-906.6952766254544
1909.8738341629505
868.5738682374358
411.67193180322647
2674.985497660935
-892.5901478603482
2160.013427220285
1069.053280517459
577.0768098458648
2948.7097196802497
-501.12006540596485
987.7381588444114
475.63195334374905
213.11746153235435
1329.3791417106986
-516.5225342810154
545.6714613772929
187.54528629034758
-25.01275935024023
800.1142597645521
-415.5722271949053
944.656979072839
475.1109385639429
255.51908544450998
1299.7355449721217
-485.3197151273489
919.3245449587703
430.1318559721112
228.7058608531952
1271.8687622696161
-460.9798428788781
1002.5187168493867
479.86000841110945
270.09497851878405
1322.6358216032386
-696.010776810348
111.3591635748744
-154.49033807963133
-332.9317833930254
308.8970197290182
-778.2562539204955
1971.8858675956726
982.8521447479725
588.5346665680408
2686.002900995314
-451.9644924029708
825.6380392722785
368.207138620317
202.31559658795595
1132.0946343764663
-585.6306376755238
705.0622339881957
284.2596172168851
20.43190074712038
977.2959971576929
-893.8885992094874
1862.3198303170502
898.8876030445099
468.81607810407877
2572.5614756569266
-819.7452530264854
1498.7070207893848
676.3959717229009
295.4055537059903
2115.7362190410495
-949.1724147945642
2286.209645714611
1153.7975344359875
649.697596848011
3082.0494401156902
-470.2904978096485
816.9986382499337
372.91089034825563
138.8626534640789
1074.4757978394628
-532.6188838481903
1286.8063301444054
671.1985814198852
334.6041112616658
1695.7043949961662
-490.74292881786823
1066.9882758557796
521.8166428208351
278.61795073002577
1436.616474531591
-535.4626581296325
698.4560981020331
270.98277351260185
83.82030319422483
1014.7905158028007
-544.4759953916073
966.6431608311832
470.2874571606517
183.53238026797771
1320.1084546074271
-450.3088759407401
447.3058880120516
136.1576974913478
-10.269778966903687
713.9864937961102
-423.0802029296756
1147.5801986306906
604.4991819635034
310.46984186023474
1492.987620651722
-795.7729169651866
1919.9972170181572
944.9726341590285
518.6038789898157
2636.8491100743413
-926.153151370585
1309.958052739501
573.1954618394375
170.2252688780427
1930.742222353816
-605.3939650580287
381.6868144571781
34.60172653198242
-133.98317657411098
605.3797168061137
-641.8294560164213
2079.5202802084386
1076.2904929369688
675.9219511970878
2717.8433746397495
-847.9605687558651
1892.7436103597283
981.3011110574007
481.17369148135185
2580.028752371669
-932.7748970016837
1703.9312417544425
798.2868690043688
319.3328561335802
2412.7688576877117
-706.5220438912511
1662.6093475744128
803.9695313200355
395.4651971459389
2262.9488924965262
-1093.2248429879546
4261.257117092609
2365.5074543356895
1467.7809807434678
5712.474453791976
-558.2870703935623
959.6069735065103
435.6630213931203
166.939606256783
1293.603031270206
-502.40004244446754
826.4585296027362
358.67770072072744
160.9809683635831
1165.2134987562895
-580.4079008102417
381.3165834210813
47.35668471455574
-136.8789074420929
633.7643901333213
-719.5213603973389
1834.0237453952432
933.9988848417997
508.2107758447528
2497.487200073898
-655.6186294928193
377.1129149645567
-20.500900827348232
-192.4415537416935
632.014041647315
-841.8634360134602
1763.9299910366535
842.490646108985
433.75080516934395
2482.732700943947
-804.9447495266795
1865.7561927437782
930.9178983643651
422.6521246433258
2527.9315910488367
-448.8899571746588
1106.6448958143592
592.4380228146911
320.778455555439
1482.6490158438683
-477.2623343169689
927.522025000304
464.38278666883707
208.05261689424515
1284.1318126544356
-874.8289154618979
1718.3414984978735
794.8611469194293
387.289676643908
2378.9386264905334
-479.3988740667701
904.1789725348353
436.2598092481494
202.85706374049187
1253.4137007445097
-555.8330857157707
903.2351890578866
387.9044211059809
181.53975872695446
1277.5205917581916
-496.44789435714483
341.59896041080356
59.596811912953854
-111.72262782603502
558.7607810497284
-752.8540553823113
2178.372718024999
1131.742698341608
689.6046597361565
2892.899172000587
-933.3471271470189
1588.5812564343214
710.2129873409867
287.6612876802683
2203.8343798220158
-632.7457912117243
989.9662957750261
452.29467318207026
139.69510416686535
1382.7771392986178
-758.8589745014906
2237.4230020157993
1192.3978959321976
645.039427511394
3000.762386508286
-670.3510170653462
336.03063168376684
-7.783007115125656
-176.92737600952387
635.6019736975431
-543.8493405729532
971.7755561582744
439.7063221260905
221.97702933847904
1374.3444473147392
-448.60053257644176
762.9682070724666
328.41807966679335
155.77504306286573
1131.7918431162834
-549.3264077454805
532.5773506984115
150.1381043344736
-8.046410210430622
797.664449416101
-525.5253511667252
537.853898756206
191.388007029891
-54.99481366574764
774.9978517591953
-779.3891294300556
1958.4840044863522
972.5664098709822
557.6744698360562
2607.739255204797
-826.7623229697347
1637.3187669105828
744.1120586916804
343.08323385566473
2286.7408331036568
-606.9440890327096
680.4702461250126
254.55925765633583
15.991462118923664
1001.9125375896692
