305.0880701839924
-68.36929662153125
-166.19900453463197
20.767024748027325
85.31638911738992
35.528840493410826
62.91917298734188
-36.729459550231695
627.9771578907967
637.3691557087004
640.1393802054226
312.1273022852838
-13.438395474106073
372.60911059752107
369.7779345959425
258.57609916478395
-36.522241335362196
201.9133580289781
-126.83146832883358
10.525944598019123
21.873981721699238
367.96101864799857
51.81250523775816
293.8765509016812
123.00649243965745
230.2782844826579
652.0524093993008
401.17258735746145
203.41357749328017
273.46168465167284
-209.71459452062845
-184.63742172718048
345.7916618101299
428.1254870630801
509.2775496505201
107.86452077701688
-443.31843051686883
563.9041612073779
86.88627765327692
289.6677205115557
117.99210358038545
406.02176190167665
342.7215638384223
-348.32128277421
356.8707448653877
733.8812681138515
405.780136808753
20.124924711883068
202.4088986441493
111.82805993780494
219.5945263542235
293.00005891546607
14.440222896635532
3.3549565710127354
230.47251076623797
39.228018801659346
165.69206520169973
99.22861817106605
93.22409937530756
64.86321494728327
216.21088828891516
-38.23339893296361
3.4934259578585625
-28.332156486809254
-40.75857634842396
76.44861033186316
63.43904938176274
-25.63342471048236
169.04968308657408
-14.355307761579752
114.4325254112482
290.4819295629859
213.89761968702078
-65.84260306879878
284.8809554167092
75.21025313436985
45.34201276674867
36.730844374746084
22.653724282979965
10.232160162180662
161.4726996459067
516.9870503507555
-45.871190935373306
230.72490922361612
-130.8940317220986
263.99529595300555
99.64513970166445
177.48320990428329
40.88664089515805
143.60626175627112
-88.57124746963382
115.3359072804451
416.26116559281945
322.1897104009986
273.010574772954
530.5228839702904
418.967738840729
193.4692685753107
-29.038339640945196
96.51266925409436
151.26885287836194
286.67263843491673
-43.68305563554168
399.4113710485399
226.44933956861496
466.5705303810537
-65.58342163264751
-82.4516623429954
332.2726641520858
210.6054375320673
481.0935572758317
519.7004031054676
448.8150162920356
515.0299565941095
-43.83447512984276
715.0333599597216
-117.08394564688206
-26.058744251728058
332.7635708488524
-75.4314876422286
450.59989308193326
488.0934565514326
224.1490509212017
479.542468868196
105.75682275369763
123.76942952722311
691.3106894269586
224.15564731881022
119.86773679032922
693.7622871138155
291.3017769642174
515.1768879145384
520.6632905751467
276.6903374493122
217.51834404841065
296.9563805498183
231.600767377764
420.1140669025481
315.52035465836525
381.8140980787575
249.5641184747219
660.3207459300756
230.33311996608973
110.25208623334765
434.1887448132038
-32.63447329029441
70.7295995131135
442.6849494203925
581.4827403463423
375.25149504095316
-142.25116035342216
57.55357538163662
10.980195719748735
94.89380281791091
280.2987302057445
681.4098447710276
175.8491664454341
212.32391884550452
340.6504639275372
109.0052603892982
-115.11407041922212
-131.65371408686042
271.1784032844007
65.41163162887096
82.65649542957544
-170.85736289992929
10.313524588942528
-8.910272814333439
321.1705271974206
318.2402477860451
-3.683702949434519
270.96096616610885
-44.607182029634714
205.9892443343997
57.57275456935167
474.9887601286173
77.98766733705997
24.914971817284822
-16.77684210985899
70.59732477739453
81.52659761160612
267.32737508043647
195.77619444951415
292.0960222668946
-409.21391217410564
172.32325440645218
-71.15900732576847
174.22698292136192
274.00982815399766
-306.8251943551004
-81.47690433263779
312.42067205533385
278.03135173022747
453.05435737222433
561.9830505214632
80.43849060311913
68.73852507397532
183.87864485755563
3.398754335939884
715.074754178524
918.9463623836637
153.4797237738967
-38.862300768494606
468.3277453929186
574.7298808917403
847.179756000638
263.1416883803904
505.62009321525693
319.23085905238986
352.32250955700874
223.70575439557433
217.0636007785797
-180.3070238120854
11.540292423218489
344.0545423105359
199.67204774171114
-212.44526563957334
-178.1917279548943
316.3407914824784
121.93598031252623
148.4257185421884
571.5408162996173
85.05673876404762
-51.06739005446434
183.612358905375
-33.38629710301757
626.7841384261847
646.9166390895844
129.07551666721702
306.5712674111128
602.0397751256824
374.1493395231664
182.17432931438088
449.9759976528585
-94.73091099411249
692.4558938667178
501.9024600274861
-287.7447570338845
-504.8238897845149
337.49889643117785
180.05829564854503
-64.74228191003203
-110.84902842342854
160.6993095204234
152.85773437470198
911.7485727630556
109.5671780705452
854.7666571438313
678.4427463039756
615.4964282363653
508.79996053129435
235.42342541366816
175.95539658889174
220.60553947091103
172.71469331905246
116.19465216621757
12.680046167224646
202.28956096619368
45.03024052083492
370.1241027675569
-74.73231262341142
515.0151246115565
0.294877752661705
-65.5389819778502
541.5371729396284
423.8583712913096
504.042174782604
60.23603988811374
533.3412097394466
330.84399730339646
64.55866438522935
-192.48950227722526
358.65745612606406
94.80043927580118
357.0141906067729
-80.22244780138135
101.3600945174694
226.01105827093124
742.0315363556147
402.9352384991944
456.73376999795437
51.10047660768032
262.80961561203003
184.84295807778835
-139.854708455503
264.6159801520407
374.88624335080385
211.48060547932982
49.099059388041496
27.14978649839759
-120.02121718600392
268.8791551999748
316.5110964477062
462.87645709887147
390.9610800072551
88.43694157898426
345.41287026926875
-9.051134373992682
291.5893542394042
364.09199879691005
148.95576841011643
114.15013006702065
377.62813102826476
-82.90051832795143
173.2460498251021
-113.25695041939616
284.25408256426454
-35.62873561680317
388.197721067816
229.240669593215
245.3677843399346
-29.98955525457859
303.3464347831905
328.18839927762747
267.2507543936372
169.42476976290345
-33.70330395922065
229.5498366728425
-26.660707760602236
-15.874587189406157
-46.188994862139225
421.60829765722156
195.0847680196166
384.60097628459334
282.26593186706305
277.94397570565343
344.96393763646483
199.29568208381534
373.34826942533255
38.97026873007417
250.82004480436444
404.449008513242
292.00173979252577
399.26590859144926
282.8883852288127
154.87925243005157
194.16784896329045
281.51806696876884
13.785948429256678
378.57009321823716
213.53508337587118
370.370124399662
154.84019611775875
302.96008544415236
141.00975796207786
276.5011563785374
402.3398759290576
280.1673909202218
178.28849428519607
309.19910154119134
49.899652015417814
-171.0783306621015
-11.694076463580132
337.07020434737206
436.7561019510031
174.22844437882304
524.7900017499924
121.88975721597672
161.83136228844523
761.4801139384508
111.7682793289423
163.71385787054896
234.57920972630382
683.6083756834269
-135.2900103367865
73.06171254441142
-163.1504417695105
668.1321528740227
64.77067248895764
-78.94997416809201
-98.58170797303319
256.3795399107039
227.52739863097668
377.16951950639486
179.61674321815372
574.6801930181682
309.80624802038074
166.98672383651137
127.19080511853099
-9.731385685503483
294.55776077881455
118.36138778924942
213.26128959655762
244.80540898814797
527.0408499017358
390.76705337688327
116.93042528256774
100.53957498818636
341.08773628249764
392.82200372964144
347.12443310394883
436.8608132749796
-35.29734570905566
205.15392003580928
223.1279374025762
360.2130528204143
553.4614138454199
-156.49571120738983
470.37652995437384
224.8024975694716
24.52235632762313
61.75254100561142
203.9255418740213
55.70925199240446
326.1023068614304
224.69037384167314
-65.52940292283893
162.2182382903993
406.4735790193081
57.23611204698682
183.27180499583483
67.99927190318704
103.43370588123798
117.63360931351781
165.6854810230434
147.68160503730178
20.445072632282972
1.876287803053856
240.67614443972707
-8.233567200601101
106.56401536986232
25.142595008015633
-15.787881452590227
176.2981324866414
155.85410315915942
211.02639578655362
409.6346782967448
276.8942236676812
233.08190658688545
260.1802209764719
310.06580360233784
-95.62941313162446
111.91556401178241
274.4414502494037
221.19398656114936
-77.94878905639052
-90.90953815355897
166.81639172136784
131.47541599720716
105.03151733800769
96.02950853481889
345.217322781682
29.06801698356867
18.20197132974863
-35.95730668306351
670.877655364573
132.16513497754931
80.41183879226446
175.47070883959532
149.38588232174516
254.1536745391786
518.2841087132692
262.19073490053415
172.85644835606217
539.6301541887224
530.8217524364591
96.8089616894722
566.6873241998255
36.586640294641256
-206.25886089727283
74.48772275075316
256.9515466839075
-127.71821979060769
352.45741283521056
581.0328387357295
587.1018349714577
671.4134937152267
795.0883971229196
-215.02554688230157
821.4761181138456
1024.2705443166196
445.1212166287005
937.1664673686028
858.6930921152234
39.90135672315955
223.56478195264935
-11.49478954449296
-81.54383201524615
550.9710254408419
-113.70555601641536
723.7404954880476
453.3908941484988
594.6056908294559
405.92885245755315
462.7345024906099
346.66809098795056
70.24719586223364
429.66830081120133
197.1046680957079
-404.2434651851654
-67.83008862286806
958.8123424760997
158.9566946104169
42.40566487237811
-40.00155432522297
18.39432292059064
289.2009465508163
226.6084905900061
882.4574121274054
-55.68807813897729
193.88101409375668
307.3893692493439
160.51350984722376
-226.96385933458805
179.94998051971197
202.00732925906777
216.0827780328691
237.04339823126793
273.1559392809868
367.39391455054283
464.4346113912761
52.36069078370929
337.21602810174227
180.07735715806484
123.02551468461752
116.58742433041334
-164.77498828619719
483.07490968704224
179.33584969863296
220.64910769835114
233.34952398389578
322.5706061460078
-97.79538244381547
530.8280215114355
-43.6607952080667
189.06561037898064
281.57615664973855
-425.9414402320981
298.1057973243296
449.9642129018903
-47.802091643214226
-241.94556383043528
685.6181773617864
585.0429067015648
720.195165950805
520.3651315718889
57.06029753014445
-242.9185935407877
676.5712759792805
886.9707047194242
117.98012450709939
869.828407716006
1064.7357138618827
-65.93676269426942
223.16041309386492
-495.6344107091427
151.121508423239
336.14026976004243
61.847096778452396
-387.75968125090003
217.12183728814125
445.2395556345582
135.3364748544991
135.226698089391
491.5671463087201
138.20731838047504
298.5957595668733
52.234149526804686
59.57616125047207
506.24689393118024
-45.44877082854509
516.846655074507
224.39481557533145
273.42926723510027
79.43279507011175
165.90951526165009
178.63905631750822
-26.233249589800835
517.0825366005301
281.76040744036436
150.40040603652596
173.25158235430717
320.6047402098775
223.87162399291992
326.2225972302258
25.15635183081031
334.7688620686531
291.89362332224846
-123.91841188445687
439.4002334177494
99.66330917179585
135.4425643980503
98.86810103803873
253.01205405592918
403.52646070718765
349.75642316043377
-44.110271736979485
43.714696012437344
307.35291247442365
155.92253954708576
57.80893635004759
289.14062870666385
16.19054665789008
476.7148378267884
-48.41765868291259
121.82440624386072
232.9231358319521
347.6736421957612
-0.20626289770007133
334.5200809761882
-9.150476384907961
32.51080954819918
58.81632513180375
296.772341478616
216.1087231747806
331.93357665091753
249.57545474916697
295.6287993192673
120.24749833345413
204.38027299940586
160.02258583530784
276.2594041004777
174.76181903108954
-95.89570197090507
156.88911971077323
151.87674668431282
104.83112248033285
86.60913744196296
245.640572283417
64.63749822974205
135.85489010810852
191.89388370513916
265.63323655351996
347.6967237070203
76.15151183307171
491.73319458961487
106.67935756593943
250.3395237289369
54.581167697906494
-34.439484655857086
63.646772779524326
201.0569464303553
437.3155872412026
193.6419865451753
331.8656567707658
246.00370458886027
170.63026912882924
245.55005122348666
-164.07111395522952
137.7597076408565
226.33460201323032
97.26391422748566
-23.152176670730114
-12.50040677562356
4.0126023180782795
182.2955123335123
505.82432713732123
72.78052440658212
365.5995273180306
168.58293995261192
166.98347095400095
222.5250721387565
257.6736230738461
-95.18383892253041
252.85775658488274
312.30471228808165
294.6107657626271
332.440542306751
320.927639875561
-118.84306948632002
-318.1184838078916
320.9300672933459
-10.41683529689908
-4.853409551084042
-28.25455454364419
132.44179322198033
217.18385764211416
-110.06160210818052
526.8598947785795
12.603910654783249
217.47960815951228
-303.4642548970878
286.3827199526131
192.79297614842653
-106.16723512113094
-41.6889092028141
207.43993151932955
195.82560557872057
129.2474903613329
148.30290212482214
148.0983468964696
651.1779946237803
61.887897443026304
454.96590127795935
63.591769240796566
194.20692383125424
162.16811030358076
46.86492607742548
-137.78184255585074
472.33650467544794
92.69693452864885
365.07114923000336
-20.00831437855959
710.1181751713157
192.51870212331414
394.339194688946
150.44455518573523
-34.39330164715648
654.4747809246182
-168.68434719368815
-41.1712166108191
298.72535801678896
57.663920760154724
178.75248194485903
459.6034230515361
554.6525267399848
261.16780948266387
510.002063781023
332.1592049077153
121.88489567488432
71.97422547638416
151.49370177462697
344.4291442632675
278.0931674428284
241.3235673084855
46.629746459424496
260.26018711552024
261.4456439167261
212.1246420107782
47.75861656665802
-37.55742151662707
182.29107981175184
339.1215812712908
384.806075155735
13.210237432271242
73.80018881335855
245.50605397298932
216.75699128583074
2.243826851248741
239.18286898359656
346.3256045244634
-70.85582080855966
149.78012496605515
9.760230928659439
117.55182971432805
110.11506017297506
300.91573874279857
154.4145711362362
51.84470225125551
-217.24962651357055
0.5372811667621136
367.32278137281537
521.6761611253023
10.97075167298317
244.0804598517716
382.854002840817
322.9333991780877
242.63371048122644
284.2777098566294
403.54823057353497
580.2190945520997
228.8345065638423
344.72288765385747
-1.7481536455452442
293.43324882909656
590.1624426804483
96.15015102922916
245.82646984234452
518.5196437910199
213.4513473920524
245.3729896210134
589.52246549353
-29.75236041471362
108.69104763492942
62.18386832997203
-236.2540666088462
272.9286257736385
-56.540855783969164
70.07312408462167
403.430376380682
450.9350392445922
203.79983226582408
843.2472256347537
112.83099035918713
-31.193987905979156
499.4658530652523
261.05917052924633
494.47888112068176
155.9102538265288
-86.17928386479616
328.72548262774944
575.5274710953236
664.6628136448562
79.63838952034712
550.4950437955558
-107.24821756780148
441.3199710659683
-204.26608212664723
497.5831260830164
525.9436608068645
377.7485951632261
306.49907587468624
184.36783877015114
149.0301385372877
296.6006801016629
635.4418867751956
439.0149969160557
179.2860730625689
-157.07787068933249
-19.223762411624193
-46.316576067358255
-375.52186189964414
-138.97306684404612
223.516420122236
-234.43810123950243
367.02590788155794
23.40332231298089
-145.3914963155985
308.3109903112054
608.3079344592988
273.03498362749815
54.9078310765326
447.80106681212783
-213.16568564996123
47.51891538500786
455.23863711580634
-153.2522746063769
-192.9518169388175
155.3799412213266
-66.30314951390028
552.0803511627018
102.58589189127088
-303.0991394035518
286.16640615463257
53.402065839618444
271.8449569270015
269.8593578003347
232.97558454051614
177.95600828155875
-38.10292689874768
356.74621442332864
425.08059813827276
119.67801405489445
202.34492195397615
967.811068713665
97.90421259775758
-89.25169409066439
82.51034509763122
313.17462430149317
99.97155589237809
397.75885803997517
466.6061259098351
134.57832899689674
163.80216820165515
915.7774183824658
163.12670027837157
257.74599588289857
-151.6416908837855
547.7595474869013
-82.49544616416097
218.19808050990105
58.37758297845721
577.6298827044666
291.56972996890545
258.5187543928623
-122.28617170080543
539.8335104361176
526.7962079942226
474.9895331636071
763.0836073569953
694.8407008908689
211.12796398997307
149.35466220229864
650.9428708143532
293.505001436919
297.5856128744781
618.1297371797264
184.4877736568451
213.68924907967448
335.31208285316825
509.3699029497802
147.11828169226646
252.72827623039484
-26.13243218883872
388.18472059443593
188.23668737336993
666.5175173506141
-224.2803499624133
171.1345640681684
405.7419766075909
718.2762884050608
124.53276051953435
242.2414579167962
197.57211358100176
355.1480553634465
104.07195403054357
160.21124820783734
250.86629778891802
341.2937605828047
821.5292903110385
498.0298088826239
284.6022473797202
448.3016307428479
496.81383530423045
135.035666231066
19.467993557453156
486.6781707331538
230.47121256962419
186.2633319273591
175.11931696906686
553.6755543500185
477.16140557825565
-369.6386799290776
35.64789216965437
277.43492782860994
29.899258360266685
95.33256015181541
414.65317975357175
61.728784263134
77.02105325460434
224.37011511996388
436.1557702794671
445.07308070734143
297.6489938981831
-110.68194933235645
509.32362619042397
445.8044941946864
552.0167598873377
158.70018407702446
73.63988542929292
348.9940253905952
-59.93234984204173
523.8001694865525
34.83075650036335
650.7957916855812
93.21837643906474
23.95418382808566
417.56373957917094
-6.371688488870859
410.805208183825
324.9143049456179
78.98839534074068
71.77273288369179
97.37862126529217
343.61616679653525
222.19320387020707
-219.3549292869866
144.55460219085217
179.8616772517562
-57.47321544960141
389.24556700512767
437.4590679779649
158.95787635445595
496.74024752900004
555.5582707822323
366.0899169407785
82.63056964427233
429.7852027118206
693.731122136116
36.49468922242522
12.244301185011864
434.32396399602294
-77.28205742314458
183.50471390411258
138.72751354798675
271.5272974781692
190.34329353645444
92.81525258347392
156.00780830532312
-223.50646228715777
240.13350546360016
383.7056394703686
176.55372181907296
266.1652170829475
583.6870210841298
451.13394010812044
451.11134449765086
19.62065625190735
30.67569289728999
-157.4801924303174
522.7888368740678
345.44209970906377
368.13825675472617
393.88193610683084
361.77918118983507
-9.79571409150958
294.2756803408265
190.10214464738965
170.69937546551228
218.48485849797726
121.55364406108856
194.59165490418673
-160.1281357370317
699.6651508919895
190.62238059192896
-196.14306824281812
61.6639680378139
286.9822158664465
177.22838313505054
493.66889898478985
249.02393325790763
501.0556612610817
60.37720796093345
196.93508154153824
568.0862163305283
79.15870736539364
52.97136013954878
67.09080684930086
183.06492230296135
173.08011076971889
-62.85395884886384
541.7474253997207
-204.83394695818424
-653.1382949575782
137.9110566303134
677.2135916613042
137.79646264389157
246.52425196021795
-5.769745651632547
80.41598090901971
102.75223429873586
389.6738849245012
598.2970441617072
190.30697692930698
609.8240704461932
568.2970797680318
33.51130076125264
-389.74172577261925
-101.86953516304493
52.868310052901506
542.3605524227023
-21.99370303377509
-164.65627612918615
563.7489394210279
73.5493514277041
622.1955323293805
288.34031691774726
-366.80350436270237
537.0293035209179
453.16010938957334
741.1059015505016
60.89162240177393
577.938285831362
621.1996597014368
796.6367815323174
131.64491003006697
-226.90338100492954
495.0804070197046
992.9912173114717
868.8847598806024
145.0792843811214
362.9179650172591
582.0856456682086
545.4861976988614
418.0117440260947
-18.820260979235172
-26.860842987895012
262.8657943792641
760.1727446988225
198.1638859845698
511.2770024500787
923.3796721734107
517.6214070543647
379.94216352701187
426.28826451301575
306.01912624016404
898.426375284791
238.5552836097777
499.3593135289848
-148.39649162441492
878.0854692459106
42.37958039715886
361.98518455401063
241.4929636530578
303.66668429225683
409.6931229829788
-36.19951658695936
569.7961284965277
3.592672389000654
72.56053410097957
66.59542701020837
409.3671083264053
-272.25568142160773
289.5489009395242
308.8971225209534
486.4415510557592
32.530162919312716
941.4128088094294
1067.8640411533415
636.8538497835398
-564.4735842421651
541.7445374652743
173.00526268035173
157.63586442545056
385.1278366744518
-176.0769408158958
163.64493406191468
448.67417619004846
-339.1524310335517
140.47243396565318
894.1164237819612
61.17713011056185
488.2157666273415
-187.54677418619394
316.79252541810274
459.0354047641158
276.05628214776516
167.17345915734768
138.06090169027448
277.7203228287399
-194.47957654297352
441.89894837141037
374.2409540042281
-41.1809550113976
258.36317859590054
667.7151538953185
51.75469743460417
-64.04214062541723
-53.85830235481262
6.175598666071892
-260.2666466422379
326.4064461365342
354.75080186873674
321.31489101424813
86.52111595124006
218.71447348594666
681.4708527363837
540.2090855501592
439.378198672086
693.8674984201789
524.6168767437339
93.64240689203143
-232.57081943005323
250.61421748250723
266.95012034103274
-90.67388286441565
-114.41947085037827
297.1107799895108
558.009123146534
266.94995410740376
621.0572464726865
-192.79663710668683
241.98414248600602
102.34606719017029
333.7971601560712
-297.79280046746135
159.0539419800043
-55.9537785127759
217.47673150897026
225.6265680640936
-208.10845413804054
774.7067640908062
562.7975594699383
330.13645716384053
-49.83999966830015
176.86697375401855
383.3196504227817
-187.32086252048612
200.54236125200987
220.8794815428555
391.0649522319436
131.88853288069367
-10.911331195384264
169.56571895629168
-141.12916054204106
-57.00750041753054
15.182409331202507
18.89967142045498
485.3526315949857
559.9838078059256
65.96296129375696
590.8569762893021
301.34420036524534
34.12899050116539
378.78452979028225
438.9626790396869
526.3092898130417
177.4296476021409
301.0774773284793
252.9913511276245
-9.394695434719324
517.0106938295066
432.30927807837725
59.023280054330826
320.67124903202057
245.9295258000493
151.49298933520913
360.25591530278325
186.07427284494042
298.67202220112085
418.81756212189794
378.3234999142587
-160.5598225221038
508.9130741581321
-46.45428862422705
474.8655245490372
501.12937200441957
218.20617685094476
281.51481364294887
649.5883359238505
173.4603673182428
127.07267122715712
-231.07146532461047
244.61422257870436
-28.639263182878494
366.77206620946527
723.1490850746632
267.23731645196676
398.58361318707466
252.42316327616572
27.860078666359186
213.42496916651726
403.8393778204918
165.37958546355367
251.1274391077459
229.20565085485578
-109.32107343152165
-117.75049485266209
-33.846587277948856
230.52920089662075
315.4197081401944
203.41704645752907
88.60684469342232
95.52789743617177
-37.8994749635458
-33.850635740906
299.92020205780864
88.00584866851568
315.15646520256996
199.65171284228563
47.72684360295534
105.56279564276338
153.012256719172
-30.18059067428112
347.24265434220433
168.321629203856
-110.04665652289987
329.8321891464293
614.469802800566
328.1544367149472
282.4914902560413
374.5865901373327
-134.902263071388
-99.71556758135557
32.84296601638198
326.43987767770886
147.0861711539328
388.13771676272154
86.98470840603113
283.2468202188611
238.67506413906813
273.4684704504907
26.710318088531494
22.420310862362385
139.05835608392954
212.78013354167342
546.3417197205126
418.4183226786554
128.63416847586632
216.02558690309525
-192.40235230326653
199.85433650016785
160.52194545045495
227.5481150597334
370.42566181346774
352.674270208925
148.54777206480503
203.33756709098816
541.6479070149362
-231.64514787495136
482.14921417832375
-153.69713152199984
245.31634042039514
450.9651198014617
152.00136179104447
212.57931870222092
221.55115050077438
-18.57287123426795
373.82614101842046
-48.815174877643585
360.7790127322078
-105.94861838594079
142.67835214361548
-30.495160937309265
333.1607172936201
454.8147726505995
311.10893200337887
160.93463717401028
355.2787078395486
-3.1733138374984264
831.2314698696136
12.775714993476868
429.21499321609735
222.8714832253754
207.92534542828798
158.72658110037446
-67.09890412166715
173.4868576861918
263.34036510437727
234.78027584031224
393.18934459611773
81.48086893185973
440.70602402836084
45.733255594968796
108.0451192073524
276.55177984014153
-32.10258647054434
165.71667164936662
171.66097443550825
21.520600762218237
328.73694241419435
274.54690324515104
317.3780407682061
-123.60155352577567
557.6307834908366
358.58571987599134
627.8612978383899
530.5524490475655
519.6974070109427
225.10342215001583
312.1647254861891
585.9729926735163
516.191618937999
815.3506814390421
471.14368204027414
-74.8508421368897
312.15337807685137
-26.662855438888073
153.06626548990607
699.6004777289927
5.342379305511713
-64.46054475009441
428.68519754335284
914.77062369138
531.2669580690563
-239.96993548423052
-43.7040781378746
174.8628780953586
541.0182448737323
-463.8940740376711
163.1035858988762
478.4046238027513
315.6990291066468
1175.6650200746953
641.148270342499
638.9340574294329
649.6928358785808
212.8222200088203
400.32886331528425
323.9897684082389
790.358756326139
656.4699815362692
588.1665549054742
-68.27877067029476
580.6543655507267
511.01716734468937
-420.32660975307226
123.36755826324224
535.255130276084
501.82474417984486
145.50736214593053
192.46070244908333
206.84355550259352
-23.981417778879404
127.07120997458696
-17.89362345635891
306.4227070994675
361.0505015589297
11.505265548825264
75.64235593751073
335.9819481447339
180.99771492555737
78.19858414307237
405.8447863124311
16.413626320660114
100.88263082504272
144.42868335545063
304.7929036952555
241.5035239085555
255.0245277620852
-138.24220789968967
216.90229815989733
189.32865811139345
-67.60748199000955
242.45899609476328
247.31823317334056
55.59166410192847
-7.06063599139452
170.65798618644476
93.41809392720461
354.22665524482727
20.223083596676588
61.31372205540538
249.54618181288242
504.2128776796162
-105.30137023329735
179.6285712197423
72.20849862322211
-94.85025364533067
185.88906599208713
229.7426316216588
88.32797590270638
295.6670773886144
288.6816345304251
0.18476217985153198
30.4435459561646
-20.588788099586964
216.47579195350409
174.9734636694193
464.72000117599964
706.6212991327047
371.9598758555949
-48.690550804138184
278.9189138151705
-94.24568478390574
402.26457552984357
344.2313565276563
410.7236806675792
627.7105529531837
204.78026513382792
370.26637279614806
399.9590076096356
378.9347622320056
347.26943251118064
-142.1098107919097
-26.622733008116484
157.76265460252762
494.4936476498842
129.42929493635893
-109.39944967627525
172.6303614974022
499.08405864983797
420.97269383072853
370.27196346595883
-81.18608644977212
455.93355851620436
414.5088917091489
180.82372381538153
176.33459803834558
317.7878984250128
320.387899748981
48.99293578416109
-28.40008272230625
22.146692607551813
631.4580757729709
391.83842281624675
136.26489813998342
456.81440890580416
34.24904615432024
311.73380620777607
433.6386709176004
395.32081612944603
514.8525098673999
322.41475182026625
292.31192239001393
111.12769845500588
-108.84289245679975
80.18096466362476
47.838174786418676
120.80896661803126
736.1392132081091
353.78851287439466
1.284049917012453
842.341654792428
-53.801413513720036
626.7806492745876
-238.5049981661141
219.89567575976253
191.74595049396157
-0.7610122114419937
-7.012117091566324
950.2209991328418
1182.6491761393845
425.57149090245366
95.05517160147429
354.0920865088701
457.7447051182389
517.8458883687854
138.00780004262924
235.95724388211966
694.1608770377934
866.9428254701197
-3.441148243844509
732.6683186367154
303.3039603754878
182.03647711873055
-27.34412718564272
286.07685221359134
60.68062359467149
278.41695123165846
-68.05276668816805
201.47678634524345
272.90454088151455
246.940893355757
547.0286758057773
629.9332857131958
-222.25063101574779
1062.4419261552393
-321.1727669388056
-75.5528934597969
505.60977482423186
780.2255145683885
291.01901081576943
232.01722085103393
103.3338981717825
191.11489771306515
887.1365908719599
473.47384962439537
307.1075160317123
357.8426121138036
216.77563847601414
115.18456118181348
519.9311241172254
363.9195194989443
296.1552101634443
57.76426825299859
119.44950266554952
451.3571241572499
669.4207861721516
-242.55046838521957
187.3517378680408
424.2827498950064
580.5312513336539
534.7311928868294
-35.88022806867957
267.81477377563715
54.91290106996894
350.2788746058941
-147.30248530954123
550.7402503043413
67.03208924084902
288.3456438817084
268.50933270156384
134.76766902208328
336.111885368824
634.8260194063187
429.6811938583851
417.7763735204935
-20.484969560056925
-70.82541492953897
118.02741524577141
259.0226620323956
211.9253214597702
822.4037929922342
365.40589997917414
68.70086476579309
375.187194339931
339.8715889453888
572.4637413732708
177.1927735581994
210.969423096627
427.0627626180649
-164.01320369914174
329.07103296741843
479.7243590094149
-114.06811705976725
-42.93169514089823
265.186365570873
380.09055664390326
262.11715818569064
110.57801412791014
199.48157534375787
107.55337097495794
298.51408080384135
100.44066102430224
22.67647387459874
583.135510481894
299.74040573090315
435.1863762959838
73.27802486345172
176.0484677515924
309.81384724006057
288.70474848523736
282.1020072288811
554.4279895722866
346.028048645705
155.98048712685704
152.55916237831116
227.46772367879748
120.2218334004283
254.0866246521473
12.916803531348705
245.85632345452905
107.02472142130136
209.94744328036904
262.54160710051656
404.68358734995127
143.00899206101894
330.9575445391238
280.7577831186354
344.45223696902394
-27.913559332489967
142.20540748536587
-131.5632488206029
247.97047070413828
314.210770457983
419.96262412518263
45.998388066887856
-86.18308321386576
27.53864684328437
245.72180560976267
166.0779717080295
-22.620944809168577
265.42992236837745
425.3433982208371
-122.92005999013782
170.1911860704422
190.81152843683958
250.9586989507079
64.08904565125704
136.34160018712282
154.63969153538346
43.1216417811811
522.6559421382844
285.70281122624874
383.14602244645357
116.087117806077
296.32227275148034
100.76686311885715
389.28250508755445
543.279810667038
544.4194644838572
483.9999096766114
102.39111785963178
135.66934716328979
286.4807420261204
221.59525199979544
494.05529629811645
452.48247361928225
236.3361656330526
576.617909219116
184.64731150120497
197.55383107438684
82.4095422513783
211.6122597940266
197.2254334576428
314.8129389286041
25.25409235060215
133.5871831662953
25.495933290570974
181.62710312008858
75.93140760809183
149.68246993422508
197.83593729138374
59.03963765129447
385.96485229581594
212.4752611219883
179.09385354816914
184.14780509099364
475.7788288593292
151.22556227073073
-12.447809178382158
247.26030436903238
229.65241470560431
355.071644987911
88.8680179901421
464.54001815244555
163.1033704355359
436.7914541102946
68.26665043830872
334.3042220212519
6.510138459503651
201.7290900722146
313.94525481015444
187.4973042346537
81.57460858672857
390.5189980827272
124.69508950412273
157.6864350475371
-114.16930865868926
161.85212271660566
177.82749549299479
93.48236109316349
169.04416302591562
191.60818947851658
377.07299199327826
90.28711663559079
191.47052523121238
408.803599704057
172.59979736059904
427.58832351118326
131.6058807335794
156.87175181135535
141.17876702919602
-13.442822333425283
452.35953203216195
401.51047518849373
-103.42308373749256
-34.93012114241719
-41.98443529754877
-128.1991945169866
116.03322590515018
-59.403357326984406
140.81840508431196
200.22157910093665
199.86521397158504
64.65279801562428
319.1462873853743
153.3927469290793
249.12441071867943
189.13701194897294
121.15027153491974
266.09791027754545
65.50614822283387
292.5904369316995
-18.246626418083906
269.8355961292982
-11.906468115746975
308.25187411159277
105.32640811800957
282.82996948063374
544.7414917834103
353.29388692602515
112.55619831383228
264.6228678114712
712.0256041549146
640.1025462970138
-221.89684123918414
203.51580270007253
-307.7349649146199
-31.001205038279295
550.9147995859385
14.474019780755043
140.08455587550998
-159.84988593310118
517.0360378213227
-153.85950914770365
229.52909579873085
281.5048654153943
386.9534892216325
255.03817461058497
618.1724127754569
43.60634631291032
340.4794809445739
-350.876930385828
-87.42434038966894
259.5555315129459
92.69699668139219
609.6267558634281
316.6861841753125
372.1145851686597
-141.50370897352695
-119.7570869512856
177.96982882544398
1082.079489465803
199.62849239632487
303.7269081287086
1.6914972700178623
455.50696317851543
389.7976062260568
144.665501575917
250.1057875752449
123.79234466701746
663.0424729920924
392.677572529763
420.1950009390712
-75.98505139350891
573.5369272194803
149.87660202383995
80.7417778223753
19.21807098761201
397.04375065118074
130.62315794080496
-36.777194797992706
386.3506367318332
135.10490370169282
720.4837922044098
104.76870585232973
277.58580373600125
518.2667653858662
530.8346811272204
250.79059993848205
155.46645937487483
174.91813554614782
378.1954937018454
7.412400111556053
269.57346514984965
-16.589977100491524
93.05783544108272
412.9142539650202
552.4506967961788
306.92055647820234
588.2420368716121
172.6267041116953
-8.202726271003485
177.30253688246012
94.99199476465583
-117.54103702306747
297.17207269370556
325.58374847471714
228.86921585723758
342.9178999401629
254.1514166891575
468.935305044055
59.151023142039776
331.49467112496495
478.64240177348256
-172.12289037182927
274.1600510403514
292.6871233396232
49.549599304795265
421.2431396730244
257.568129401654
252.86241371557117
9.494561363011599
211.42017434164882
255.4223850555718
-153.4690465927124
164.4245228767395
266.28113673627377
325.1894111074507
406.23491371795535
221.151598200202
261.15297275036573
301.6999302916229
134.1460199728608
42.82791505381465
312.7666807845235
418.18508433550596
127.05861497670412
205.3561491817236
173.52303455770016
762.2877107188106
47.99408884719014
265.7823375277221
105.54182475432754
439.93024058267474
171.86303765326738
154.19506445899606
20.961933311074972
-12.683374721556902
77.5792166851461
-124.10285100340843
155.301388759166
268.24120244011283
-58.16518672555685
258.9338779859245
177.2616873048246
60.29089783877134
127.57954700291157
164.98395497351885
-425.9608508348465
-132.59681463986635
303.2307972200215
-19.002831492573023
426.0142854563892
273.31447444856167
467.2919704094529
226.9750826023519
152.44747657701373
247.90095679461956
333.6557703502476
146.36635031551123
-91.47986647486687
-14.153751574456692
423.27913285791874
213.35970873385668
437.41889675706625
87.77083506062627
320.81069530546665
538.4938385412097
168.5537869669497
661.4247660525143
241.47250501438975
520.2632121182978
586.3666939102113
-20.405079565942287
124.0225302875042
-229.46912294626236
69.22844511643052
305.29290901497006
358.28856540471315
236.75564091652632
-130.43377107009292
38.534152787178755
372.6296094506979
146.03586353734136
-427.078507989645
203.96104172244668
504.75074116140604
456.61163733154535
716.9613276943564
447.078225761652
247.94534700363874
327.136256467551
51.442696414887905
-138.3366875052452
218.1328719779849
941.8560267053545
75.9453478679061
114.56599436327815
415.8678341023624
-246.68465182185173
542.2485388666391
243.29815835133195
511.46788354218006
104.8442877791822
-193.28948663175106
138.17774130031466
272.7098955027759
507.6520492993295
66.37050496786833
-4.304588221013546
328.4432713612914
340.49391793459654
491.0877521932125
450.2935885488987
-248.2765496224165
479.70846328139305
-40.10141235217452
83.13097189739347
261.0862914323807
276.7956615537405
100.68012928962708
-35.84312868490815
312.1815982758999
132.0891645476222
226.35117937624454
127.09949904680252
-18.973835799843073
13.13532093912363
62.26457679271698
264.22123849764466
437.7241158001125
111.04067527875304
81.02121527493
-20.361534848809242
300.267427649349
99.22407720983028
266.0298437960446
120.79343328997493
-99.75888403132558
125.69938071072102
470.1585872396827
320.5372880399227
289.7486596778035
139.01736591756344
93.45522717013955
-34.98293023556471
201.05982661619782
113.00834077969193
304.82260543107986
-69.61553040519357
137.89314902201295
207.91453823447227
140.14348948001862
353.6527180187404
227.34540850669146
128.53120978549123
244.91035829856992
121.92955728247762
280.0787090808153
238.36669274047017
204.51305055618286
217.5944899879396
144.2501914948225
-69.7892122156918
203.2827965989709
24.689360961318016
78.4538342282176
234.6737199537456
536.7984103858471
-305.27050099521875
688.0626739896834
-56.90740041434765
37.73239019885659
556.1962476298213
264.376670666039
47.32781330496073
-151.3188030384481
373.6645071282983
-24.9929260276258
178.0816469117999
-149.44767186790705
-35.53105403855443
263.8115268275142
666.1559362821281
640.7537651844323
94.29069320484996
336.01258616894484
114.7525787204504
412.50939367339015
38.51860662549734
757.9573057703674
351.013041947037
319.4192651808262
478.16564239934087
271.8002894334495
962.3320125043392
68.75846455991268
137.7293460033834
507.332182276994
24.4298507720232
364.9080393612385
271.6141030676663
436.98316149041057
689.0781605429947
997.2555302232504
215.62394442409277
-247.99690979719162
360.6478715315461
45.34778047725558
-125.64140705019236
293.8159760981798
-301.32525415718555
-423.81803656741977
256.47838835418224
751.693230535835
-464.8178625330329
386.7752943634987
283.78731783106923
20.013065222650766
40.57455663383007
101.99222488328815
-362.2302638143301
731.307994697243
288.8072557039559
26.963410302996635
89.63571543991566
-174.18186305835843
911.9384823478758
107.35984471812844
270.3815945722163
90.6602515950799
-117.45418992266059
252.62472635880113
296.0770629160106
258.8521054275334
315.3706131577492
299.91196658462286
194.49510915577412
148.6642346009612
-122.64261535555124
376.1602430604398
-65.76348131150007
1199.4747925437987
-259.3092316053808
132.70587046071887
-45.04208443686366
550.4401960782707
-15.372146286070347
441.3370617032051
217.3310421332717
327.0860564522445
249.70515350997448
280.9634957052767
134.33523037284613
361.6911756284535
715.9819997623563
-332.77802127972245
-371.77105900645256
1027.4646016992629
694.8567239940166
180.3788443170488
763.9302120618522
614.7995283603668
345.53804179653525
815.1198283173144
-91.5069699510932
409.8976323567331
325.3931231498718
86.13948023691773
213.1806608736515
120.80946205556393
528.4872393235564
428.5129401907325
294.7054414860904
159.25506000593305
353.3963760025799
-51.63200410082936
323.91317841410637
25.847370635718107
363.4857788309455
104.78845500200987
502.5234853550792
539.9766306243837
458.5518808439374
509.8911808915436
545.0557068698108
93.64112455397844
273.47295263782144
269.8201194964349
362.3888430669904
243.6953279711306
16.051781315356493
-24.908506717532873
111.70715359598398
89.92875342071056
58.37042214721441
-87.56144160032272
291.2978504188359
115.02229491621256
448.5674157962203
266.0843264721334
327.2401265129447
304.3114965967834
217.6745202243328
185.78438992798328
189.6731090992689
38.95091016590595
120.15002546831965
105.8963770493865
212.73001405596733
416.1486205533147
175.50913301110268
301.0879290960729
213.42432211339474
238.5317256823182
109.35566441342235
56.31953562051058
474.77475179731846
379.0070700645447
121.14130533486605
414.9457371495664
30.404690209776163
50.94423896074295
-111.58825890347362
167.38883607462049
281.5174693465233
515.3927217237651
510.5935477092862
478.8775102943182
358.25044897571206
121.87405727431178
251.0413677059114
276.091033693403
403.60463554784656
579.5681600943208
358.7871630191803
263.54546995833516
284.7813829667866
243.6065927296877
172.1966208256781
504.08919159322977
181.2755691409111
-22.159219305962324
313.01212718337774
146.66349564865232
315.7959239259362
247.96826710551977
143.58857722207904
175.88719816878438
273.10000724345446
-114.61334875971079
222.3937645740807
-80.28920674324036
43.174933575093746
523.5259631201625
-153.65533707290888
289.5232577882707
177.19656966626644
-63.97382164746523
47.769834127277136
47.02188006043434
141.75254133343697
443.8557247109711
86.02709292247891
243.71393566578627
-50.770811177790165
348.4139497168362
127.08538269251585
218.41072054952383
301.8361686244607
350.3909256607294
135.17977391555905
795.1431661657989
144.52463075518608
-80.5751281157136
226.26248988509178
515.4298951216042
307.85296965017915
133.7869760505855
713.1680416055024
172.01246268302202
273.641788572073
599.3170000910759
188.95805636420846
82.99761663004756
752.5831398069859
83.5195871591568
122.14011492580175
34.14076041430235
454.7774145640433
236.04244292527437
269.9734092839062
684.7406353726983
-124.7598137781024
435.67798598110676
315.4836617745459
-295.38768787682056
638.3895285017788
429.86160146445036
346.194327801466
437.57640428096056
155.14663223177195
201.92408695816994
117.49024064466357
590.9664522781968
787.0434992387891
-9.888729691505432
518.2057666108012
656.5591506324708
430.24038354307413
83.7472167648375
164.9711843393743
123.66313324868679
490.7930082641542
376.5175981223583
48.27677392587066
-151.91532351076603
462.1929617226124
395.9945078007877
179.54526175558567
304.37838922068477
353.5031840838492
-157.91880865767598
316.1086898855865
228.09076457098126
161.90001095831394
428.34472109749913
554.3842935040593
408.144607283175
189.04710749164224
203.7323587834835
321.833828099072
204.62344815582037
152.91389375925064
478.0722440853715
83.68791715800762
245.62251410260797
279.6600793339312
556.7407760843635
319.4790150895715
266.5241890884936
310.67239709571004
348.9262961521745
-5.087233796715736
139.14948839694262
301.52043249085546
419.76144956052303
243.96753565222025
648.92734939605
124.75767708569765
153.0046188570559
373.11131385341287
325.10585540905595
28.88662350550294
121.78403948992491
262.79732364043593
178.86057678982615
80.31828340515494
163.9403104186058
162.1329391784966
-1.329890824854374
102.73294220119715
339.4925798997283
183.98116191476583
187.4962278418243
60.42363938689232
278.5737545825541
160.5278901681304
212.82667613774538
145.0501738898456
297.1558612510562
148.01563418284059
187.36745915189385
150.2751738615334
147.55893404781818
143.9020004607737
252.01781839504838
123.62402889877558
154.14767434820533
188.20086041092873
93.71199974417686
31.144667092710733
93.28040658310056
126.64397612214088
-182.08935198187828
210.50827145576477
41.489714700728655
200.02084018290043
362.3912347331643
128.14220904558897
109.91160583496094
-56.36592187732458
251.79355070367455
154.9302168637514
-57.804696433246136
100.15599920973182
101.08955501392484
-171.1542422361672
191.63708597794175
102.43175926804543
354.4557659178972
-103.09295787289739
83.66723704710603
12.106046602129936
369.14166631549597
188.52608831226826
320.4478822387755
8.172364097088575
73.63354915007949
311.131320476532
-54.26236667856574
171.7479814477265
-212.18316734582186
117.51116824522614
206.94188872724771
-164.5767372623086
320.46250469237566
439.8267125673592
-162.89560547471046
647.0265224538743
582.5859811715782
292.8075514510274
-66.7966001778841
515.0460972003639
298.937578920275
107.08153636753559
236.16158523783088
539.51027565822
507.7538615874946
444.64754032716155
210.78025222942233
234.23823314905167
252.940285615623
778.4388418756425
-135.23847515881062
15.18657847121358
128.2219508625567
333.3555744625628
286.2110134065151
77.55580205470324
145.86253293976188
736.580437798053
186.62150032445788
208.02531177923083
1203.9804647266865
470.08223398402333
131.30017201974988
-556.1935410164297
176.06334766745567
182.08148086071014
443.3926164954901
418.5531930215657
431.2878182269633
103.99223450571299
-0.20879289880394936
614.5954023562372
233.33626791089773
899.1001816540956
233.90590753406286
418.1110821813345
-137.0640625692904
92.9721882417798
-41.37458201497793
291.9834619387984
478.0681198500097
321.9620252586901
787.2016383260489
270.226314406842
96.38173894956708
35.210588950663805
-2.406222801655531
51.30599343031645
75.66527819260955
255.05924222618341
23.3887419141829
111.22055907547474
-4.752546068280935
315.0783525146544
212.95636044070125
22.30949168652296
285.5421222373843
216.9380967542529
-25.46297998726368
223.47430816292763
238.0006717927754
54.712932635098696
144.3642510212958
70.85042913258076
137.23947654291987
81.37723630294204
82.65209087356925
134.6792956404388
265.8732781596482
139.98935356363654
25.35869526490569
230.38494829460979
208.98698304221034
49.84753682464361
99.32796226069331
9.632507793605328
148.8780234232545
90.9570482224226
179.557269372046
262.9071505777538
390.98660131171346
152.0227907113731
147.43289256095886
-43.659755397588015
272.9684893451631
200.25516380369663
158.74142675846815
248.9754242375493
147.37330672889948
246.91707656532526
11.91516787186265
-25.009811848402023
161.7029929421842
50.63394833356142
-26.69578830897808
218.98123915866017
34.69577846303582
318.61583330482244
188.30733807757497
356.1623480543494
42.336098935455084
52.64019576087594
307.4781709238887
323.03891444951296
417.43580623716116
-67.52515669539571
13.848948027938604
17.14413220435381
148.67843936756253
-59.14833304658532
223.80780648812652
257.94873432442546
494.30502429232
214.10009812936187
450.1429442688823
-3.972731087356806
396.19656351208687
64.30868443101645
100.26069675013423
260.95061473175883
513.8116427958012
209.629819188267
369.9073687829077
61.053944654762745
110.69319921731949
15.453382354229689
182.6001404710114
244.43220873177052
415.4250748679042
-13.90337523445487
82.62653007358313
199.15953186154366
151.58422089740634
614.6287578679621
233.750616684556
335.86868441849947
-0.8159171678125858
218.36001892760396
-50.599690560251474
123.86173084750772
123.718421574682
55.205873638391495
64.0694187246263
571.0323083810508
62.58017221838236
389.3339283429086
28.009355545043945
336.55589570477605
506.9458905234933
435.1814144216478
-152.11405634880066
-5.720141585916281
-94.42914779111743
206.0230623409152
200.4618451744318
287.02724754810333
218.26765263080597
288.9074823781848
307.6194030530751
453.8021777011454
152.69755078852177
-67.7144913226366
3.0178805701434612
605.9248727448285
28.236064806580544
257.25808671861887
311.7526625469327
503.3923907093704
203.27233992889524
239.21811274811625
60.67000899463892
294.7975698299706
394.77000804618
251.22029992565513
400.7092878334224
148.1590193286538
212.27445927634835
7.950259681791067
398.1044279523194
290.3674044460058
577.6401997171342
-47.196392588317394
302.8745433241129
-6.494973216205835
68.68915139511228
396.2840887531638
378.71486807987094
494.82422241941094
170.82964368537068
177.3906647823751
412.7819036208093
-136.56424434110522
233.87084514275193
200.16567611321807
420.3458909317851
218.1794652082026
395.0075192861259
-184.20528691262007
335.0100932791829
263.7523949071765
540.4113116338849
173.51475263759494
583.9803123474121
455.86058765649796
197.9913128465414
-33.20127832144499
703.194174490869
61.96179620176554
273.9640909098089
-232.69706557691097
-142.44933931156993
-1.3739427514374256
47.284742161631584
631.065543603152
481.81155986338854
239.21235997974873
-144.27700406312943
228.4206980764866
484.1230974011123
-19.256937753409147
-22.727274242788553
394.7795299552381
-66.31751116737723
424.4120773226023
220.90969237685204
-155.74762089550495
564.9668798036873
519.0986979864538
194.50187420472503
-45.74967394769192
-116.69391414523125
-81.14658087491989
362.9233887642622
-201.29003619030118
371.5937768407166
48.34466153755784
-197.11774857342243
266.2314114794135
343.4100111052394
36.249073423445225
120.09308409690857
342.22348852083087
216.21236047893763
201.2700004130602
390.48243536800146
359.1163059771061
36.8608610406518
-27.753096856176853
-113.25565921142697
-22.840076431632042
385.3379350118339
-36.90335737168789
135.567767534405
173.39812966808677
81.6243956759572
297.290098272264
316.9880520068109
-41.960495457053185
145.99073672667146
244.3247958831489
87.65310245007277
77.279282245785
269.8828192874789
66.17049403861165
313.6046597659588
375.81461561843753
115.97625041380525
37.304976154118776
229.98672207072377
159.51745396479964
245.2441348619759
38.8742889277637
192.4936520345509
31.95934535935521
78.68645099550486
76.02646640315652
243.69595911726356
248.65327847748995
116.47328509017825
372.176096778363
266.4275601282716
617.4780691862106
344.5481359362602
236.48467805981636
186.2986439205706
-203.97810098528862
209.01606933772564
-111.28550368919969
-53.44265630096197
267.5673758164048
-32.92532657459378
-178.15915953740478
363.78608533367515
151.62353351712227
285.6897370107472
489.11105328425765
244.3747769407928
163.67126884311438
233.36964289471507
-132.23102308809757
137.6420490220189
-42.104208931326866
167.43464439362288
-205.55192252248526
375.10767775401473
475.209594424814
-184.82889936491847
-45.47215663269162
89.32671103999019
257.20814860239625
296.15665036439896
40.33976528421044
300.0682349614799
500.3452940285206
149.46467812359333
154.91943949833512
170.58271358534694
174.71052675321698
125.21500764787197
102.41654764860868
25.853694941848516
67.30318821966648
101.11462704837322
48.22054001316428
91.80372125655413
89.84772442281246
76.36643834784627
8.878658819943666
218.74961015954614
298.4906791858375
277.90077894181013
125.35172177478671
406.06569699943066
-78.7516429759562
68.83089727163315
293.0855859592557
349.89460368826985
276.44775680080056
346.78688195720315
319.53180829808116
162.0389490351081
214.61723985150456
236.32776891440153
2.9925415329635143
631.2595626413822
87.75958095118403
-254.92770060151815
-390.7783638983965
420.17697774246335
607.8260577246547
-142.58965384215117
427.7416688390076
171.451867967844
16.05252792313695
483.0990934446454
-95.80065355822444
677.9149646386504
-107.10299469158053
106.92787191271782
390.50565430149436
193.62808538973331
220.70257478952408
227.65103501826525
-54.3366357088089
136.0154041312635
241.0679457038641
-55.03817991167307
-72.47545910254121
118.68032852932811
455.6793016195297
627.9028330780566
521.0718884766102
219.7823287807405
-103.89861423522234
451.0617644302547
153.5316433608532
127.77703647688031
-44.762665927410126
95.95227755978703
-63.659121710807085
539.3030844032764
187.28787699714303
-236.7001255452633
109.79411896690726
233.08702176436782
36.676544431596994
147.91111567988992
575.8407412730157
313.0016597956419
379.42199090123177
300.10224168747663
52.71248744800687
239.52389339357615
119.15212233737111
78.29309898614883
224.24658815190196
87.44147973880172
276.28919149562716
116.18645716458559
69.20389470085502
129.73222472146153
196.82029740139842
7.342441234737635
133.49981286749244
299.5549737364054
-50.946777034550905
234.08240715786815
177.57562898471951
23.682423412799835
163.36264663934708
112.31926005706191
-8.551862571388483
279.3353478945792
36.65971343964338
144.96954618021846
174.58109683543444
216.01640496775508
251.07135626673698
326.7081689275801
199.45003585144877
153.47514061629772
156.72287283837795
81.56472054496408
120.22715496644378
142.6791491806507
327.49461214989424
369.8543173484504
185.62588948383927
137.32761348038912
221.68481953442097
240.66473810374737
476.95478507503867
141.0347646214068
94.2368933968246
214.58561856672168
69.78114483505487
-12.990457996726036
132.88395438343287
327.90216053649783
-69.64164001122117
-102.61164509877563
-144.49342219531536
185.35837168991566
252.40586011111736
562.4654012732208
387.6556979082525
285.03082674741745
16.023115176707506
563.6608864106238
-228.81480287760496
-418.88118477910757
212.2151528187096
74.16762986034155
167.99643410369754
436.6287221983075
-279.5555810146034
255.12187892198563
-217.92911178991199
-76.83095416799188
-147.16643096134067
388.3041621595621
327.1019883081317
743.2158659249544
273.1206026561558
465.4452576972544
95.08664378523827
-57.267954140901566
173.24936709925532
232.21705389022827
-323.02438439801335
44.652088176459074
453.2187789082527
222.90499017387629
179.16609663888812
62.26118630543351
238.41302721574903
593.8444459885359
344.3606302924454
162.51962184533477
261.0964466519654
365.3126050271094
226.11680909991264
472.1960713043809
377.64612064883113
450.33574471622705
118.01502297446132
-60.47434149309993
465.021567966789
207.08947107195854
693.0478178933263
260.2297537252307
-175.83214673399925
26.472673047333956
297.29418322071433
107.13369121402502
399.702172935009
213.39061571657658
265.2561784349382
460.4289954826236
306.04516753181815
310.5848079174757
-40.481436528265476
188.21524699777365
27.540827687829733
139.45118118450046
504.97564950585365
-140.59243860840797
104.51956334337592
409.38966081663966
-70.21185526624322
368.9930822253227
-6.177697438746691
134.61338889226317
186.43103594332933
378.0973288528621
234.05792749673128
-93.04562978073955
53.80654405802488
263.90453050658107
109.0363988801837
-102.18452686443925
-9.193199712783098
319.6959437765181
37.06620206683874
-33.008627973496914
544.2361951582134
95.19799326360226
-94.88543279096484
462.35876473784447
68.80474003404379
196.75953551754355
179.05354527384043
109.15458020195365
294.68377147614956
304.79528903216124
-105.48516488075256
292.9006670936942
387.98323138058186
107.94230343773961
155.4205162897706
156.05581064522266
87.16795175150037
88.36177848652005
373.05590619146824
276.8907975181937
72.37805625423789
177.55751304328442
57.4377745129168
91.69042151793838
176.58135510236025
210.52635660395026
216.97232220694423
31.476900175213814
290.92495941743255
460.7668611854315
94.56197091564536
345.1226292513311
74.5616492703557
271.3233112320304
133.0241063386202
38.095552150160074
469.49482510983944
222.79635770991445
335.9745927415788
40.20782969892025
166.06114070490003
-17.681160535663366
161.16879930347204
240.65024841204286
87.49900167807937
82.58074818179011
-27.11515772715211
323.12504601851106
-135.79401395097375
276.6991521343589
148.36880685016513
9.096688121557236
214.37052474543452
141.8995407447219
249.21412109211087
139.0809632204473
40.985866628587246
293.6839839294553
319.97256495431066
339.07723899930716
240.09319573268294
148.74628945812583
340.57368437200785
-91.95561122149229
424.86984879896045
128.06176196411252
-70.00792510434985
114.07361242547631
-116.48199513554573
301.03537751734257
-119.41686928644776
152.85312896966934
75.1480090804398
308.08687295019627
211.77396570518613
595.8638396002352
248.75324694812298
334.38041754812
56.99306067824364
180.86034911870956
357.7314307242632
377.4153610765934
833.9430646821856
199.5751558355987
469.9535975381732
-280.45649479329586
210.01085948199034
-134.32337352260947
416.61531707271934
156.4476811364293
9.707868821918964
269.1040092408657
246.90736385807395
480.1508844308555
-43.03836325183511
516.2978738360107
455.8119998238981
680.5097420178354
248.67610108479857
385.4499639123678
399.8684250973165
355.5935502052307
492.6229825876653
271.5468606464565
385.6593365520239
327.60450157895684
-0.7166160494089127
-26.81915531679988
445.12766579538584
-245.42708069831133
-110.61040613427758
272.37997091934085
71.23197177797556
497.0127972997725
276.3597915172577
-190.06279767677188
243.13486306369305
58.15793451666832
100.62193792313337
301.96748189255595
-81.22137412056327
20.356301680207253
130.0024363026023
114.68409648910165
123.29470193386078
109.06276903301477
100.66630497202277
-3.1725398413836956
76.83174322545528
309.513725169003
294.5065346248448
115.94878885149956
201.88396403193474
317.2788954861462
242.75905103981495
152.05175406113267
162.89264581725
234.19308142364025
33.0951328240335
223.30997395515442
38.49877533689141
146.59988790377975
63.52382983267307
217.42752039805055
325.79037879407406
312.41423734277487
282.75206035003066
169.58332901075482
63.3294378593564
139.9962089508772
192.27073170244694
208.476267170161
-54.09945726394653
234.24664010107517
144.45855462923646
298.81334413588047
91.18745223805308
148.1528043076396
41.45297059044242
148.11883465573192
96.72732171043754
-123.28433319553733
157.72491861134768
179.58577694743872
230.85877142101526
2.747381631284952
246.25232081860304
326.16977268084884
-653.600805234164
-399.5524430349469
414.6673579327762
704.0942343436182
63.93410659581423
182.2604805789888
104.96783811599016
355.3569647818804
7.770044416189194
430.16896260529757
453.18537662923336
53.98734975606203
115.49066282063723
562.7717750407755
902.0152482055128
597.3245336450636
120.85712727159262
731.6060353927314
333.43968081474304
-245.73577312380075
275.20681266859174
60.61935853585601
662.3017412424088
-63.43233145773411
8.977302830666304
-10.397021893411875
-43.9784883223474
431.1065951101482
-273.91942862421274
413.43672685697675
229.71639208868146
177.07303791865706
862.6397360414267
-183.6763286702335
945.2503580898046
34.976413153111935
743.5974427051842
283.0359089486301
-210.86067548766732
-239.98021318763494
582.9281102307141
493.19118681922555
420.443009596318
217.0765626579523
277.10060177743435
-192.63069611042738
-320.8169107735157
59.71903359144926
157.9431800469756
-91.67926777154207
400.4759462289512
-24.056459229439497
498.14850598201156
454.5616009645164
251.5744017623365
210.2195731550455
-53.38225034996867
210.84313729405403
-32.80006392672658
453.31188318133354
333.0370648689568
629.3515180945396
295.35535937175155
-190.44552804529667
220.11070704460144
-172.19698227196932
344.9217333756387
8.033498004078865
-25.642059206962585
424.50655737146735
276.65751510858536
-177.5859180279076
-7.760429177433252
147.67979548498988
47.776093389838934
369.79169818386436
-69.05029245838523
279.9128220267594
208.18137913569808
-119.08736246079206
-1.756819386035204
417.7734336964786
336.793558716774
187.364565230906
104.13363070786
681.6964693441987
25.67746737599373
-49.05030884221196
592.1680246070027
205.77821353450418
218.28945001214743
89.70088147372007
-21.463147550821304
263.57421396672726
322.5554686561227
174.33699515089393
190.86948543041945
-95.63924222066998
-201.55969310179353
104.33301854878664
428.20295349135995
-122.61040452495217
11.070753440260887
-239.2442790493369
211.25139389187098
202.89100867509842
272.9134319461882
25.84904160350561
449.4802056439221
255.3579467460513
480.3188698999584
-67.23404812812805
-49.47057832032442
452.88954442739487
336.40124970301986
387.6376846693456
58.88247922062874
538.846896238625
40.703274846076965
450.6787421107292
102.0098534412682
-115.30118339881301
-383.4811348542571
403.3847887888551
100.41713835671544
196.15311056748033
596.7802211418748
-150.46736311912537
193.2069518007338
437.7674622423947
-271.4606595300138
-208.73762553185225
662.6033357381821
278.1797216460109
252.69746562466025
131.404225371778
-102.16239395365119
268.1727415397763
-29.154049091041088
483.17460150271654
59.531050592660904
345.5924507752061
616.6769282408059
113.94253918156028
60.50345454737544
290.96832674741745
232.73446718230844
18.5278544947505
222.9346085563302
163.92844931408763
640.6476790495217
222.27046049386263
-168.80661210045218
403.32576398178935
43.96901313215494
-466.03041345998645
28.352710459381342
-20.686527244746685
49.476861622184515
86.913932710886
172.42317041382194
247.93963332474232
228.56229715794325
568.5804795250297
-0.3826218657195568
-231.4955512061715
-9.298259109258652
251.67762907594442
325.5132774338126
-218.37988056987524
295.4150285497308
281.23120840266347
352.73073006793857
351.74020252004266
-212.5446166023612
199.4636415541172
447.14844596758485
-222.14114839211106
143.92382216453552
92.93588683009148
539.4941218309104
-30.358924590051174
446.4964189790189
212.37758237496018
9.9967255666852
237.284858122468
421.74906580895185
423.93225198611617
419.7255337946117
104.71080342680216
417.34444100409746
181.10819736123085
-129.29228729382157
439.3113188184798
103.14134085923433
6.636109653860331
408.60658473894
404.5192019715905
-249.70159953087568
460.8592437244952
228.60389633104205
-103.1139148697257
13.426829811185598
-101.3219566307962
195.5521903410554
-58.55386493355036
422.3522322177887
261.865216139704
238.28498324006796
245.1923453733325
391.04060557484627
158.77015512809157
-346.05982588231564
534.0604717843235
44.43871184065938
776.414522357285
135.98987143859267
86.68084243312478
390.3752674870193
318.6312807276845
372.53028117492795
523.4123790338635
3.427487578243017
-175.2812124416232
126.79737031832337
63.43008887767792
297.8989975862205
495.9288860708475
328.17784444987774
-30.98103865608573
446.9118754975498
266.8379595018923
-148.69377756118774
-78.95368582010269
-46.85664561018348
336.72841665893793
92.45318530499935
442.01833456009626
201.59348749369383
250.3819266781211
-181.44737591966987
28.810431502759457
241.26121532544494
2.5759267657995224
177.2829412408173
44.56300833821297
302.6636411771178
40.21234145760536
661.9377640336752
311.5076266117394
51.157389398664236
595.7770673707128
502.605751413852
-10.122154701501131
-68.19098300859332
318.0491927713156
300.59862899035215
141.19151885062456
637.7848036587238
197.05204706639051
494.9057738557458
199.51578390970826
661.2417642809451
138.10812062770128
864.6193399354815
328.56985836848617
946.2440116591752
-395.8991109393537
-281.9051161631942
153.17753612995148
142.24984841793776
206.06753170862794
-63.83080640807748
429.5815162397921
375.769171692431
460.2334491983056
319.08264699950814
312.63190007954836
-71.85130849853158
318.6348691768944
472.1669981852174
517.3095868527889
272.92294370010495
-213.01164043694735
367.0596654675901
243.60250074788928
447.05130771547556
388.75788778811693
203.4199714064598
334.83413956686854
357.8269024863839
252.72203470021486
161.90616186708212
411.22929387167096
-93.85877086594701
-28.26582256704569
-382.5209824927151
525.6490651071072
120.48266914114356
506.5409754626453
111.95432731509209
257.9502662345767
99.52303868159652
-28.06016794592142
168.72009656205773
195.13897962868214
156.43265399336815
58.11140101030469
-27.542186964303255
18.115290071815252
90.71039251610637
110.56929920986295
75.04234861582518
110.49049891158938
126.57680094242096
141.2325889542699
182.05920058488846
238.94336826354265
85.46157560870051
164.83906250447035
135.33142710849643
167.4494182281196
336.7945724055171
52.781890608370304
163.43176133930683
95.49394894763827
63.799619521945715
23.108231339603662
87.24265019595623
65.96548645198345
83.46062641218305
140.25765616819263
165.5439305342734
139.80286809429526
215.46576288715005
172.58786170184612
78.77169169858098
98.95108187571168
186.08957171067595
30.83004442602396
203.2622052617371
49.28631132468581
146.70155084505677
76.04837609827518
159.2772016003728
104.09162937104702
113.55267984047532
64.91967077180743
190.8984872289002
210.90158628299832
680.6345710083842
347.59068651124835
471.1140818744898
23.127849206328392
400.58911698684096
739.1907539814711
-92.28250480443239
476.08931631967425
329.7053804881871
160.73005192354321
218.55834233760834
-452.6430960595608
347.06932356208563
340.6270397230983
270.4322343990207
-93.80745328217745
478.4400624074042
149.52951196581125
-43.5992550291121
248.9763096012175
402.8488541767001
280.6314164660871
291.3684310168028
75.27240910381079
206.87828615680337
187.91484826430678
-69.65054631233215
304.97245805338025
414.70859176293015
507.64069186896086
-87.20238471031189
410.82824417203665
166.33046364411712
526.3074384704232
294.58119713515043
22.001247502863407
234.21049108728766
147.77333887666464
376.44292141124606
63.17941768839955
-72.91208763793111
112.34930708259344
174.95006673410535
-52.223315324634314
264.9763175211847
556.5396802946925
665.7861233837903
152.2276865877211
116.26248072832823
84.72668916732073
96.8380156159401
-176.8804586865008
228.1430589593947
250.77424384653568
326.54319251701236
254.62108420580626
324.38088420033455
485.2036918923259
415.9491154290736
-57.29462734237313
222.30809401348233
64.87335957214236
158.68861108273268
-525.2599113211036
299.2864725328982
332.947133384645
93.00045045465231
180.0457581691444
28.11350541189313
139.52715289965272
-128.23407114297152
-438.64161643385887
56.89017728343606
-504.08250234276056
-158.70700566098094
-91.9976713694632
387.84461137652397
520.6952879801393
272.49603651091456
-68.71591021120548
445.51856611296535
29.933932688087225
212.88152704760432
819.5310087911785
374.7476204112172
150.1857833750546
630.0447369515896
-414.80274824798107
259.9097301661968
-254.30313961207867
566.9264203608036
-142.34255450963974
204.6112961806357
425.6351244971156
352.5511257201433
100.2460272796452
456.62182638421655
352.32836071029305
133.78130856528878
-319.7390965074301
440.68677109107375
730.0974047929049
181.62592651322484
450.89474358409643
-327.7943715378642
299.98835521936417
-89.32411754876375
37.00758756324649
-57.78103633970022
94.40198345854878
437.87494050711393
273.1220326833427
258.7275521568954
213.2501130849123
995.4384219050407
151.43502877280116
204.7359645590186
-126.31040772050619
-150.94571790099144
344.24368396028876
392.3873765692115
336.62536923214793
188.82784438878298
38.938690673559904
34.144969400018454
244.05448615923524
622.6815334632993
-196.4181958436966
261.25757429748774
235.35408253595233
121.67633911967278
976.4219634719193
463.51083859428763
126.99969369545579
52.98534410074353
-73.16314133256674
817.7103655226529
888.9170046150684
91.05754838138819
105.61334630101919
183.021936558187
338.7187187410891
343.54175659269094
663.4098592400551
-265.3875098489225
38.67955977097154
-256.64592657610774
972.3227297179401
98.02695060148835
270.39973060786724
474.7624946720898
365.3847049921751
50.68900156393647
135.80558121949434
179.9310806877911
165.17267129570246
234.59505976736546
265.67629700526595
85.07973812893033
354.13110786676407
397.49415213242173
308.5343014150858
286.3291437700391
418.6307408846915
-81.63484711945057
567.581651173532
158.08662719652057
333.1696322001517
442.03557343780994
352.52112293988466
61.155782006680965
52.50502385571599
-31.243813131004572
153.3640870526433
378.9817699454725
134.35037793964148
198.1180404163897
46.8364379145205
295.84403959289193
195.85835655033588
285.2061183489859
349.4763374812901
306.88127533718944
410.7349995225668
199.55466013774276
208.90694354474545
150.18682216852903
359.787429228425
52.472553454339504
162.7526676543057
250.21823421493173
-34.14684968069196
2.9400163181126118
268.7038709819317
-20.083389073610306
154.3050019107759
-56.34717006608844
367.27245265990496
127.39530883356929
210.57578238099813
171.9726535193622
326.5927794575691
414.9323209747672
114.83900496736169
-52.153660740703344
547.6598861627281
163.4548097141087
170.46281060948968
57.72019659355283
60.65480552613735
-5.4363297782838345
166.33363492786884
156.8321201056242
83.04422450438142
-34.174962636083364
283.9255035594106
71.62469582632184
236.6263316012919
391.5262551829219
125.00934878736734
261.8070064559579
99.3740901723504
143.34829686954618
-183.05708953738213
187.04856824874878
111.51354357972741
64.70018944144249
428.277356646955
-49.28083444386721
286.81871676817536
199.87557759135962
308.80087085440755
224.44513932988048
16.00837877392769
335.8552417457104
-34.97325434163213
-161.82151708751917
259.01415073126554
52.76697310805321
98.33104830980301
16.08018409088254
236.17578813806176
-193.17136292904615
5.991161573678255
78.538274474442
354.54341749474406
354.8133450485766
155.1167934909463
146.16459281370044
44.494005005806684
55.256293926388025
32.21703515574336
444.1518967822194
-37.204230312258005
586.3615247197449
527.4735857248306
301.1193521693349
-10.674091033637524
370.5784523077309
534.1898184679449
-197.06751396134496
178.79723915830255
361.0768965743482
411.6563790887594
294.00127570703626
130.9155909717083
149.21939251571894
395.8758197836578
64.73288460820913
-58.324891813099384
5.617444008588791
217.22179178521037
221.17699261382222
-24.716878451406956
-37.73719757050276
322.7839072570205
-78.83998706564307
252.36008843034506
271.27042808383703
86.22905886545777
302.05260149389505
14.776972524821758
223.75470911711454
48.38350065425038
335.2301893644035
616.6708718687296
431.1341156028211
263.74137422442436
463.5945249199867
158.53442819789052
496.1324606463313
78.71011684834957
178.77676536142826
131.62958500906825
65.75449152290821
218.32819997891784
244.15379970520735
282.2674777954817
486.1124355047941
36.24127596244216
490.1813161224127
293.71538365259767
110.28666941449046
520.9056956321001
-178.00923155620694
516.559324618429
604.1186782121658
-53.710218243300915
-100.35736102983356
81.64562278613448
418.93158838525414
261.04413893818855
-74.3245906047523
148.3758632093668
511.7697578147054
189.64985800907016
-98.38475477695465
136.05634354427457
159.73684434965253
-96.27036704495549
211.03342639282346
118.2158486880362
374.8244396224618
219.63668946176767
423.65225959196687
248.83995720371604
551.9092363975942
77.07858411967754
-56.51154990494251
310.151693508029
171.0075080357492
55.70080189034343
-214.8812798783183
7.194800551980734
277.8366423584521
577.7772003151476
321.2323321737349
195.92603639885783
-265.90674009919167
422.0542307458818
109.99425449967384
226.05086220055819
-85.35063770413399
-228.08326468989253
337.9568314626813
572.7743395268917
80.68903955444694
400.67131624370813
-8.225781820714474
180.06637118011713
394.1242833174765
252.5460021197796
89.61714012175798
393.20169608667493
260.24427257850766
247.43927816674113
75.65484964102507
137.27987131476402
114.80802598595619
102.46917298436165
54.24230011925101
43.37730572372675
261.8777245916426
205.71664202213287
341.381069868803
180.14916341379285
92.07982078194618
202.498937766999
283.96324372291565
117.75606960430741
-41.69981549307704
97.51844543963671
180.95969365909696
359.41495325788856
-61.460536152124405
54.241114750504494
180.89654890820384
293.39880721643567
429.86910267174244
156.36166245862842
392.89652379229665
-33.669749081134796
19.927427917718887
61.727859154343605
546.3120010644197
121.21297436580062
204.39704157412052
156.525898065418
196.3097212538123
-124.15066883713007
80.28154242411256
298.839454356581
325.49433533474803
100.58978673070669
335.05918016657233
162.90771767497063
103.35851432010531
304.6220529936254
372.6258473135531
274.1634560227394
30.21671313419938
-229.2337401472032
417.91242718324065
-242.18643998727202
379.5270972363651
74.06330168619752
-45.407514691352844
436.6087895669043
43.54456525668502
-80.62278137728572
-46.39878465607762
42.83129655942321
750.9879501387477
-133.1321468949318
243.66565350443125
-414.7762006409466
295.34897580370307
109.03745193779469
277.528227083385
459.9328089542687
442.0561177842319
-19.345172632485628
254.23676578328013
-391.9050387814641
-165.30113834515214
353.1034483015537
-358.86595982685685
495.6732607744634
328.12738635763526
-60.81493678316474
140.07679112255573
10.416062321513891
333.0661850757897
59.7013404853642
304.2076125368476
123.08206398412585
80.16160579398274
263.38457379490137
296.34925221279263
384.07872534543276
203.5097603611648
80.56886219233274
376.44012008979917
-89.815640039742
268.4202555567026
101.4913847707212
285.9490829780698
454.38018464297056
243.34813329949975
36.92809910699725
163.67028089612722
134.37143352255225
438.9457847252488
9.503408275544643
-495.26388482376933
-209.05494028702378
246.85436994209886
7.034929390996695
-394.4947421438992
228.8652758076787
242.73471203446388
141.96965069323778
534.2947434484959
365.86139726266265
167.8721050210297
53.659658312797546
247.28046358004212
80.78692392259836
400.4473899304867
46.55934036523104
118.89781617745757
307.43205527216196
166.79565696418285
-98.50241825729609
6.352519188076258
-66.96182571351528
-232.90243358165026
-0.8056265823543072
3.7004759572446346
101.17575069516897
373.0793400928378
355.4100386351347
182.25198164582253
-285.4322670251131
69.11573822423816
338.2635223418474
388.77587105706334
123.46229946985841
290.107504080981
161.97433141246438
400.2053272277117
559.8991331867874
336.18770507723093
-31.04363687708974
181.19249244779348
83.66001446545124
555.4033830799162
554.509470641613
96.232856053859
268.9556804895401
286.1626468859613
335.958439424634
251.147391282022
-209.41579906269908
240.7211942821741
195.6544417962432
-161.42251693457365
306.4880645163357
106.17485084012151
-19.74473923444748
97.72215547040105
130.40842421352863
264.52228013053536
388.53121892362833
284.26177904754877
356.6594911403954
481.7282598875463
89.84262110292912
129.0153600051999
-84.37229177355766
553.8139847777784
217.71903495118022
505.43465592339635
562.87752520293
171.59813018515706
335.79198786243796
-86.4413440041244
-190.03130857646465
90.23994374647737
469.29419331252575
-2.655543200671673
343.8062800988555
272.16717040911317
200.07232138887048
-16.54827857762575
29.886882338672876
86.20932836458087
-410.13860926032066
160.02190245687962
355.7230686098337
512.7599235698581
613.8825235962868
31.733462546020746
163.89210465550423
550.2344923242927
615.3182650543749
462.8315128237009
133.5995490476489
-256.04485722631216
8.939903788268566
-214.23511746525764
574.4768659286201
45.14017105847597
-257.28368304669857
220.09068352356553
-249.8009167574346
1008.1661680489779
-61.471071891486645
424.53697949275374
290.206722676754
167.41540742293
-212.49969678372145
258.109062474221
-234.2539624683559
123.78918398171663
339.05830005183816
47.422636684030294
269.5999226346612
294.0509634129703
-345.1647291779518
103.1664996445179
354.1273784004152
202.15285851806402
449.1567129381001
-179.39092726260424
383.9614709764719
430.99592527747154
315.46750892698765
-318.43315391242504
588.6058477945626
-60.9032987318933
530.4312629848719
926.5191436484456
246.61696556955576
684.6943919062614
97.45169677957892
412.28840435296297
624.8144067078829
385.3544911108911
104.93724685907364
18.259526163339615
369.9911326766014
310.4971494153142
42.095802161842585
404.45893387869
165.8187794573605
243.78458350896835
694.6389084458351
-252.35755678266287
-91.80706729739904
95.20192832872272
151.95843749120831
316.5935206376016
427.57525784522295
413.1262398213148
703.8226487748325
94.26291685923934
208.09846429526806
69.02434143796563
239.34897230565548
321.8149913996458
220.1005522273481
166.45868226513267
281.0526834204793
340.91022631525993
359.8862817324698
97.9717429317534
497.91008519008756
665.370021160692
167.21470269933343
270.03451742604375
202.6725723594427
396.56659622490406
4.651085648685694
222.5490923076868
317.62519012764096
-247.60616678744555
70.18288465961814
42.720694936811924
167.22996095195413
287.8846581541002
546.9880141057074
612.0210257805884
154.27902218326926
98.22384052723646
165.32385106757283
370.61315140500665
331.91073010116816
329.3954777121544
273.9875125512481
112.80984692275524
406.3406845368445
175.01250511407852
9.296252757310867
327.066246625036
495.86630695685744
80.15922746434808
172.0793281160295
-44.91181282699108
69.25818798318505
478.53040674328804
70.60477440059185
157.5447076112032
682.7333455495536
-89.10666112601757
52.09541745111346
-38.79881611466408
164.03592797368765
166.45566326007247
522.1484021693468
263.5000803656876
520.126515943557
294.07635601237416
298.51079807803035
301.57540225610137
353.21269077062607
169.04553846642375
68.09188934415579
143.1927086226642
186.4884901046753
38.69175016134977
322.19775161892176
142.37831522896886
-54.08627888560295
32.37272220477462
327.68802742287517
205.5393976084888
164.1655311472714
57.77953352034092
237.21803859248757
195.4643055163324
236.5537752993405
159.28154103830457
7.09109527990222
504.0017984099686
61.974488876760006
204.68657964468002
-109.58491922914982
600.6276564858854
253.19107992202044
163.9520095437765
298.8260644711554
541.0621142610908
225.50000413134694
395.39748772233725
213.48502292484045
105.0335967540741
279.8529761098325
386.8249783664942
161.31216467916965
415.00122432783246
380.4879786670208
101.62076773494482
334.23643665760756
190.5250644683838
588.5948165282607
282.9427922219038
182.85510743036866
201.825457919389
208.74251710996032
398.8902774527669
325.27469588443637
238.5678958632052
230.55592012405396
96.91537945345044
355.48543624579906
205.3755126297474
110.35290110483766
117.89479249343276
49.8038993217051
372.4296282790601
279.45774498581886
143.39939172565937
32.97634360939264
128.11975737661123
294.0526643767953
261.58191869035363
379.79818166047335
-58.545902617275715
259.25279166549444
249.3450614400208
154.82035993412137
336.0578718185425
171.74766517058015
165.21324034780264
273.7867696173489
601.5469670705497
504.7990981414914
-22.26167605817318
481.63795114308596
209.01092662662268
192.1360727660358
79.99859250336885
104.80589538067579
1.3398816362023354
127.57300214469433
95.59483230486512
377.199307654053
281.31720320507884
457.69752349704504
122.47502966225147
115.79355267807841
121.53289103135467
233.35928451642394
131.6525266058743
274.9496045485139
186.8352799229324
334.0518998205662
191.35113549605012
354.9651742056012
633.2882447503507
16.851012833416462
385.1440831311047
124.26280370727181
127.97307221964002
349.5722647458315
144.58045981824398
172.2597599439323
206.8181619644165
166.34284389391541
126.0230362676084
45.55816277861595
131.58717012032866
493.9445986188948
52.50453293323517
406.8352708481252
349.7085693180561
223.94289362058043
-107.5971141345799
-64.72782491520047
676.0177092850208
158.83619818463922
231.37595089152455
254.79183965176344
219.4385024867952
320.87179351598024
-104.99882663786411
228.98400046303868
124.10387575626373
383.90985267981887
440.3578859567642
201.3108404390514
220.97664546594024
11.851464878767729
101.41471019014716
103.6629237420857
109.33175786212087
-30.941157896071672
96.39629977941513
-179.2576032243669
256.1863886862993
323.9820564240217
-3.109495561569929
486.3491541184485
316.3674082569778
186.1732193529606
288.89764350280166
78.82028201594949
283.2477995567024
198.82371804118156
-54.770620208233595
260.3964773118496
236.31527247279882
363.4097606949508
308.1391546651721
212.83538360148668
177.9651735201478
202.76793796941638
351.4508483931422
334.78652253746986
512.0495231039822
102.2929681353271
234.07943161204457
149.9441778920591
223.98580886796117
19.03723467886448
267.6285170763731
108.27160434424877
402.69839852675796
172.4402034021914
350.2263538837433
323.605461101979
194.07568024471402
247.83601953089237
257.7922861389816
-3.127467777580023
441.29543540999293
207.1855397298932
295.91861355677247
34.675866954028606
552.3001129105687
25.293000485748053
-66.85951499640942
503.9583246521652
50.721885945647955
7.265765927731991
155.13067258521914
273.3361770436168
120.96154883503914
176.23432245850563
296.11754820123315
512.1067420840263
411.8178708665073
-138.192000053823
81.40205411240458
821.1484364084899
472.2251653447747
205.59927451238036
391.722473539412
248.1468417160213
520.0675809234381
-177.34135453775525
-146.83378795161843
196.25538773089647
332.2847360186279
152.83715467900038
644.1913713924587
-22.59231559187174
52.81647677347064
139.13775737211108
42.187907963991165
-128.65090807527304
180.21272072568536
-5.756626084446907
467.2872184962034
522.8903962858021
-278.68846840038896
440.5058001354337
586.0154898911715
386.68426475673914
-4.468249186873436
-240.35570332035422
-116.204595528543
87.11359390616417
-105.27945462241769
435.06059766560793
500.31625340506434
106.93187006562948
821.9150094240904
324.6850213445723
159.02348452433944
72.8965475037694
890.9939138777554
176.22950199246407
363.92687744647264
-13.110931865870953
255.06385090574622
-42.30514409393072
621.979119963944
214.13275153562427
757.992364551872
589.7738779745996
452.80194521322846
409.38088165968657
214.86076800525188
194.93193113058805
618.7186216413975
562.8304567225277
296.6678100042045
-130.56890754774213
78.35118425637484
-69.87534640356898
93.24315291270614
595.9099177084863
-4.773784011602402
496.2346638813615
500.92071567103267
-286.7962459437549
119.64549536257982
332.8042615875602
688.3715714737773
593.3373393751681
140.36472564563155
468.3811624981463
401.47286592423916
-303.03736877441406
137.55687492713332
397.8576875291765
354.7326571084559
416.88817024603486
142.10771847888827
506.37293441966176
1014.8640500344336
35.58473835885525
323.07754773646593
-13.586647272109985
-131.34797805547714
269.00742433592677
-252.68999233096838
163.6658153310418
-56.86250774562359
151.1481801867485
-20.93749799951911
37.99130632355809
377.97910306975245
93.60456428304315
725.1117097213864
105.2607982903719
780.5585178248584
330.0555224567652
-56.23409070074558
503.22355706617236
-37.60841824114323
154.97039254382253
253.9344918616116
-89.36612375453115
-8.809545062482357
-135.7302863523364
67.93706980347633
147.56805188581347
449.9569839462638
103.59417442977428
45.69212330132723
471.8198285475373
41.65318066254258
448.0034100301564
152.88819890096784
636.419056199491
-105.5511700771749
226.4402579702437
-27.24469992145896
554.8768326342106
132.34578352421522
326.79993460327387
323.7367735430598
112.36656830459833
552.3938662111759
-247.09403498098254
181.2762071751058
304.9451102614403
-57.07254637405276
320.2986169345677
304.7468555942178
444.5174355581403
136.81956778094172
177.59211828187108
328.27091501653194
549.8372525386512
328.9050986468792
234.5826784260571
688.9060176350176
266.5696248523891
192.0078637674451
-25.19808892160654
204.78590075299144
-13.709673509001732
609.1069406047463
-132.37889096140862
15.02765091881156
153.10503366962075
157.66812631115317
209.82058464363217
152.65087400004268
-52.13119761645794
174.71062377467752
269.14841932430863
104.4036626368761
91.36526981368661
513.3598152399063
558.1775712743402
139.05578980222344
170.73540478944778
475.7289502248168
-98.61796812340617
234.34702111408114
139.85391799733043
446.40013986453414
395.934852976352
518.0473603829741
122.0004066824913
-597.1531900316477
233.83576016500592
510.655247181654
-148.84026054292917
306.6512710750103
199.16442646086216
233.28931917622685
181.8447386920452
641.8774722963572
-94.20466171205044
-220.19610580056906
51.002856221050024
823.0765691064298
254.2142104022205
527.1190091073513
208.63664583861828
-154.95482583343983
341.49674291163683
-316.0922030285001
166.50514860078692
424.6249938122928
200.4839056506753
528.7166004478931
778.2307027354836
309.8270909190178
275.8135356903076
70.50444427505136
610.4693733341992
462.30121709033847
-1.6829094141721725
142.53066849336028
423.40719955414534
426.90623799711466
166.06612131372094
-32.73865842074156
420.68468195199966
233.88228518515825
432.6518253572285
458.7293171584606
77.52201202884316
178.84363494068384
145.64062958583236
235.7107122503221
494.77789087593555
454.73977498337626
212.87394623085856
243.34498904645443
246.61568941548467
72.91671216487885
-8.482550032436848
40.80439514294267
161.4100786820054
286.0514748506248
475.924172449857
246.73320193961263
324.79774936661124
61.90776181593537
432.9695650190115
346.7456847913563
598.7496251054108
112.28622578084469
152.6324811950326
373.89817136898637
122.1890431419015
147.5029034279287
123.6732072904706
203.01950988173485
178.49979328736663
293.1011345461011
404.0708831883967
285.54712476208806
322.2238915152848
413.47313452884555
104.09841863438487
355.4931463636458
410.2652121447027
426.6392443999648
437.752060841769
-34.02559049427509
32.16082828864455
220.6477611400187
93.15702916309237
225.87003799900413
209.8569868505001
87.27008408308029
-34.181001637130976
33.452084079384804
258.8261151202023
47.29912423342466
24.847077794373035
134.53777520358562
-18.327686946839094
76.84139104187489
4.760494261980057
178.61794155463576
-54.66770268604159
-125.51845405250788
125.710230268538
159.8716323748231
142.61745798960328
-56.040971510112286
114.89305708184838
-56.05788038671017
3.7014930099248886
164.43015380948782
67.7408582419157
202.24985921755433
-9.218396130949259
-17.450192753225565
251.87818183377385
112.54013327881694
-23.469692196696997
104.91114686056972
56.9816340431571
77.5164060741663
142.4574388153851
106.7422302737832
57.38090278953314
145.52909874543548
-35.77397493645549
14.58913380280137
107.85054945573211
-113.64212218672037
85.79149748757482
81.58198438584805
213.58389860764146
68.81957668066025
118.72504394501448
-82.21310150623322
100.64060966670513
-28.282409232109785
48.3523406945169
114.5492987819016
65.12735858932137
57.76371020078659
108.91073793545365
-77.70061653107405
90.71240827441216
14.111432548612356
-27.04672660306096
69.15888697654009
65.65182710811496
74.4154516980052
41.94965526461601
132.340439543128
123.95227715745568
141.64978320151567
-35.046382416039705
-25.591973915696144
58.32057400792837
-47.15353220701218
10.891672510653734
20.214963521808386
86.56577380001545
77.87483198195696
-7.374114483594894
97.2417013682425
113.04405680671334
111.18519230559468
54.053281739354134
-63.687893494963646
26.67382637783885
38.201674815267324
67.26839676499367
128.97205258533359
107.40485910326242
-8.930649891495705
115.5595030002296
69.72670639678836
165.37354874238372
39.299368005245924
74.29983998090029
64.19389064610004
130.2454135939479
61.36525499820709
59.52012516930699
5.877689350396395
68.32497752457857
86.50968169420958
101.89649761468172
33.05141765996814
131.56828274205327
168.09337854385376
183.8113372772932
130.6919024772942
80.98962968587875
111.38673504441977
173.3825404830277
257.6951375156641
127.82711960375309
130.98657551035285
412.02066103369
71.64240385591984
18.031954020261765
336.59354735538363
377.75195829197764
91.74696080759168
94.74933238327503
83.41517548263073
254.48753201588988
131.00954777747393
455.9614459127188
254.3250170610845
301.04785919189453
7.319082602858543
6.565918378531933
455.5930959023535
-16.328049659729004
366.14809407666326
36.9355809725821
346.2688747793436
479.2956121005118
193.70978561788797
-113.35830560326576
-13.258543450385332
543.2985487580299
56.10965731739998
17.39649835601449
273.3111890591681
240.82240623235703
449.6963939629495
166.86946132406592
250.25504528731108
349.55965523049235
56.54858401790261
166.28999464586377
160.83770230785012
-159.2635100185871
2.5623266845941544
-24.862208381295204
492.5778620354831
19.04839923977852
541.6416206769645
344.78945534303784
288.78874227404594
574.16045120731
325.394917242229
207.12486451119184
374.15655536204576
65.51066319271922
185.33480612933636
262.6587768793106
795.9653474502265
343.4534695185721
341.85395476967096
257.1690851524472
538.0799194686115
-26.817110914736986
69.27434879168868
410.90663367137313
954.7337335720658
332.9828352034092
354.7822011113167
-56.7029100805521
212.7934291921556
304.94692834466696
486.6962884068489
47.72352606803179
52.83506116271019
166.21841110661626
26.041868772357702
-440.6215110681951
549.7105025909841
385.9576261229813
115.14444288611412
438.134216722101
557.104774326086
609.5929764807224
375.44495445117354
171.0060390047729
158.3478776179254
501.19482738524675
403.2834231108427
-187.5569886006415
334.59194426983595
80.96843039989471
-293.01126680895686
759.5050746053457
70.666285648942
365.7515712566674
534.4999998882413
674.8023606389761
110.06831067055464
-30.19073923677206
167.89104644581676
-100.67340437695384
442.7382692694664
655.4960335455835
505.50759564712644
596.0851905569434
141.928735319525
42.75759168714285
488.9211608879268
-169.0990556627512
180.6878750398755
395.1675399802625
181.98878034204245
365.56600914895535
-46.31674771010876
-68.40402143076062
708.7017483077943
-7.956330683082342
185.57172106951475
132.20876356214285
368.98043213784695
-37.54627299308777
-36.47055985033512
-76.34263764321804
-16.75410996749997
391.14686277136207
380.4304460994899
-46.12252498790622
-278.63806246221066
18.793775979429483
98.17269416153431
519.8248762562871
-150.06635714322329
75.66106122732162
359.1253587156534
-332.0757604762912
100.48085002973676
155.08235773071647
-113.457928981632
339.5685832686722
602.9437226504087
158.300012499094
537.8540696203709
220.62563529983163
147.74351478740573
509.93851843476295
432.42660297080874
-21.14007944613695
166.35206359997392
540.2215759754181
406.4495332092047
192.2760414890945
74.78527715429664
142.62109595164657
249.60292296111584
662.3514587283134
198.55472303926945
283.035854075104
245.1779536344111
4.454815194010735
299.9559004865587
567.5660568065941
76.63748976960778
-64.81432551890612
361.1132804825902
219.3438269086182
443.23114263638854
267.3744692578912
345.49749283492565
229.2164296619594
380.4575853459537
397.67541889473796
97.97384215146303
313.0550698302686
229.86238054558635
174.599160797894
-85.24114887416363
-62.303979612886906
100.47584297135472
657.8605479486287
-85.1753007620573
240.4279027543962
209.84522872045636
507.9994476288557
146.72957277670503
618.5432557687163
227.13669971376657
30.487725891172886
169.05068581178784
69.37429083138704
210.77284543216228
39.52470354363322
45.34355314075947
329.18845818191767
256.1592720299959
238.5573504641652
-22.162755381315947
511.1264524050057
277.08466432616115
331.6332704536617
409.12587640434504
-55.59811760485172
-38.01560914516449
89.55110366269946
-77.60710424557328
119.21419437602162
215.79697029665112
414.7693809866905
295.12164832279086
-199.6624656394124
180.1482723802328
364.2173937447369
129.42585480213165
185.93892912194133
470.452736902982
267.15121253952384
373.8374117128551
299.06647016108036
297.8702958598733
511.37044344469905
383.8052907548845
58.74400491639972
-180.1950596012175
519.3902593292296
196.24150158837438
268.8950236104429
137.5361414141953
267.1993736065924
511.0155544504523
191.6487875021994
407.1091057471931
545.0744098983705
30.633335329592228
387.85545808821917
186.22800797596574
575.0886441841722
-254.98879935592413
54.86860737204552
420.71686416491866
442.3255725763738
93.68043093383312
468.9713576249778
491.3958687260747
335.5747920013964
333.0366896651685
187.53110560402274
227.354256298393
72.11844762042165
329.986187979579
-158.50556392222643
243.3967332802713
285.8295488283038
140.7282936796546
648.4976808056235
-63.881520587950945
657.8407219797373
398.9021842777729
-108.63012820854783
250.47400395572186
310.60269966721535
486.875721141696
251.21521196514368
151.6181699372828
355.23836762458086
32.448026459664106
285.1827449724078
555.5662484653294
268.2174631357193
235.82587513700128
211.44347468018532
282.18429870530963
44.73546984791756
296.77339819818735
58.30339518934488
133.4814342148602
205.68314180523157
153.90782973915339
303.23598538711667
581.7655815519392
98.97939738631248
364.28595428168774
114.56455266103148
397.9913585372269
208.21996560320258
215.59707551449537
484.52332920208573
268.5017411969602
423.25548196956515
89.4932668544352
104.05397394299507
160.58190007135272
48.15369696542621
532.1522069498897
370.30541978031397
188.8861513659358
162.6453352496028
451.288601256907
337.24562856554985
-2.48514936119318
393.75179754942656
68.5924296155572
226.77010997384787
278.15858916193247
683.3510013706982
336.93010172620416
686.8024153523147
350.5674033872783
360.55960861593485
-440.17035683989525
153.86779998242855
33.4729057662189
271.157970380038
-455.7969020307064
-26.622624427080154
563.3914796486497
362.6228993944824
-120.01028993353248
259.14111924916506
641.6992685906589
564.3210596032441
760.5476768016815
197.09631196409464
-217.34141715615988
348.8037221096456
242.51813473552465
403.67286282777786
775.739584594965
216.34882261231542
-120.78322475403547
344.0938485264778
-120.45060820505023
-36.68364196270704
-159.51892940327525
233.75436149537563
292.4889888763428
206.7674303278327
-140.6507915891707
-276.9324484206736
12.993949268013239
-176.37909049913287
120.04002426937222
469.6894665658474
-117.57813692837954
22.791394546628
499.55199440568686
825.2776627987623
129.3835254572332
203.36168875545263
587.4178948402405
195.16299495473504
375.64061477407813
383.74999925494194
68.1476565040648
411.088840842247
442.02248830348253
437.3858427256346
140.28768295422196
109.82697693258524
201.62351400777698
308.8539396561682
157.6094938851893
251.05328069627285
227.83150780573487
552.4567987583578
243.93413779884577
207.26149482652545
32.40279242768884
332.77087999880314
284.96670231968164
344.09767359495163
274.1352009996772
408.02426878362894
275.8984152302146
395.0659189298749
394.0313439629972
142.65831493586302
396.78428963571787
399.80536479502916
-101.68185828998685
252.30943577736616
215.05503472685814
-133.2498828843236
-44.33083434775472
158.30335733294487
-18.414294738322496
172.08662125840783
521.7036870867014
209.56062280014157
308.5230176411569
206.92218551784754
164.26020753383636
186.98730716481805
71.60930039361119
160.9847307316959
1.4353274255990982
555.6485144011676
92.02056121453643
23.548147413879633
297.39827002212405
305.57504845410585
-6.314800690859556
-117.99131426587701
-124.60095259919763
181.47002263739705
218.3678658977151
-63.026683896780014
348.3116293735802
280.59424598515034
254.54309706389904
-54.659360997378826
462.63332223147154
210.43962074443698
283.18687155097723
-20.438482359051704
47.2584468498826
54.49042198807001
85.50149634107947
441.48765966668725
181.77283621951938
235.3024324066937
222.04209114983678
619.5376937836409
13.881805840879679
11.165747370570898
-305.4573678933084
776.1426245383918
-81.34420343115926
54.29024541378021
43.34384297579527
315.1551126912236
560.6138151176274
362.6943113617599
438.69925666227937
-229.2027735672891
190.35095684602857
252.59468160942197
366.6567054092884
230.52686847001314
553.3346971869469
528.8097530044615
298.68266957625747
265.2613306045532
127.5343810133636
192.1306403130293
385.26244731247425
105.63681386783719
