2160.0
2160.0
1236.0
1284.0
1044.0
1044.0
2440.0
3690.0
996.0
660.0
1284.0
1380.0
1236.0
1284.0
1692.0
2944.0
1332.0
3000.0
1380.0
1900.0
1092.0
1432.0
1380.0
900.0
1900.0
1588.0
2108.0
2552.0
996.0
1796.0
660.0
3720.0
1284.0
2160.0
3364.0
1284.0
3420.0
3084.0
2216.0
1380.0
1380.0
1236.0
2552.0
1188.0
1380.0
1380.0
1044.0
2160.0
1284.0
2552.0
1140.0
1380.0
2160.0
660.0
2160.0
2056.0
2860.0
1848.0
2160.0
1332.0
3240.0
1044.0
1952.0
1332.0
2160.0
1796.0
1952.0
1744.0
1380.0
2160.0
1952.0
1536.0
852.0
2160.0
2636.0
1284.0
1092.0
3000.0
1236.0
2056.0
2108.0
3180.0
1092.0
2552.0
1092.0
2272.0
1380.0
996.0
1380.0
1332.0
2004.0
4350.0
1380.0
1332.0
1380.0
1332.0
1952.0
2004.0
1744.0
1380.0
