7650.0
5796.0
3600.0
4768.0
6606.0
2832.0
2004.0
4478.0
8132.0
3660.0
9158.0
4962.0
5798.0
7854.0
4542.0
7782.0
8052.0
1380.0
7668.0
3480.0
8508.0
4680.0
2108.0
7644.0
4796.0
4992.0
5786.0
5726.0
3140.0
7558.0
7930.0
7926.0
5188.0
5604.0
6870.0
8418.0
5340.0
7998.0
6542.0
7378.0
9612.0
6146.0
7684.0
6276.0
4412.0
5216.0
4384.0
4320.0
5702.0
4640.0
5246.0
2944.0
4220.0
8720.0
5896.0
8406.0
3364.0
6826.0
4170.0
4170.0
4092.0
3840.0
5152.0
7378.0
2160.0
8872.0
5640.0
6342.0
8344.0
8388.0
5090.0
5216.0
3600.0
7956.0
5502.0
3028.0
6576.0
7272.0
5216.0
4028.0
2888.0
4350.0
4156.0
6746.0
4962.0
5404.0
12130.0
6112.0
3364.0
6002.0
5124.0
4604.0
7572.0
4170.0
4958.0
4576.0
7060.0
7968.0
5100.0
6054.0
