356.54865761473775
-4.648445408791304
-111.8749915137887
69.01877354830503
158.61375915631652
75.85749487578869
105.99666736647487
32.80457063764334
699.2483839392662
709.8004427738488
705.5167569629848
358.1910104230046
34.367477148771286
434.3431993201375
402.19589399546385
338.0846832767129
4.181184329092503
239.71661475673318
-91.9367949180305
67.64769560098648
79.48302885144949
413.5553435385227
107.1405000127852
355.8992558680475
176.74772721156478
296.57957948744297
741.110976330936
440.27732955664396
268.4436500445008
310.6671202033758
-153.92769733816385
-153.99994798749685
388.94422499090433
491.6494365930557
555.4535049982369
147.52639707177877
-389.70916652306914
643.608608931303
121.107610296458
338.0661116465926
166.46406625583768
447.1138263940811
392.3592634797096
-316.178194116801
396.1890625692904
819.052850857377
472.8915651962161
50.63585437089205
264.35176761075854
155.61426508054137
257.0711838006973
352.5390825159848
-2.216255057603121
-33.88283134251833
269.70264833047986
22.732948929071426
177.73678754270077
106.99059902131557
89.08550506830215
50.69601126015186
244.4147375486791
-67.64519280195236
-29.95166264474392
-57.25592589750886
-76.77560386434197
78.65916805714369
62.27254667133093
-64.94171223789454
199.68063113465905
-49.92016128823161
114.62502233311534
356.3732172176242
258.43339505046606
-123.88042605668306
341.5287614353001
50.1551798582077
16.293748445808887
17.927063960582018
7.587320622056723
-15.283497530966997
181.91697239503264
645.8451823666692
-86.17938731238246
264.20823245868087
-199.00717736408114
306.3084305599332
96.24062641710043
205.43620982393622
25.67760468274355
153.45119816064835
-138.68835709244013
123.19990399852395
502.6610744073987
386.5360542573035
319.90311079472303
659.458595238626
506.0478542558849
226.51743103563786
-69.13512044027448
99.88212529942393
124.6315304748714
214.77968951314688
-2.5099026300013065
282.6740522272885
171.959205057472
324.97103334218264
-17.383123882114887
-23.873440202325583
240.37703870609403
163.0037018544972
321.52833242341876
346.4911169409752
315.94953406974673
355.38233586773276
-7.659759867936373
473.19996225088835
-50.360199484974146
5.362282510846853
240.56018282100558
-24.21090344339609
312.01059401780367
331.2172275185585
165.08637877181172
322.56477950513363
85.67709412425756
108.0102368928492
468.5227098427713
161.7044816762209
105.1813020221889
466.19694321602583
212.77170718088746
343.8151898533106
353.632946010679
204.46956999599934
158.5806635990739
208.430397041142
166.8466814160347
296.4163932800293
225.1454307436943
271.4032024554908
185.02936014533043
443.23742275312543
172.99541579931974
99.73139728233218
303.7988929003477
6.246460255235434
67.30467687547207
309.85541827231646
389.18840308114886
270.14873715117574
-94.92933689057827
71.54245040565729
28.56262831762433
94.89295751228929
247.47432750836015
582.0494082793593
173.71422048285604
196.19187986850739
300.73973712697625
111.92868420109153
-72.4749206379056
-90.22567254304886
248.68153984472156
72.98524152114987
96.56979024410248
-123.0532418563962
31.366744592785835
13.871336050331593
284.98240411654115
285.30794101953506
26.950460102409124
248.90012199431658
-21.199673872441053
185.01179526746273
71.86772503703833
415.2237338833511
81.18114447593689
47.92841139808297
7.516563571989536
86.15728180110455
90.4463109895587
246.15574511513114
178.81612933054566
264.3774415291846
-313.2176438048482
164.395154774189
-28.37012067437172
161.50868071243167
249.68335751071572
-226.8970232233405
-39.00850284472108
273.15685571730137
252.75782838463783
396.67526372894645
478.4502459317446
85.62031001597643
76.35319083184004
180.7052248865366
23.156387731432915
604.6668332144618
675.064066875726
150.37131984904408
32.74021529778838
359.73145684599876
442.39620155096054
622.1202002726495
222.6192803233862
380.56500543281436
269.3060634844005
287.13054206222296
199.47981230169535
198.1383339203894
-70.43946110829711
72.57260658219457
272.88904793933034
200.61935041844845
-99.40395000576973
-79.27016811445355
271.4985293112695
129.7400024458766
146.69594729691744
460.488352317363
116.74436436593533
12.401896934956312
183.49362659081817
40.32542956992984
473.19855445995927
485.1477185077965
121.35040356218815
257.8529037684202
440.4249212630093
301.0502272993326
167.3279239088297
352.8717390932143
-5.71408174559474
513.0918581187725
397.98293609172106
-147.54736638069153
-283.06257585436106
291.14556131884456
174.07032875716686
14.013661187142134
-15.334547221660614
145.0545897781849
169.25225768983364
663.6725207567215
126.61757507547736
619.077046584338
516.1748831681907
487.8467233143747
316.6183693856001
157.96324390918016
125.41025148704648
157.15084647759795
122.39921163767576
91.13564783707261
44.7886747084558
137.11932177096605
57.672944996505976
243.86590526252985
4.736999768763781
306.5476889759302
29.099910244345665
3.6250388510525227
303.426401745528
263.15370040759444
294.3110173083842
71.05071802809834
319.0214249230921
206.183517023921
58.947096575051546
-61.26465707272291
220.89910773187876
89.2876719944179
234.05334032699466
-18.601538572460413
86.71033492684364
156.03872318193316
437.7375526241958
251.65722730383277
285.7344176135957
60.52079896628857
185.0010317787528
138.836950276047
-52.559559997171164
182.69814367964864
242.39853679016232
144.16637791320682
60.90436090156436
52.556355748325586
-17.079837676137686
167.06015518680215
201.0562486872077
272.930102981627
233.85698903352022
97.9350392781198
218.4819528274238
38.25733748823404
184.10886478051543
217.58141872286797
91.55518616363406
70.77604378387332
228.10855374112725
-46.981458343565464
107.04418235644698
-64.27042499184608
172.67237536236644
-18.316754907369614
234.56357940658927
138.78718898445368
148.94567305967212
-13.699961729347706
183.5230484381318
198.3688928335905
161.57744212821126
105.15626382827759
-17.361813243478537
140.8415880203247
-12.933863054960966
-6.418405741453171
-24.182706147432327
253.6935536004603
118.23564171791077
231.78283225744963
171.25382132083178
168.8132726997137
209.50606996566057
122.38093633577228
225.82857562229037
26.725074663758278
152.38810783997178
243.5781303755939
177.11776105314493
240.46720569208264
170.90619759634137
95.80254757776856
119.30797498300672
170.63470167294145
11.006882544606924
228.74760712310672
130.64873650297523
223.62260392308235
96.04301830753684
183.28215665742755
86.26893128827214
167.22907669469714
242.92950949072838
170.342885106802
109.16811765730381
187.30526846647263
81.17120411992073
-107.00646832585335
26.674424406141043
301.6658803932369
384.8534241095185
180.0007202140987
442.4302789531648
130.96136328205466
173.09132895991206
643.7675875611603
114.53400789573789
158.35065466538072
222.29379419982433
568.8254743851721
-64.04402853921056
86.00659950077534
-92.14110548049212
566.7390831932425
92.02756413444877
-31.48179665952921
-48.87485175579786
244.6561025045812
206.22205257043242
344.6925411261618
183.9237905703485
481.2114556580782
284.22054371237755
165.07309449836612
137.5128983296454
24.75592168048024
271.97437135875225
126.40143335610628
210.52702721208334
237.31001547724009
448.1695766597986
352.67235792055726
126.67916138470173
104.74782570824027
308.7530073001981
351.9064768962562
306.29663307219744
386.66419802978635
-5.318508740514517
219.5193320699036
230.3653461113572
325.33372469618917
485.4119707457721
-90.8476734161377
422.3773560933769
212.72020768374205
48.75276302546263
91.19078312441707
378.753631208092
103.37517747282982
587.1392331235111
409.78199000656605
-119.95163426175714
291.78639109805226
762.0169864483178
114.97388547286391
328.03442876040936
114.12429308146238
176.397815939039
210.74934551864862
279.99214485660195
269.0380986519158
35.906142476946115
0.9453848525881767
429.7403375580907
-22.357106875628233
181.21600860357285
57.4870120882988
-49.333924520760775
327.9155633710325
280.6380060836673
377.11944772303104
736.9589790776372
514.6992985680699
429.7887453697622
463.52094516530633
564.4130111187696
-192.7899369634688
194.66733931005
492.90785382315516
407.2610185071826
-148.65366044268012
-161.48407811298966
300.09393275529146
232.72553909942508
169.23609299212694
156.5455898679793
635.8421705663204
56.291800148785114
37.15067623183131
-77.73411190509796
1239.8535031154752
240.29398157820106
131.22518830001354
311.7132679782808
267.56481916457415
142.36879442632198
286.66880079731345
168.7464368455112
108.91603557392955
323.3626326471567
279.05930634588003
64.34418739378452
314.7759117856622
78.84485393762589
-58.708702228963375
103.85837254300714
176.88394713029265
-23.46179559826851
238.5544953905046
354.4800736308098
321.5646499097347
365.8558477461338
406.499602291733
-49.53607499226928
467.19981311261654
561.5932574570179
269.07977982982993
491.99546714127064
443.8223136216402
73.42942903190851
158.4194590896368
16.517959278076887
18.492564413696527
305.5471112988889
-25.84024142846465
415.2697931751609
266.853945504874
338.18789164349437
224.6953056678176
289.0842729471624
228.55001324787736
75.43862806633115
251.11018358170986
146.16874193772674
-163.41420816630125
24.679453656077385
499.50210777670145
105.36582435294986
91.66892889514565
37.12752538919449
79.75099197030067
187.67151280492544
179.69338699057698
486.8557505682111
-3.1161456182599068
239.93248419836164
299.34039332717657
157.42630504071712
-65.31840176135302
204.6080326884985
239.05336333438754
235.4635189883411
271.4603462740779
261.82780531421304
331.6143652871251
438.4091686718166
101.27571189031005
291.3180718794465
225.56727954372764
165.30307254567742
150.06898019835353
-32.50098196789622
447.64559991285205
183.9961291588843
218.38620741292834
264.25921512022614
296.010932341218
33.56810698658228
479.8433631584048
42.934524703770876
237.21772227808833
263.40692523121834
-220.2897116728127
299.34173438698053
409.7070906981826
60.738408248871565
-97.90113114565611
575.7169377654791
482.17728854715824
632.5173533894122
433.27969754487276
124.70647951960564
-92.99332357198
528.2382546439767
723.4811964407563
194.70680624246597
674.5911363847554
873.2379993274808
87.21035816520452
236.15956097841263
-247.51953861117363
193.51081103086472
305.63550209254026
147.0849405527115
-167.81905770674348
224.4064035192132
434.5659380890429
143.81670746952295
144.09799713268876
476.0443773493171
149.77051841840148
302.15224017202854
72.4222059622407
70.31551654264331
491.3384646885097
-21.34302321448922
496.0725990533829
231.0852913558483
277.0183148570359
91.79157546907663
171.27587197348475
186.03268752247095
-7.450157999992371
504.8673994243145
274.6947468556464
162.82262005656958
182.14706693962216
318.278717789799
233.17184299603105
322.85896592214704
52.67958104982972
338.1755153648555
293.36405278742313
-89.20610472932458
431.00930628553033
107.40791164338589
143.8533828370273
110.70473108068109
254.17719320580363
405.06844399124384
340.9621864296496
-24.385356795042753
60.180939212441444
306.7054570429027
162.11627593263984
66.11364196240902
294.9661984369159
31.4531344845891
459.1666743196547
-22.675853703171015
134.0411370433867
234.1022783704102
339.0924268811941
16.07243361324072
325.1151867955923
2.051577251404524
46.74105678498745
73.92730678990483
319.4958282895386
239.2718778513372
356.6623320914805
269.9220053702593
321.9968646876514
143.37869445979595
227.25447857379913
181.11685815826058
301.93238734453917
191.4995310343802
-88.49092347547412
180.19590168073773
168.25065271928906
121.05166517570615
99.70874745026231
269.57650523632765
82.14001364633441
151.82052907720208
213.67958480864763
285.4992881529033
374.1296654380858
92.7944051772356
527.4571451172233
122.30141578242183
272.5102372094989
74.1262106783688
-24.88181220367551
80.63784464076161
221.0385641232133
465.3281289450824
211.34486106783152
359.5753691904247
271.7693775296211
194.78148061409593
274.1341856904328
-158.81349056959152
153.3146375119686
243.42422994598746
117.0121890604496
-9.316205628216267
0.8881896287202835
15.710702892392874
201.25544207170606
545.2792643643916
88.75555712357163
400.80888772010803
189.92504531145096
173.77042938396335
228.07242533564568
265.88444370776415
-88.52213359251618
262.735599193722
320.497612580657
304.26263438537717
342.5754542015493
330.82173593714833
-110.76383930444717
-312.06583635509014
331.9103803373873
-3.6489467099308968
1.264798317104578
-21.9102396145463
138.41898746788502
223.97522100806236
-105.01287672296166
538.0260582715273
18.218365363776684
224.3956069536507
-299.5009966939688
298.3910151310265
199.40485528111458
-100.38320576027036
-36.55737463757396
216.50540068745613
204.1360600553453
138.61201707273722
156.07582531496882
154.14910306409
664.8283893354237
71.45800282806158
467.1575586758554
66.85466508567333
201.68165417015553
169.2012473642826
53.04674107953906
-134.31101992353797
484.0262098312378
102.9689117372036
373.5281226038933
-13.785702962428331
724.624421313405
201.42961397394538
404.43813472241163
156.0163381509483
-26.64696352928877
669.8512945622206
-163.2479399703443
-7.761535063385963
326.3519679605961
71.40206441655755
206.73305262625217
487.8825063854456
575.1711035631597
280.62503545358777
542.693223297596
361.1566297672689
137.55689648911357
87.43641369789839
178.29128628224134
372.0958292596042
304.74994767829776
262.1297440379858
74.68642412126064
282.63335844501853
288.64082128182054
248.34063550457358
75.42285982146859
-9.233819659799337
218.52999912574887
351.2323912754655
414.9310576505959
45.021012749522924
103.82430071756244
268.00670462474227
242.86924160644412
35.553631238639355
259.6668626256287
377.1227034702897
-36.00966997817159
173.71033461019397
33.515110958367586
143.57864662632346
142.66702429577708
320.13344883546233
177.58480888605118
78.1836242750287
-181.60417974740267
24.954900234937668
400.2303563095629
550.7004035189748
25.233840584754944
270.19931016117334
411.9517041966319
344.2364670149982
268.25033601373434
317.00439827144146
430.46015264093876
567.6044477671385
279.86512975767255
392.7454081326723
83.64038796722889
372.19323087483644
580.1492967829108
186.64340519160032
296.26279148459435
510.2759139947593
220.9154715873301
280.45023757591844
596.7765768654644
58.34336858615279
199.36112504079938
158.729085277766
-138.41507168859243
340.0270426645875
3.6713651455938816
119.8173243291676
418.42533238604665
479.60197234526277
252.73392856493592
825.3086107969284
204.3002557270229
52.21732521057129
492.56370402500033
304.9507534727454
494.3152609691024
195.449147939682
5.732227221131325
375.6214638389647
563.3687577843666
635.7099597901106
164.750435564667
534.9556790366769
22.53238381445408
469.76183300837874
-122.8959726691246
460.140829090029
505.9849555641413
408.02373353764415
338.39184572920203
254.4397058300674
233.4505739286542
339.08817376568913
625.8394119478762
473.33150612562895
255.19317274540663
-59.40917142480612
76.85087926313281
31.67193589359522
-285.7482741288841
-35.360736574977636
318.7693445086479
-182.76377656683326
489.48342775925994
121.07283549755812
-123.09164728596807
413.3246412575245
757.1893316097558
362.7150932252407
152.8237252868712
603.6911175735295
-116.58924813568592
136.49915980547667
580.5158005729318
-71.35674081742764
-103.6574937812984
277.95834447070956
39.356903087347746
683.3453742675483
208.43138589337468
-255.75624905899167
394.23252001032233
183.81312450021505
394.43775937333703
380.26508915424347
315.14701902493834
291.31128078326583
60.52680017799139
481.95401008054614
532.3574541471899
202.0904903933406
348.5118778310716
1134.7881823182106
179.82820964604616
-0.11514473706483841
200.55482824891806
442.03477670252323
197.8156804293394
526.2448386512697
590.7758974507451
207.71546342223883
250.43798362091184
1107.20195800066
269.9556459337473
330.7299324758351
-44.19861764088273
681.8766661062837
-30.618930526077747
70.836326751858
31.884033516049385
160.84646260738373
88.70363214239478
86.09870651736856
-9.780532699078321
154.27324040979147
155.57715691626072
140.69989263638854
205.34184810891747
186.3670136295259
69.63655938953161
56.86638242006302
187.44301185384393
87.91898179799318
92.78935630619526
174.22635832056403
67.00455881655216
72.43334971740842
105.81908247619867
149.6473537236452
56.39822807535529
73.5675081834197
9.325062666088343
116.0700362175703
58.24527932330966
183.85838463902473
-39.94036691635847
68.53399412706494
121.49039725586772
197.68034168705344
55.09104552492499
81.19763793796301
64.68116453289986
100.06445663422346
43.33378279954195
46.32771373540163
84.2490416392684
106.43491122871637
223.81905433908105
146.92977302148938
90.1918571665883
135.90564724430442
143.69221640750766
48.078471940010786
27.690821386873722
145.69297195225954
76.21659276634455
63.77728632465005
68.96865958720446
728.0773158296943
616.264361422509
-550.4593340307474
19.65363873541355
352.38938181847334
16.392252907156944
87.6750247515738
536.1664930172265
53.790916211903095
66.58609681203961
273.08840849250555
578.4451246261597
582.541006706655
382.95806949585676
-189.0406365506351
668.5962847396731
584.7742674946785
734.8484370261431
189.17300394177437
68.67810057103634
448.80047438666224
-107.24045734852552
686.990615118295
27.032526824623346
865.8221184536815
103.32219881564379
8.357211459428072
535.1612018793821
-40.382655039429665
532.945278223604
416.653347376734
87.43313742056489
72.58013887703419
93.39009803533554
435.6158121749759
279.4604143425822
-325.61578595638275
162.74237475916743
218.6968036852777
-109.60751660913229
509.13047049194574
563.6659374162555
196.727330442518
650.0665040612221
726.4290929362178
468.5211319811642
78.6318416967988
557.1240603402257
924.607017442584
27.492053266614676
75.71204928681254
320.62924041226506
5.711441829800606
192.4283491000533
147.4348306916654
196.73541045933962
173.10567278787494
112.14045220986009
156.51799907535315
-86.4738689288497
202.42903837934136
267.1064165569842
133.89203107357025
188.0605220720172
395.18377309292555
297.4008813537657
316.3857946805656
58.27127470448613
63.123737528920174
-62.705615978688
354.35980267077684
276.1627401188016
281.80181546881795
289.2110427543521
229.63585805520415
57.65706876292825
219.98496255651116
147.38609408214688
151.92518286034465
170.09975424781442
133.31498089805245
159.15967178344727
-31.470164008438587
474.66615560650826
159.2933994345367
-89.70802776888013
90.26240035146475
226.95906522125006
163.16737908124924
349.10178235173225
164.03774229437113
365.93181711807847
105.97437311336398
160.95253370702267
359.0055507943034
103.48466004058719
90.70625609904528
80.32840165868402
157.68349017575383
164.136124368757
0.27293112874031067
553.9544529281557
-109.61502002552152
-538.9856700971723
183.92092872783542
711.3332717530429
188.08001055940986
285.42912282422185
55.49085179716349
128.9519926123321
148.1971250101924
427.25565479695797
617.2104295939207
239.82499384135008
626.4290738143027
585.2272732108831
78.03897258639336
-305.2134408839047
-31.80468099936843
111.51655225083232
554.2535878047347
33.54984766244888
-100.58914511278272
572.729160130024
133.09686659649014
653.5526117347181
341.1060858257115
-274.24362740293145
564.713869586587
497.59294102713466
773.9167261570692
97.13923738524318
611.9520807489753
651.7107310630381
795.5554865859449
196.00565809383988
-157.55224610865116
521.8167339749634
1001.890519335866
862.9796866588295
194.79679819196463
412.0995421484113
592.6128376461565
576.8487248159945
450.5162703804672
45.916128516197205
12.639249797910452
303.17612121626735
771.67704584077
248.09155195578933
309.65260910242796
505.2417225241661
340.4234820716083
244.3326211385429
276.80545642226934
213.97683259099722
456.7900288775563
199.8070690780878
294.3171344026923
7.359578620642424
471.4474379606545
76.39982971549034
267.26724126562476
195.2330790683627
191.22976471856236
249.9287788271904
65.74694250896573
321.19424799084663
68.54490263387561
109.41013705357909
119.28725889325142
267.37493063136935
-44.614938605576754
169.2635872811079
221.44887942820787
301.2768159992993
103.36156778782606
491.08623595163226
554.9227695018053
357.06756414473057
-201.78539349138737
315.56150513887405
130.40582644939423
157.36061829328537
260.6242469474673
9.369924806058407
132.05280543863773
298.3316720239818
-83.67689264193177
161.5525451488793
504.27439684048295
138.74023024365306
277.137624386698
5.431648183614016
208.84950593486428
270.14171328395605
214.8445720821619
135.3152771703899
136.32254153117537
219.72826563194394
-19.342729099094868
194.5343379713595
179.69576608389616
24.745467886328697
148.67801354825497
242.71049360185862
51.58756262436509
4.361820757389069
22.8105932995677
21.752894204109907
-43.69614817947149
175.8850860595703
171.22610548138618
170.25066543370485
62.16360607743263
120.47565142810345
273.2515574544668
201.82819044962525
199.94165161252022
279.5832010023296
235.48294602707028
70.49225742742419
-32.10124030709267
111.11206013709307
134.75647975876927
2.828384518623352
-8.417852509766817
144.82228680327535
243.11838050931692
137.3637389317155
251.59683337062597
4.809285543859005
99.52472150698304
80.85315600782633
183.48987474292517
-71.77827589586377
86.32751772925258
8.473740629851818
109.0022481419146
137.1894132718444
-11.277324087917805
291.2098454609513
211.87865618988872
144.5278592146933
30.725796032696962
110.20938624814153
190.1255393512547
-9.569920275360346
110.67933301255107
135.2802268639207
514.2345628030598
204.39114285632968
100.01491464301944
233.34623311832547
-73.21506670117378
16.992593001574278
81.15981199219823
92.54040629416704
587.3388065584004
676.663879673928
128.46319778636098
725.8489394932985
379.49669624492526
121.53620501980186
459.8824874944985
531.6496253609657
623.3800141140819
239.58225668221712
378.6662908382714
346.8543026521802
78.56754139438272
623.4535973332822
541.3022646456957
119.61815376207232
416.69891902804375
347.54867377504706
258.5536286123097
446.3444162644446
271.1720512881875
400.58139591664076
501.1674035601318
503.50248077884316
-96.44810807332397
595.3162133172154
24.55986463651061
591.2279882393777
585.292398288846
324.3504981249571
411.16926207765937
775.8039497621357
273.63149369880557
196.89511961117387
-160.48215149343014
350.51359440386295
64.62762396782637
448.4129264689982
845.534732285887
367.3355880752206
506.64812982082367
333.6790509521961
26.978080857545137
226.81053748726845
433.9753076583147
173.5840820632875
267.9372592456639
244.53188045695424
-122.32285108044744
-130.41899084299803
-41.982514183968306
246.40376917272806
338.0361181758344
217.36048132553697
91.99920499697328
100.26595801115036
-45.13266908749938
-42.14815525338054
320.4967271462083
91.8487636744976
338.56493098288774
212.3697413429618
47.0819182805717
109.25978448987007
161.27477103099227
-35.63393747806549
371.5559767894447
177.83346468955278
-123.25133575499058
353.46547032520175
662.1664099544287
351.00165171548724
300.98014736175537
402.2671070471406
-150.97546971589327
-113.73122024536133
31.374280866235495
348.9607542194426
155.74872079864144
416.9350209906697
90.06103854998946
303.35221464931965
255.1341349594295
292.98039200156927
25.217334654182196
19.98625971004367
148.0368900820613
227.04289042577147
589.3495714962482
449.1607799194753
135.59878335520625
230.1850037649274
-47.11178873106837
225.84649465978146
253.26118436828256
222.4280845336616
367.63650808110833
332.88563035801053
205.7196772918105
205.0065085478127
512.9284568987787
-112.85316783562303
444.1504870168865
-8.636867608875036
314.00515127182007
425.40358408913016
185.95327520370483
240.12745852395892
230.128163266927
64.76938509196043
372.06996754184365
55.56332698836923
357.1754232272506
19.504478327929974
194.3196999579668
32.39999966323376
326.36239378899336
397.83335126936436
280.56014101579785
219.4848108701408
382.6132228374481
67.31650757417083
657.0056405849755
133.22903155907989
442.02503656595945
251.64516925439239
196.0692593753338
184.2865930236876
47.01888969913125
221.44150622189045
289.97287330031395
248.60439865663648
388.2830412648618
169.73701716214418
405.39671263843775
99.98208633437753
153.78782541304827
301.1343939267099
52.29531969502568
225.6298959441483
250.97181456908584
100.7435738556087
219.26443182304502
187.14145754277706
203.53547632694244
-34.77977296337485
350.14868489280343
253.82710528746247
387.5960865877569
331.49936905503273
336.0767974369228
169.05861650779843
210.07694443687797
364.4636511653662
342.86224971711636
504.890111643821
313.6874201744795
-9.740879628807306
209.46751997619867
23.16738862544298
112.48913424089551
433.42986577004194
28.555933885276318
7.622631583362818
280.9703528061509
542.3948214910924
332.29541248455644
-95.63149355724454
8.871191069483757
134.56014554202557
355.8735712468624
-211.6748151369393
130.7490364983678
304.62598622217774
212.028371732682
703.2653568126261
390.1286938674748
396.73758493736386
410.4395939409733
148.2661027647555
255.77407248318195
221.35803406313062
499.9421351701021
408.94269052520394
371.505061943084
13.723857920616865
363.27003491669893
329.88414311781526
-199.15121745318174
103.4961801469326
353.67558151856065
320.65819238871336
204.6771728657186
254.24779157713056
277.35463571175933
27.818036306649446
209.33323176950216
41.936894446611404
378.1210372559726
443.7805393114686
69.60539587959647
135.58456246554852
434.3473086543381
276.20788310468197
133.22114960849285
495.88400572165847
72.1160594560206
176.42515637725592
227.81275689601898
384.5015804246068
310.34341249987483
340.69274643808603
-94.36696496978402
300.7107096761465
276.5400705188513
-29.22614263743162
328.7353712245822
337.86211298406124
107.57893069088459
41.2894949875772
241.62082877755165
160.4934586547315
441.92527071759105
85.08894040063024
124.55002811923623
340.3680476807058
621.5649443902075
-70.21752591058612
250.2190512754023
129.02878035977483
-56.914315450936556
280.85042510926723
306.86383217200637
143.93577671051025
387.9397270306945
388.28762619942427
44.97140232846141
114.63840172439814
25.065339747816324
305.6248228549957
238.74813938513398
561.4560851156712
385.84065168350935
214.12316175177693
-2.6128469444811344
162.66218221187592
-23.990651849657297
237.6692629903555
217.7585406601429
247.49330718442798
371.65170915052295
146.39767744019628
231.75197473168373
236.13456494361162
219.4144913367927
211.1092396005988
-48.53791528940201
31.445247620344162
115.63145497813821
277.28903153538704
93.8721971809864
-16.728667076677084
125.20167424157262
293.88966879993677
255.05063887313008
223.29017448052764
-14.728100795298815
275.224304407835
253.3684092387557
112.8968361876905
113.13378266245127
200.35729058086872
192.10469360649586
51.575758296996355
25.08929792791605
42.886219549924135
370.1297303400934
235.1953632198274
107.05498227849603
265.36257338151336
52.61872861161828
197.71532367169857
259.9301089644432
231.39755111932755
304.88848969340324
197.7306699939072
176.31074000895023
78.0201020501554
-19.63019970431924
72.08077193051577
56.89121275395155
102.817456535995
527.5882736891508
261.93973575532436
25.740446370095015
605.2814650200307
-15.641440946608782
452.2194416448474
-138.93639654666185
182.51765329018235
149.9775338768959
18.729431338608265
10.465670179575682
675.6523099206388
841.8724300824106
311.07804860919714
82.42290934920311
267.8042203038931
341.86923261359334
378.8059188760817
108.62252344563603
182.88963286578655
501.819006934762
621.8451325260103
15.758864402770996
529.2073370628059
226.41778679564595
146.88130263984203
-5.7397851794958115
214.31942984461784
51.1372994966805
209.30281472951174
-29.432186651974916
163.22058259695768
215.05947429314256
187.2842940427363
398.3792012669146
453.70893561095
-133.34212759509683
756.0191747955978
-201.75128293409944
-34.363862320780754
367.0417349487543
554.3660828657448
222.60982293635607
188.08952148258686
90.08309514075518
150.67778485268354
629.0797287337482
348.06859931722283
231.99311077222228
267.3387681655586
218.90543431043625
145.73064528778195
472.79016641154885
343.0903448276222
302.0365676879883
127.25320674851537
169.31747905537486
425.6787146925926
570.0184319093823
-139.2880962267518
227.3975937217474
409.9846855737269
529.2452188692987
514.6531680338085
42.90642145648599
298.21497371420264
142.24159440770745
380.4901279620826
-42.35718044266105
494.08962646126747
146.58212880045176
279.722535636276
252.2258711606264
197.6701066456735
332.5529454238713
567.5710103549063
407.75803054124117
401.64464899897575
55.7534357868135
20.150815214961767
188.91388890892267
303.6009417064488
232.85096941515803
731.2752438113093
349.81082797795534
138.47849503532052
370.2738573215902
360.0309944488108
531.0753823854029
200.40880036726594
216.6953968219459
399.52240566909313
-44.622590966522694
343.22247218340635
452.35348904132843
-5.110496964305639
79.75004867464304
316.23704865574837
355.64307789877057
309.65788101032376
120.48755133152008
213.53839702531695
129.21289386227727
363.125162769109
91.69027443230152
-24.59594440832734
754.5616397112608
371.72624749690294
559.3224349059165
46.21339876577258
174.90644032508135
426.80659207329154
319.7470941655338
321.99021515995264
728.5631739459932
438.0839092619717
148.4373787008226
150.61915995925665
295.7417666874826
110.9284505136311
306.17940946668386
-19.00510647147894
295.8833670914173
117.0958891697228
238.63372707366943
335.46433188021183
563.8109631761909
188.0156091749668
436.4379978440702
345.88484919443727
452.32472797483206
-85.41477323323488
175.08465646579862
-234.70203895494342
317.6200065538287
385.222211483866
554.3025569729507
27.47914794832468
-155.94265990704298
-35.819328140467405
291.7005170471966
188.87472872436047
-62.30876363068819
327.127668377012
577.2224172800779
-210.70321567356586
163.10097847506404
223.41478150710464
299.0711522363126
16.343367755413055
122.87778771668673
149.0080642811954
-32.737210642546415
606.9500068202615
330.33514086157084
413.53027749434114
58.3408647403121
348.91489028930664
12.784048207104206
422.05421548709273
628.0051088668406
709.7356732226908
542.9455629177392
80.25408996641636
117.5717516951263
319.1820077300072
192.093805834651
603.004294205457
554.0282765291631
243.9187700599432
685.2747483663261
186.7905996069312
204.61228105425835
74.14864540845156
230.02288929745555
199.3680069334805
380.6277918368578
-43.39927200973034
71.61175400391221
-28.89948271587491
147.7870276644826
45.54685029760003
116.99051574617624
182.59886836260557
17.187025047838688
446.9649558067322
253.00629265606403
180.73883842676878
170.85353282094002
550.7260818853974
127.27665786445141
-93.72270180657506
290.01760252937675
220.51722491532564
432.5966670550406
58.570794619619846
561.9965844713151
197.52197555452585
525.4202143102884
4.4520214051008224
407.79124953970313
27.155635833740234
247.06042260676622
377.8581768423319
244.1333931647241
111.60462947934866
467.9217010214925
159.56561330333352
199.46025103330612
-109.0743075273931
211.0374584645033
221.60359342768788
123.32575533166528
219.1231481358409
239.39224288240075
454.793458443135
121.80732711032033
242.5823981948197
493.5658403225243
220.60660448670387
515.0760851576924
172.4629278667271
198.74592705070972
185.16653913632035
-0.15720940381288528
539.5733734704554
484.26518043875694
-100.12888948246837
-26.414415314793587
-33.53270365297794
-126.57560939341784
153.7749581411481
-51.5744324028492
174.22929098457098
248.3577215000987
244.56871569529176
92.50098314881325
390.3704382739961
193.2219754718244
312.339950222522
238.00812174007297
162.89362066984177
321.32820714637637
102.45001569390297
360.8489845171571
-0.2626468427479267
329.8892491273582
5.916081041097641
369.9054911993444
140.8432541936636
245.80760413780808
466.8515094704926
310.96961322054267
106.5421205163002
234.23770454898477
613.3905808478594
546.3460829593241
-172.64519310742617
184.19068943709135
-246.6083033196628
-17.310256477445364
476.2277704961598
26.409443221986294
132.45720578730106
-118.09055572375655
445.02580135688186
-116.45221286267042
203.31081145256758
246.8035288825631
338.929430834949
229.36561472713947
528.8513034842908
46.52435690164566
297.2098349966109
-279.5181479230523
-57.95963629335165
230.61473567411304
91.47705032676458
523.1932995580137
280.7561475895345
324.2337999083102
-109.44111846387386
-87.03492315858603
162.0395898744464
920.8159311115742
184.64287777245045
266.94508849456906
10.530819788575172
393.9895236045122
337.43807447329164
132.1964250355959
219.87162489816546
112.916533280164
566.9202942661941
340.7910998798907
364.68891817331314
-51.65047737583518
489.27528161183
136.5189793370664
77.38071566820145
33.41135314106941
536.9137318730354
182.34259162470698
-42.15409738942981
527.6905783414841
189.0531920529902
975.4411045536399
149.03867501020432
382.1089224666357
702.5621579103172
720.096766538918
343.79437067359686
214.1895503886044
242.2796984501183
513.1963722929358
16.32991572842002
367.03069481626153
-13.950805142521858
130.2652498409152
564.0363523736596
751.7545831799507
418.09497758746147
798.5914255529642
239.33611696213484
-3.9137829318642616
244.29207085072994
133.61166367679834
-151.93640172854066
405.26255045086145
446.63886826857924
313.42391607165337
467.783659607172
347.05593974143267
636.8430943228304
87.43489609658718
451.4262729547918
649.907901994884
-223.2185587733984
375.3179141394794
401.31959579512477
72.85418632999063
576.8054609373212
354.0454439409077
347.5406286381185
21.180282685905695
291.44764583930373
348.7834472618997
-198.5136106647551
227.444947861135
364.9298389516771
326.78919007256627
391.6745228767395
222.29866680130363
263.80814768373966
295.2678842805326
146.83265126124024
58.52910451963544
309.83331172540784
407.56562192738056
138.31360422447324
199.64645805582404
176.43093743175268
726.5405088737607
59.762936282902956
256.71293883770704
109.29460969567299
426.933455966413
178.22998102009296
158.79479056224227
35.70065212994814
0.20700526610016823
85.8573042973876
-99.70543242618442
164.39721427857876
263.78035759180784
-33.4147513769567
254.61917062103748
186.06484216451645
73.11874509975314
135.9358637481928
173.83520109206438
-374.08661564812064
-99.41040409728885
302.6133957505226
6.563917711377144
412.7437995634973
271.8173360750079
438.0554592497647
228.82092709466815
160.6093930117786
247.83358075469732
322.8561706133187
155.82535498961806
-61.94476839527488
1.1904222667217255
405.5285679399967
222.36487502977252
423.254567977041
98.7285594008863
311.5826605334878
492.6312708593905
173.50580843538046
584.8325183391571
247.22484963014722
469.57459845766425
529.7611164450645
25.156384848058224
157.02315762639046
-156.05303301289678
122.31870353594422
301.49295084923506
352.8379027508199
250.4608286395669
-64.2733260281384
85.94589423015714
355.26965391263366
150.67828337848186
-294.3162257298827
223.75172543153167
462.9932550229132
401.90099059045315
637.8072098307312
421.92799466848373
263.7625009790063
325.135525573045
84.38308528065681
-72.25106094777584
234.59602242335677
806.4952932111919
112.49937702342868
145.30842361599207
387.9775456190109
-150.12207455933094
490.07099851220846
227.0379176326096
457.30098363012075
133.60229379311204
-107.40892377123237
149.67444871366024
282.0905987136066
467.50121150910854
92.49250505119562
39.3810103982687
308.7670637369156
328.8418501019478
435.6618493460119
400.1134613864124
-153.49099704623222
439.6849974244833
19.068155013024807
139.03498050943017
414.93055502325296
438.367883592844
162.40436519682407
-45.410374131053686
494.80670151114464
210.91012362763286
361.7494360767305
211.00011231005192
-18.384874001145363
33.56220271810889
108.53919654339552
420.64995035901666
684.3126019351184
182.1470674611628
133.56539426371455
-19.44676848873496
475.73150086030364
166.5296589396894
422.1170842014253
200.1123332604766
-139.39776003733277
202.68507874011993
732.6115042194724
504.800498008728
458.70774902403355
227.43965147435665
154.51992047950625
-43.265037301927805
320.76653150469065
184.34644815698266
483.67519349977374
-97.7428814098239
228.18060905113816
330.17560332268476
224.8552820570767
557.3440436497331
356.66907369717956
213.94008746370673
391.0625654794276
199.1022515743971
445.6924040466547
377.04389660432935
323.5872221328318
342.7524427436292
230.3223714567721
-92.84617339074612
323.95689480379224
45.390929725021124
133.9741478189826
222.08206179738045
443.5401599109173
-154.01283649355173
532.5501943491399
2.9585792906582355
79.61270032823086
441.8744298182428
245.39874831587076
97.91522355005145
-36.42804402858019
300.2550714612007
42.90738970786333
199.19425785169005
-36.037229403853416
30.262903824448586
227.89242496341467
508.6091783307493
516.1128911525011
105.15646033361554
283.14149390533566
121.64339340105653
319.6774846278131
87.20287241786718
574.4428113214672
277.6742799580097
274.49849132820964
368.5659159645438
239.32893620803952
709.1243369244039
115.6452641710639
152.8190806992352
406.9515432417393
66.0236450098455
315.78353624790907
231.43576219305396
357.15350629389286
519.6233456395566
736.3340694308281
219.22877622023225
-124.25116685777903
326.45067907497287
73.47207517921925
-43.93240177258849
257.286915268749
-147.49803401902318
-239.44803845509887
235.92852417752147
567.326408162713
-263.18461687490344
321.3297168686986
245.24115868657827
59.75747889652848
70.34846193343401
112.48627850785851
-222.5731228403747
600.7193616516888
248.82594295591116
65.15636363625526
113.3811053968966
-92.98212567344308
738.397705566138
120.66011963039637
236.51123275235295
115.49148200824857
-44.122100941836834
230.06382739916444
257.489280346781
225.93621322512627
281.38340501487255
271.2809701524675
176.60491447523236
157.02339012548327
-49.724147759377956
318.2041574418545
-0.29845354706048965
953.90292327106
-154.8330444097519
136.71967469528317
5.959081143140793
467.2132615149021
34.58521447330713
366.9838040135801
203.6315211802721
287.5915902517736
220.16796194389462
250.9375400096178
160.07750006392598
305.9780376255512
582.6204777806997
-218.15023121610284
-228.12804614007473
809.189979556948
571.1492945738137
184.20095075294375
617.3552071899176
492.5142427831888
302.0102066397667
661.5992402397096
-26.984519876539707
353.0558544769883
346.7386876605451
125.41190440952778
237.95434653386474
138.83695166930556
554.1850301027298
459.16511460766196
323.2192199230194
202.11644442006946
385.76944084465504
-2.5924610011279583
358.77781825885177
65.51127543672919
392.98171582072973
132.0799747183919
529.4590584523976
564.9379464350641
492.44075943157077
530.5792338475585
582.0001047290862
127.015272077173
303.0608638562262
302.05195085704327
393.10160905495286
281.50197360292077
47.98326399549842
10.121856860816479
159.15600669011474
138.84170278161764
86.66400257498026
-49.76062201708555
327.4579832069576
160.36759465560317
478.1198679879308
289.9952668361366
360.78639835491776
344.6283925063908
243.86895970255136
224.4875167682767
223.0524438507855
72.19306858256459
148.86895836144686
145.62998732551932
242.42082004249096
448.7002792917192
223.07643678039312
328.68944089859724
249.47986225783825
261.4277024678886
143.02773356810212
98.57495761662722
597.4734563007951
478.10146228969097
161.33598464354873
510.8353734947741
40.11927689984441
69.09720777347684
-125.1535424515605
228.29003934934735
349.5878105685115
654.6145045049489
634.406172350049
594.569155793637
454.46111887693405
158.1119384765625
305.42259422689676
341.7368073537946
501.35275058448315
727.1544633284211
446.76047376543283
336.24424220621586
359.29988535121083
297.6621767617762
216.16261294856668
634.2205182984471
210.56398993730545
-2.8887124471366405
398.50754883885384
191.576584700495
411.09728233888745
314.9799389615655
177.23968720808625
228.37489495426416
355.3318531550467
-138.48102673888206
278.682558439672
-100.29072860628366
70.9814162440598
652.6307921782136
-189.699952095747
377.4863142631948
225.29830982536077
-84.22619426250458
55.31036823987961
61.795488849282265
181.76102441176772
569.2376670576632
123.69240825250745
310.2756648026407
-63.258879262954
437.2964621409774
156.98516424372792
198.75306966528296
292.44969958812
307.6559559702873
176.96043629944324
670.197388831526
143.06704617664218
-11.72948208451271
220.75522969663143
448.9344614855945
266.6311000622809
212.3993062414229
565.3176237642765
184.56921902298927
263.8915281146765
532.8119031228125
185.31841241568327
117.882847674191
643.7750362232327
129.64218149334192
155.27285827323794
86.65484571456909
409.81650146842003
216.9944316148758
260.6896869428456
579.069243568927
-3.6704736314713955
417.03207405656576
336.39055229350924
-139.49077470228076
563.2219794653356
373.16312992945313
347.1248029470444
381.49860018864274
189.2897814475
243.63625885918736
130.17194727435708
512.9369301088154
619.8574786484241
53.905875977128744
457.33882681280375
555.3372727632523
363.03706480562687
116.4836090542376
181.6911923699081
145.92358960956335
405.2749242596328
346.93967980891466
119.298913795501
-40.582548424601555
487.03924844786525
418.1608889400959
193.97665543481708
322.45105070248246
375.2502461001277
-155.65683460980654
336.4543252810836
241.54203944653273
174.57329654693604
453.43717328831553
577.1247655563056
427.3783835247159
204.43297745659947
222.41551619768143
341.6240894012153
217.42954007908702
166.71184144169092
500.53387673944235
95.93352322280407
263.1242519393563
294.65464325249195
580.0967238731682
340.772040233016
280.80515033379197
328.1259581744671
370.2367857173085
3.049270275980234
153.82847451791167
325.0668626204133
437.90102879330516
260.9825556278229
673.6406373940408
135.9096210859716
168.6141857355833
392.425492759794
344.43696235865355
38.3232712931931
135.73828994482756
282.1434694454074
195.4921516366303
94.49399892613292
180.3853267841041
172.73503041267395
6.691889371722937
117.53074597939849
360.19995863363147
199.16985365003347
198.9875222891569
68.94081031531096
299.8448313176632
285.76652723550797
371.08360248059034
262.63411989435554
455.02682596072555
261.7843639291823
311.3569733425975
277.3346484936774
241.20329067483544
262.3112671338022
415.79571232944727
216.81652166694403
276.4264344647527
321.7430845834315
184.10663414001465
83.24875577166677
171.47148459032178
223.28549557179213
-221.9752535931766
349.9875784702599
102.0741424150765
318.83778174966574
576.0768244639039
244.74403386190534
204.7053468450904
-22.061810348182917
409.2747178263962
270.9943132214248
-46.27212593331933
182.6254335679114
181.0992394015193
-196.0052979812026
339.92986369505525
186.75500440970063
553.1860525608063
-72.02523634582758
174.45858024433255
69.75625024363399
565.3026627600193
330.089341416955
520.7712751328945
61.10274661332369
145.55652542039752
504.37782572209835
-27.083111558109522
293.82961908727884
-237.19633062928915
226.37660806626081
339.9196920469403
-186.90599181875587
506.62355533987284
322.80781898647547
-22.52078151702881
429.6950158663094
402.94595279172063
248.84351241588593
76.18429283052683
354.1899490430951
210.00244134292006
165.18322387710214
252.9286640956998
416.9372183904052
337.4576357714832
369.7400166578591
223.1004447080195
246.90803565084934
233.4224715270102
505.46898175776005
16.185440197587013
116.88924576342106
175.76975755020976
289.8281771428883
232.16496682167053
133.4695585295558
181.460550673306
512.7903444543481
191.26920621469617
218.84511433914304
720.8916437290609
341.40908823907375
170.80839309468865
-186.1758592426777
171.86376529186964
210.3526353314519
343.112161077559
327.3273468837142
314.60221537947655
117.51757126301527
147.17648174613714
420.1593714505434
130.8459931947291
583.9397540837526
210.4542653374374
283.6459824703634
37.698928870260715
178.89319458976388
58.663407016545534
247.02174727991223
328.57798774540424
302.66778760030866
496.59373869001865
375.3673964627087
143.65544276311994
64.84751315414906
6.096665535122156
82.08280918002129
113.73995872214437
357.18156511336565
41.85973924025893
164.43333015218377
13.592275012284517
440.913684874773
303.50779154524207
42.56990183144808
400.972190130502
302.744683098048
-17.24552331864834
316.83597222715616
330.3934248313308
88.27536804229021
209.99269844964147
111.94932136684656
198.30067456886172
118.68581902235746
127.96619337424636
197.26747592538595
368.633488137275
203.95559246093035
45.96109486743808
324.8311764448881
292.89865105971694
83.86168825626373
148.0029770284891
26.40187070891261
212.20582016184926
136.9313470236957
252.7292959690094
368.02229093015194
536.2443938590586
221.3530574887991
207.73810375854373
-47.1668681204319
378.75648123398423
285.7585106603801
227.15669720619917
354.3410741724074
212.91241004318
349.50015561655164
31.87687024474144
-19.66775807365775
231.13190959766507
67.48661253973842
0.2668352425098419
217.00356163084507
55.78984818607569
317.41816966608167
190.6349694430828
339.21124025434256
61.63714190945029
62.707786571234465
300.4731476046145
316.66526598110795
407.2455645017326
-40.262771751731634
37.15309253707528
38.394607964903116
156.69455998763442
-30.396723173558712
227.10814252495766
261.3906648270786
474.0096289329231
217.22380420193076
428.9070333354175
13.997436203062534
381.71626806631684
87.03142558410764
100.88860685005784
260.4610176384449
481.4069126471877
213.4821157976985
365.2167858108878
72.82748664170504
120.87681993842125
32.414594650268555
185.9132656417787
243.8183698616922
402.6294570118189
8.701128490269184
96.15909947827458
201.5435393638909
153.9951727092266
571.2365255355835
239.56572488695383
328.88680056482553
14.097413018345833
226.5000332146883
-25.38155284896493
140.30407705903053
136.15981893613935
71.72502283751965
86.79867821931839
519.7475453950465
40.98889737948775
349.8749748766422
10.305787347257137
303.8461905531585
461.77805687114596
399.7859312184155
-155.6780666038394
-24.18663016706705
-96.05590268597007
173.46600475162268
168.83742587268353
260.50822788476944
188.9753526225686
252.18770099058747
273.3202639631927
409.776608876884
128.10961966589093
-81.61166185513139
-15.158002372831106
550.8183883093297
11.770374570041895
224.02718036994338
277.7320991382003
456.9230533950031
178.0220891535282
211.67895775660872
45.34695812687278
262.2713267914951
355.294705118984
216.21323695406318
355.2927627712488
122.98796734213829
191.19676915928721
-12.831987213343382
359.61700716242194
257.8697627224028
526.8468526080251
-64.02835169807076
272.18852669000626
-20.08854753151536
40.31038757041097
357.5050328373909
339.1699861586094
454.5957735516131
146.6537384726107
149.55890651792288
379.17100397869945
-139.14977043494582
208.4668975174427
181.7032522521913
318.8798573873937
176.59803914278746
324.9860639087856
-78.90685020014644
280.621710177511
225.63096127286553
414.2518850713968
144.1669465713203
445.11280964687467
355.1752040721476
192.22074631229043
19.621182914823294
506.05164954438806
80.13825574889779
229.04726380854845
-108.48123198375106
-45.89738354459405
28.547964952886105
70.64863603189588
477.7107162810862
371.89567743986845
203.71854772418737
-56.821429278701544
198.2122464030981
361.28081656619906
27.56834077835083
13.707506030797958
325.5739322155714
-11.088027022778988
318.3422310911119
204.46464665606618
-64.13376565650105
412.73979771882296
397.0662030912936
173.4667118266225
9.815451499074697
-47.31281350925565
-8.805467382073402
301.3151295222342
-90.29668975248933
301.17571007460356
70.43819320946932
-95.35643524304032
222.7985315285623
271.86925391852856
67.70846480503678
129.2898336276412
279.5669421106577
190.87283613532782
174.70539849624038
316.7109440304339
296.91032557561994
56.544579673558474
13.053194109350443
-61.06233073398471
1.1811417043209076
312.2739221677184
-1.987574003636837
123.50622627139091
169.10638903826475
94.03786890953779
250.67334872484207
258.75140872225165
-20.733241196721792
133.4988065585494
210.94593718647957
86.43279544636607
83.84655736014247
230.1149663478136
72.62263685464859
267.4811307936907
308.5931392982602
125.63066431879997
50.044884122908115
198.24531799927354
140.35020337998867
200.07529624179006
49.923423416912556
163.48868556693196
61.23824552446604
92.55296947434545
83.80997852236032
209.01093615218997
210.97866581007838
115.15936662256718
300.4059944488108
224.05735421925783
477.5460004732013
289.85312709212303
200.04373495653272
166.2313744276762
-128.0531665123999
168.96158326789737
-55.88148957490921
-19.905168540775776
232.74564313143492
5.058517586439848
-102.17577603086829
294.59628842025995
180.52231218665838
340.020651422441
564.8609427325428
274.91037560254335
192.8739562816918
272.7700747773051
-176.39285293594003
145.98592057451606
-64.44458559527993
201.3600754328072
-269.90417152643204
429.0802632533014
557.5998089872301
-227.534183524549
-63.51166481152177
87.88977294042706
294.60579577460885
343.4723998270929
38.69634299352765
352.06680638715625
584.2134270109236
176.3983713388443
162.23048220202327
187.99590319022536
188.2245070412755
131.57929829508066
111.27663888037205
39.3518836684525
65.54975934699178
103.46149350330234
35.07585372775793
96.27298879250884
112.62900130450726
67.3578134700656
-8.768252491950989
233.2846441604197
344.24813345074654
323.62647458165884
135.18666058406234
478.7556437253952
-116.67236766964197
73.4074492380023
337.0912694558501
412.47724805399776
325.2643754668534
404.30825137346983
358.5051454156637
164.66453011333942
242.96513127163053
279.9827383644879
72.0785627104342
863.6234766505659
178.809776365757
-286.6859383434057
-434.5373206846416
559.017964348197
857.0807641521096
-116.92981482669711
588.6601166240871
298.6769089996815
78.905976831913
687.3939942866564
-55.16121141985059
931.0017405301332
-77.89906181022525
178.7602826617658
563.6458080112934
293.58446664363146
345.9056937582791
356.8940677046776
-15.289341285824776
240.88998520374298
361.26482471451163
8.093608044087887
-22.10100683197379
208.18240867555141
639.5236912220716
873.7872771061957
733.2415426895022
340.56917054206133
-64.63779179751873
627.0039437115192
282.64369049295783
238.7856578119099
14.953800734132528
202.1443970426917
-11.423703737556934
769.7437282837927
292.7195189744234
-254.16389760747552
197.08894972503185
362.512367144227
114.31464622169733
262.2338011674583
791.043797377497
491.1020335070789
542.3027858771384
446.0916577242315
122.53666753321886
370.5778753310442
161.97117353603244
117.121995549649
282.7186537310481
129.2093028612435
348.03525211289525
161.01950831711292
99.42617613822222
175.63043384999037
264.78435043245554
41.45865298807621
187.2669403962791
376.19521356374025
-35.789600383490324
301.3867576569319
236.7750176228583
43.26763763651252
210.4316215068102
159.76307307183743
6.021988540887833
360.8975009843707
62.79907504841685
195.98812179639935
229.88385667279363
273.3141022026539
322.29524179175496
403.849141061306
256.0356572046876
214.82613841816783
209.33097436279058
116.1635539829731
163.20769665762782
182.65430258959532
415.0585365332663
462.68404176831245
243.9280659481883
193.9487513974309
273.68454985693097
303.71368554234505
587.3368015103042
192.54654394462705
128.32388180494308
275.8688894212246
107.34174481034279
10.041786517947912
181.12823486700654
412.4444442950189
-53.78000370040536
-100.87556324899197
-140.09630846604705
243.017402946949
274.7998107075691
572.5926491990685
394.74721873551607
318.8117941841483
72.693354614079
550.7962946072221
-164.9484900906682
-324.29062627255917
237.58118383586407
119.56365348398685
207.50315998494625
462.3250293843448
-168.20831607282162
280.4540500342846
-139.48205590248108
-19.228206496685743
-76.16535200178623
413.58600402995944
358.6384490020573
730.8801357634366
311.9412925578654
465.4486576579511
144.042769420892
1.014219943434
200.4003138691187
282.3379156291485
-212.0971931181848
84.83947565034032
479.9053640626371
255.15611390396953
229.10366179794073
122.44943767413497
273.13237192481756
602.3518579602242
377.1696860268712
186.53811017423868
291.47532080486417
373.12873765453696
251.15519224852324
481.0639819279313
399.6114282347262
450.9438930749893
170.02240425348282
0.8838052414357662
448.67874966561794
239.43999600037932
682.1908858008683
291.726799890399
-112.0085575915873
74.82480688765645
226.50824558734894
98.22578499093652
298.2886559702456
169.34118928015232
212.3184947259724
330.3772586658597
249.55840608850121
230.14748864248395
6.957655735313892
167.81306875497103
61.64676483720541
128.1853876337409
364.5926716513932
-41.33590658381581
89.61881924420595
309.8218972198665
-15.623781610280275
288.04278906807303
44.99457509443164
118.03034212067723
160.092834956944
291.2137956432998
201.22989860922098
-9.414059445261955
71.35590450838208
209.96456327289343
93.83765733614564
-22.737552016973495
20.56814294680953
237.12452352046967
71.11645735055208
36.589885372668505
400.3236071206629
113.6659956946969
-34.652629159390926
326.3306163959205
94.72310584038496
168.54857712611556
169.2243210412562
99.54067342355847
243.48768131434917
255.5165115967393
-25.276335265487432
231.25958773866296
291.66936736926436
119.54021923989058
145.00125170499086
142.27575344219804
108.49008729308844
88.267653118819
468.4238335676491
331.216091517359
46.60975003987551
203.97940387949347
38.650960359722376
85.03056447580457
205.48984298482537
238.354647051543
274.8403420485556
13.50805975869298
343.25553672760725
598.0575814247131
76.062645226717
424.1628034263849
82.604745272547
331.01064478978515
154.8065997250378
14.747315909713507
610.3676275573671
282.79385117813945
443.01386274024844
12.227048385888338
171.53394600749016
-69.57077661156654
182.81584157049656
308.2312346845865
76.44469843432307
72.17261020094156
-114.25273827835917
398.90858248248696
-224.6605887003243
343.3384495675564
141.60684851557016
-21.877812456339598
245.17786141112447
163.30448111146688
285.24649465084076
164.4228960685432
12.09199745953083
379.90748104453087
405.64824463799596
421.0093891695142
267.4915466532111
177.32386653497815
454.77184103801847
-155.90733721479774
556.0601320676506
135.4061725847423
-145.31188356876373
74.77119762077928
-42.34475841000676
217.3157384544611
-45.89129567891359
134.49744083359838
73.34269908070564
231.49093868210912
163.11011046171188
411.33333102986217
196.13490979373455
253.24621826782823
75.63299776613712
148.24431635811925
254.0647357441485
269.3056215234101
574.2885065302253
170.10101141408086
327.2210236303508
-156.51038503274322
163.49300077557564
-63.23473234474659
296.92777805402875
131.6782422438264
36.79162099957466
201.38721564039588
186.30245834216475
326.73150300234556
-7.352709639817476
356.77452725172043
328.8015710785985
469.9448245577514
188.07176675647497
274.80794405937195
294.1614220701158
256.7630400657654
347.44179359823465
201.07487908005714
279.43204018473625
240.18128928169608
35.00320894271135
15.688072882592678
324.7878317013383
-127.3283745534718
-44.61344923451543
215.78354711830616
75.37024017423391
341.9801303818822
203.256055675447
-107.73358128964901
187.84158517047763
62.254605654627085
141.44272086396813
436.1902282498777
-127.64662678912282
22.31543730199337
184.72906529903412
163.77954586967826
174.30015164241195
153.06308725476265
141.90260795503855
-13.11235649138689
107.66167395561934
450.1268990188837
426.89734664186835
164.7210220247507
292.22271610051394
461.3614885136485
349.6255426555872
216.07882057130337
230.5120539329946
336.36976681277156
42.9944837205112
321.1437328495085
49.38493508845568
210.16769969463348
86.37072718888521
312.20965951681137
473.4922968633473
450.664639249444
406.2264913134277
241.54227560386062
84.6706739552319
200.34940250962973
274.89627062901855
299.9405277259648
-87.55093190446496
336.6022476889193
203.6248518936336
435.0663113296032
127.16029773652554
207.93038681522012
54.786612175405025
208.84895823523402
134.79894427210093
-190.18439453840256
224.73965196684003
260.8126445822418
332.5214724317193
-1.510255116969347
354.59175212308764
471.26779440790415
-231.11251986771822
-114.5188647583127
322.86006858944893
439.3414354994893
136.7608545012772
192.4394598044455
119.9825646430254
287.9047499448061
56.57124765589833
279.68041640892625
320.4605113789439
104.64519977942109
155.24801244214177
410.5467724762857
556.0033281892538
416.1599550433457
198.06289841234684
504.42422779276967
254.97234987094998
-84.22952497005463
235.03282902762294
103.79332256689668
408.42836290597916
25.860338643193245
68.31188077479601
82.05779156088829
70.7596924006939
317.3672866933048
-10.795098431408405
319.2504186965525
163.69063625484705
183.43336537480354
483.3528369925916
-32.48893968760967
577.1673133559525
112.04264229536057
492.6926097087562
203.36288300529122
-3.276698764413595
-3.362277865409851
412.42361798137426
318.83127968385816
329.42005521804094
234.63329557329416
193.73439496010542
17.973431188613176
-103.07827672734857
115.31120878830552
174.7549013644457
36.42047379538417
260.17789562791586
5.379654169082642
322.8774025551975
292.44624488800764
172.2447569705546
145.45468241348863
-10.445773918181658
153.0466737896204
-2.874171983450651
295.81996367126703
229.10100395977497
402.54031628742814
197.07770942524076
-100.42881067842245
158.7841976173222
-83.63030599802732
236.15289572253823
26.732092428952456
5.816094353795052
281.41719437018037
191.27600397914648
-87.12932816892862
17.522704921662807
109.67628186941147
53.630101412534714
242.15297992900014
-28.889538314193487
195.78245940431952
156.61573584005237
-58.48657999932766
8.066942799836397
268.94676215946674
225.1106441654265
134.78145910799503
85.70784446969628
436.76443779841065
34.11622456461191
-17.032974239438772
388.4415816888213
148.19223215430975
159.44976564124227
74.14936222881079
7.4927539229393005
176.11548664048314
214.44259482994676
127.97012910991907
134.22689636051655
-39.31729721277952
-104.00567579641938
87.42165828123689
383.08140694350004
-57.50332270562649
42.114075653254986
-169.3826975747943
199.586037222296
202.55106995999813
250.03729466348886
64.9174643419683
404.4109488837421
250.50228829309344
413.55979407951236
-41.07052708789706
-5.640141882002354
405.0049662515521
308.5200149901211
343.3052487000823
85.73235468566418
465.45302049815655
50.852638963609934
387.83157116547227
114.24059417843819
-43.20560559630394
-269.8992669284344
356.2452894896269
123.85654304549098
182.83680184930563
518.181005615741
-102.10004070028663
190.60462563484907
382.34412463754416
-193.2917396724224
-135.30484254285693
577.9107493422925
251.05708828940988
239.41770588234067
144.21284179016948
-50.42239845171571
243.7431206703186
21.673831462860107
426.810199867934
89.85944685712457
322.0711735524237
529.5960638746619
141.39681263267994
79.73487621173263
280.21213568001986
231.11838042363524
43.631094481796026
221.64637917652726
170.01233914494514
579.2144588120282
218.8095828704536
-96.70284507796168
380.870531540364
84.23645262047648
-343.9204989373684
59.70715265348554
37.66584488004446
81.07007322087884
108.40097100287676
165.44257827475667
265.0191673710942
237.82804867997766
521.746929872781
51.16259967535734
-142.0479431003332
27.468530125916004
235.2242216654122
328.0558931417763
-114.63220683857799
265.88332875818014
286.0433457493782
323.3840456418693
324.4788829013705
-141.58732867985964
207.68998238444328
399.35513977333903
-150.7183354012668
170.85466269031167
119.16547172144055
488.3200250007212
22.131463587284088
430.34095188602805
229.3106718622148
61.88409287855029
233.3769644126296
397.6353428699076
387.72608356550336
396.8104921095073
129.70783177390695
402.36092348769307
191.6145414672792
-65.16106333583593
402.4160875491798
149.74417724832892
54.31153177842498
380.67473259195685
377.60853538662195
-143.2196953818202
416.34712848067284
131.5972407758236
-6.288923796266317
52.71251479908824
4.931422721594572
113.81621562317014
12.83668814599514
205.1540260873735
145.53511145338416
126.49085418507457
150.31207713112235
199.13812947273254
99.49728543683887
-101.8207860738039
254.01901172101498
59.02227597311139
342.51868763566017
87.38826671987772
100.6013851761818
187.3682027310133
158.96339191123843
180.96670297533274
248.64068930968642
46.79830460250378
-28.987011652439833
92.06398228555918
69.8962340131402
172.0129651762545
243.7831049002707
185.06777247786522
29.69776774197817
235.09273656457663
135.68713859468699
-23.54385720565915
13.054937154054642
29.17373090609908
172.1040075495839
69.88450476154685
213.90648379549384
120.65096255019307
129.84436066448689
-39.950576052069664
48.97585319727659
131.53356128185987
49.691163063049316
122.02806169167161
59.237168218940496
164.19124783948064
64.10360772907734
302.17870481312275
163.04414243623614
120.97326767072082
555.3910289295018
501.06832598894835
67.2935253791511
15.83855427056551
358.09875157848
364.13783100247383
201.05639515072107
641.9851969331503
210.8558238260448
471.164705183357
225.90200182422996
627.4989667497575
186.74153941869736
803.7650666497648
355.8194997385144
844.3573466353118
-247.0951011478901
-150.94741002097726
205.4388307146728
214.52158227562904
258.5303363353014
-10.56143632531166
465.59256253764033
360.55743742734194
449.7363562732935
326.82546730339527
327.1147083491087
43.93275295570493
348.62764053046703
476.89004285633564
485.2529987692833
316.8543961979449
-102.82249058783054
390.40824534371495
282.1388581134379
453.6077755577862
428.8992721885443
256.05457163602114
339.39302909374237
351.37163707241416
264.9929466806352
199.27666075900197
418.7337279394269
-9.879627835005522
38.73418926820159
-251.9922036230564
515.1403390914202
165.16581012681127
500.546738024801
201.2258386388421
474.6759117208421
177.97442013397813
-60.23471797257662
304.3382761217654
356.6244790442288
283.3001266680658
102.93694373592734
-59.96129525452852
26.614636801183224
164.89111081138253
198.0889736302197
135.5356684140861
198.96332586556673
227.67409939691424
257.39179988205433
335.8910179659724
441.3544647656381
152.18495190143585
302.4929254055023
246.9328715763986
309.58812377229333
622.7745582982898
89.34911316260695
300.1629595607519
172.1248134151101
110.64603544399142
33.21420906111598
154.35497851669788
117.57054299488664
150.5355833657086
257.09417130053043
300.8462256602943
254.75095226243138
396.0102498047054
318.30129874125123
140.93316816166043
178.18768973648548
338.2861591987312
50.4763113334775
371.4963642284274
85.50681767240167
267.2505850046873
132.34091516956687
289.5573055483401
186.58296629413962
205.78449619561434
112.11523196846247
348.2471763305366
388.00147849693894
664.736347284168
330.37601897120476
446.06362594664097
18.722748957574368
382.2822797745466
726.1314336135983
-90.34637651219964
445.3930394537747
328.14711379632354
155.44160440191627
202.36598078906536
-431.524457488209
348.92654522135854
330.8089802265167
264.14795627072453
-103.69926216453314
457.0990317091346
132.31482226774096
-34.721405532211065
236.66379959881306
386.3865188062191
270.25971745699644
284.7866984009743
89.15317139774561
195.64239022508264
180.1135458573699
-53.52484396100044
298.9493357092142
400.4738253802061
485.72245484218
-101.30808987468481
397.05213693901896
147.9213287383318
503.2726160362363
286.13244902715087
16.65359065681696
245.396100345999
146.1029366478324
375.82439762353897
66.64649168774486
-66.6783312484622
112.28196845576167
159.92034846171737
-46.246100421994925
249.24360924586654
541.6120932251215
647.5756849236786
151.65119046717882
117.95571573451161
74.4931685961783
156.59835895895958
-73.72007025033236
301.7439424954355
306.27011916041374
388.2396493256092
332.5406588241458
398.16663025692105
587.1664464510977
486.60943227633834
8.91479954496026
317.25003883987665
123.15981666743755
209.52388265356421
-392.6620303429663
381.7920623756945
397.855636626482
183.07518747076392
261.2980367280543
108.31926506757736
225.06605657190084
-33.42700740695
-322.57239236310124
139.30484441667795
-399.2235556282103
-72.09095943719149
20.680112026631832
453.2645553946495
530.7721913903952
366.0527256093919
23.00506529957056
537.9565552584827
135.74874164909124
261.30064901709557
851.5609247758985
421.2718737497926
201.02984078228474
700.172181788832
-280.13484275341034
325.6628599204123
-193.0673531331122
596.2856708168983
-64.58330532163382
275.8726080469787
492.08501801639795
446.9253887049854
184.68564365804195
535.5140037052333
416.2808677665889
212.36825144663453
-220.89774836599827
426.66157937422395
709.9280777052045
212.31145653501153
441.48076447844505
-216.53970294073224
294.6916417218745
4.582004215568304
128.67550881952047
15.77231090143323
177.94896290451288
443.22050243616104
307.9470031671226
289.36074959486723
234.0256592258811
920.3224293887615
197.78957997262478
257.47713182121515
-24.215587336570024
-36.377415876835585
348.060696169734
432.1888970769942
358.41260309144855
224.10410292074084
97.56878057867289
103.12905205413699
275.7016683742404
604.6496034599841
-114.99239438772202
308.53723807632923
288.2792984470725
162.17289778590202
884.6036797314882
490.0737399831414
185.8563112989068
122.36041435971856
0.6591685004532337
780.6103372126818
817.3504241332412
128.17486538365483
166.85849632695317
196.96419351920485
349.94756480678916
372.7136002480984
625.9975310713053
-154.973806258291
111.3011203110218
-142.56955356895924
904.9386961609125
175.2732075713575
296.16046676784754
485.2658311240375
374.994241990149
52.42488835006952
141.44611199572682
185.06611738353968
168.16987740248442
241.6278141066432
271.7012132406235
89.01662311330438
362.46309945359826
406.9314849860966
315.9104892835021
294.00691778585315
429.80309373512864
-82.94905097782612
580.8121395297348
162.52950831130147
341.1576725319028
453.38471591472626
361.47097589075565
61.90523412451148
54.22603077068925
-30.934236247092485
157.4419869557023
389.60893458500504
138.22830668836832
203.03508753702044
48.91588115692139
302.77093633264303
200.3555280342698
289.7939185015857
357.4347612634301
314.6039867438376
421.1556521989405
205.29038671404123
215.20104641094804
154.33083198219538
369.53934564068913
53.93546975404024
167.23749284818769
257.49574134871364
-33.155289709568024
4.143095798790455
274.96264484897256
-19.942273154854774
157.99256631359458
-56.658852975815535
375.9478664956987
130.9055883139372
216.23435542732477
205.94749614223838
404.7568535171449
521.290123142302
116.46426762640476
-71.44144894182682
693.5042315274477
194.6821334324777
205.96513313055038
61.47740710526705
63.83902221173048
-32.17673544213176
215.36359771341085
187.67031839117408
97.09937453642488
-51.915949907153845
350.37630811706185
66.84155723452568
269.77635358273983
510.02273915708065
146.58135771006346
318.3131687529385
126.74048520997167
158.67658572643995
-268.4643502756953
218.70760594308376
117.09128319844604
85.6134011335671
521.9545589759946
-88.66297570988536
350.48384876549244
253.53628508001566
397.7549129128456
261.6140954941511
18.193197309970856
424.46272614598274
-62.995926946401596
-220.58866337314248
329.2905152179301
39.31250461190939
113.75054778903723
-5.084302648901939
284.5095596425235
-270.5225201882422
-4.043515175580978
70.78936788067222
451.22219555824995
459.89373226091266
187.52026439085603
171.68804321438074
26.639563031494617
67.2051695547998
51.50856704264879
316.5514705404639
24.798076801002026
400.1662190929055
381.87263951450586
232.7769327610731
25.631575632840395
261.79320361465216
383.32730716094375
-77.60861399769783
161.97229512035847
255.4320429265499
287.81715440377593
221.04816956818104
118.69687377661467
128.35775366798043
277.7731076143682
70.56415877863765
4.627173703163862
25.847636580467224
165.9479570388794
182.555417124182
24.638417195528746
13.65130340307951
238.19283766299486
-13.30074504762888
197.01175005361438
215.09543079137802
78.10678722336888
223.30148561671376
40.22935366630554
194.74894926324487
69.57943109050393
249.2364513091743
437.3778699673712
293.3254165314138
191.97702337801456
331.7675717100501
138.02699843421578
354.2460976392031
101.10473135858774
147.51183639839292
122.46516308933496
82.16762216761708
171.56911012157798
201.79488887265325
204.8812756985426
335.9298625960946
64.05954893305898
446.70212165266275
281.8492556884885
153.28349382802844
474.17821914702654
-26.811618741601706
439.6529283002019
531.6265284307301
42.12596678361297
35.60448642075062
158.99660029262304
410.40336394682527
305.88547077029943
16.01609468832612
164.02451143041253
464.00780595839024
261.01027346402407
16.24262984842062
160.4137635976076
193.46667239442468
0.6190116107463837
254.55143984034657
153.2720811702311
347.5569685958326
258.4895802922547
394.6923755854368
277.21708879619837
491.068579941988
140.5054314173758
64.60474657639861
305.71742556244135
204.1803623586893
129.9342043735087
-78.76452746614814
52.669179782271385
292.04681718721986
529.5646122470498
302.87851022183895
238.8441621400416
-104.72439770400524
385.9573006927967
167.4776669256389
248.94932452589273
-9.193231701850891
-79.03722582384944
316.63208374008536
506.91071965545416
168.68677829951048
365.07018776610494
74.04243472218513
220.4088647440076
494.50779017060995
321.3431812413037
115.0677199959755
491.36145608499646
325.5590895935893
309.76369708776474
98.81867333874106
174.54213673248887
150.63977514579892
134.3942228667438
72.56801455840468
61.060772370547056
328.5692225731909
261.5537557415664
426.7998924329877
230.18843454122543
121.49529158696532
253.0971399359405
358.0555078536272
150.0321230813861
-46.88152848929167
127.41622874885798
232.19496665894985
450.17842415720224
-67.1075937859714
72.92227348685265
230.97969507053494
366.57917726412416
539.2340386994183
201.42725889012218
491.56902845576406
-37.16292321309447
29.71214695647359
83.30746719241142
680.878734048456
157.95898987725377
258.2226805575192
198.54390402138233
246.49914180114865
-148.42359261214733
105.4518619030714
377.7758029475808
409.94894870743155
132.357969366014
421.0092938542366
208.4025676585734
133.08443818986416
381.28898848965764
465.68500274419785
345.51427164673805
88.49587055668235
-19.85060589388013
267.4968329295516
-52.77641371265054
238.4212704487145
83.5929915048182
43.16954052820802
232.51948602497578
89.0434960052371
34.72986637055874
52.08658728376031
75.40937627106905
402.8565028831363
-14.61063488572836
173.47999833524227
-127.88993165269494
193.05530676990747
116.0910615734756
182.16217251867056
264.92626033350825
274.0405609384179
60.41875866800547
183.10191153734922
-102.04912794008851
2.6278718970716
234.4649284631014
-102.6979105360806
287.3590106256306
189.27521289139986
53.946892116218805
112.83224165439606
97.38346817716956
218.6686476096511
74.40487766638398
245.40234953537583
108.983512096107
120.99653910472989
187.0785174407065
198.21953565254807
198.68963228538632
148.28001349046826
84.56102188676596
275.3201010078192
41.91986146569252
170.80431160330772
76.72835009172559
179.92868969589472
252.0657175220549
143.23133999481797
53.91850619018078
191.5206414051354
150.55949050560594
440.3850314952433
54.50082214176655
-392.13410127162933
-139.15143617242575
247.48251819610596
48.91381960362196
-297.0421329215169
263.1965767070651
272.18731033429503
192.99459529668093
507.5245656184852
363.6823100037873
196.15373424440622
74.09359071031213
268.27804171293974
119.92526018247008
385.0126099921763
106.97859679162502
139.8101831637323
322.86053029075265
205.69168359413743
-17.596802163869143
59.70879575610161
-20.7255075648427
-133.60172133520246
49.4835150167346
45.612151365727186
145.53074272722006
386.4212335087359
350.77674166858196
211.2902205735445
-210.5599539987743
107.71403953433037
335.1558989472687
410.41861921548843
158.06438656151295
300.127636551857
194.6995610408485
397.1151050068438
535.136333078146
339.6541187390685
25.368452601134777
218.80036289989948
114.04319131374359
542.6302337944508
526.7659475207329
131.15779280662537
273.4428940229118
273.5514171347022
315.2781479358673
238.11955737695098
-174.5745728984475
232.74928437545896
187.22341179847717
-125.18587397783995
288.08450535312295
116.3643440976739
6.801731865853071
100.06094508245587
126.72373461350799
253.32698450610042
353.11552888154984
266.0131185017526
328.5878117866814
445.51975962892175
94.75885105133057
131.28549257665873
-64.16394540295005
510.6539945155382
211.34269119799137
458.5266228467226
512.5721643604338
166.86780996248126
312.044840361923
-55.96023939549923
-148.56957639753819
91.77194214612246
428.51603699103
17.640243340283632
322.86404536291957
252.0436553992331
197.1996108405292
7.141749192029238
44.25697856768966
94.52765857055783
-347.3079526312649
157.63497910648584
329.35181498527527
466.0912948809564
556.7554902173579
46.14258434250951
167.10283023491502
497.38421192392707
558.8697045184672
423.43776428699493
138.37135894224048
-213.8423067741096
28.69268823042512
-22.43587699905038
498.9395821429789
156.65082082897425
-27.052851773798466
271.7555061355233
-29.887323208153248
728.4793235324323
103.05417568981647
342.2921691723168
289.3154918588698
269.42070973291993
-19.66950748860836
247.72055558115244
-20.522694509476423
225.2599944472313
319.306675799191
144.8575000949204
293.1017674021423
340.91917192563415
-127.84430097043514
182.01525739207864
397.42278714105487
192.19254940748215
377.13168742507696
-2.6411437913775444
393.5773011222482
399.39302590861917
315.66522266715765
-56.65189404785633
470.31270802766085
60.994313433766365
410.19814210012555
719.303732983768
280.94640957936645
523.5062998570502
162.36341584846377
354.0526235178113
530.1997643187642
366.3916410394013
161.29126138985157
115.9036312699318
336.5625606663525
258.0617662407458
148.56022542342544
359.0151633955538
220.8977213166654
272.6691617593169
526.7278486378491
-20.901381190866232
75.86930546164513
93.66039151325822
141.08377991616726
288.79607183486223
387.8016207963228
375.9029057174921
631.8896747007966
91.80510424822569
193.69615671038628
68.94372968003154
222.30088644847274
294.5710120946169
203.20751395076513
156.45570392534137
257.34595707431436
311.8766031265259
328.8882312104106
92.83505828678608
452.53641618043184
600.4369356073439
155.85279340669513
248.75981345027685
186.54065753519535
359.9001215696335
11.54655708372593
203.0440907627344
289.6866713017225
-213.08833695203066
69.97235360369086
47.374360129237175
158.41860977187753
263.8663564026356
493.38644357025623
552.4935134164989
145.17480844259262
95.54862917587161
153.21316472813487
338.8126076385379
304.34555101022124
298.28303472325206
250.1394878923893
107.78740917146206
369.011714912951
163.76195243000984
15.795210648328066
296.7018993087113
447.82231491804123
77.63008444011211
156.7802831530571
-30.843297563493252
68.73354931548238
364.0704087279737
68.11725584417582
129.42289439588785
514.038631722331
-43.40306182205677
53.7936241440475
-13.328315008431673
129.04988880455494
135.2787330597639
396.0966342166066
206.98176646605134
386.81276177987456
231.05757258832455
231.90726120397449
230.570510789752
270.8939892537892
136.41427217423916
65.66177517175674
120.36920438334346
145.93478912860155
42.58342267200351
250.13911425694823
119.95605066791177
-22.611821167171
38.07113655284047
257.00204035639763
166.20820037275553
134.26396116241813
57.73474168032408
183.46468469128013
154.07844976708293
185.18678463995457
133.17477667704225
17.702664729207754
377.33798387646675
58.118967950344086
167.59255219995975
-67.12999010831118
455.05991752818227
203.50530307367444
140.9870203025639
235.47533559799194
412.35040775313973
180.74545729532838
299.86438186466694
166.31563302502036
91.84103025868535
225.5220735259354
297.54126611351967
135.89618886262178
382.6450859680772
347.4657242745161
85.79299948737025
303.6241787299514
171.1659180186689
543.5717989318073
257.8891018219292
163.1934275738895
179.10808217152953
188.37494225427508
366.0804236456752
296.38077591359615
217.05143120884895
207.4032712727785
81.08926439657807
326.1562050692737
182.2739019021392
92.99558613076806
101.5728405341506
39.345291055738926
341.12581811472774
253.8795477002859
125.51639571785927
24.450966332107782
110.53812366351485
269.4589163735509
235.85694523528218
346.25992702692747
-66.33988275378942
233.4141480512917
226.58293729647994
136.97859240323305
306.5800149515271
149.52915168181062
145.55850463733077
245.83159893751144
554.4822433106601
465.07589679583907
-29.24708416312933
443.9405725672841
185.65113266929984
170.3907838575542
69.91317791491747
89.07790133729577
-6.495012812316418
109.96473418921232
82.43392313271761
346.08097598701715
255.7096087411046
420.98527083545923
128.60754911229014
117.90863792225718
127.03442475944757
227.92513250559568
132.0866102874279
267.0721890516579
182.33275930583477
326.6304277740419
192.99519142135978
345.8684780150652
595.662734027952
31.504040244966745
367.8630667105317
128.35247307270765
130.32730626314878
328.91976138576865
147.18180744722486
172.34957944229245
205.68847834318876
173.29971412569284
134.2940438427031
53.92993436381221
131.40196377038956
467.7022300772369
60.25671173632145
390.77419279515743
340.43624119088054
218.92292350903153
-84.80764094740152
-45.207420002669096
637.8400125131011
158.90365589410067
222.8307132832706
241.312240883708
216.5429225191474
305.68174616992474
-87.90402742475271
222.2413668036461
133.38644798472524
368.5001374743879
425.80351658910513
195.64062989130616
214.0360380075872
23.60253905504942
114.6037915572524
103.38735086843371
114.318608507514
-15.234941463917494
103.83394632861018
-152.00675091519952
321.72150913253427
398.6229987181723
50.40759874507785
593.0695719979703
389.72281669452786
254.97527291998267
385.39274556189775
117.48026341572404
377.97996143624187
241.02002918720245
-3.9723283909261227
348.7642428204417
324.29108672216535
448.2979537397623
399.6923942491412
289.5998545922339
257.10244711115956
292.18807292357087
452.0229733400047
442.752638861537
631.751002844423
174.3098391480744
321.47380301728845
227.67577413842082
314.56736535578966
62.98293720185757
368.2919271066785
157.77108791843057
512.976999618113
240.74597827345133
438.7642718553543
415.70824118703604
272.45848585292697
329.3461476303637
334.3017412684858
45.25620046630502
572.5058513581753
288.082618560642
391.19487944990396
100.91639832779765
664.5127106569707
90.36819083616138
-34.848094910383224
611.9702549800277
130.0351059883833
74.06119426712394
234.20061264559627
360.934419285506
190.7833530381322
254.93731337040663
320.5638581700623
376.55258617922664
304.90704918280244
0.75942737236619
149.70413621142507
616.0494146868587
370.3068524822593
223.5741696022451
362.00187937170267
227.44431576505303
388.5344366207719
31.17498415708542
-9.291848603636026
200.15390657633543
301.34750390425324
168.54568780958652
489.239179007709
120.08929866179824
64.25727474689484
230.37309201061726
131.84217241033912
15.536827631294727
195.21070653572679
95.34057731553912
351.26188005134463
360.6992907375097
-21.05158492177725
352.62591579928994
454.15101286023855
299.84965175017715
128.7124317586422
-83.16650154814124
34.91492944583297
213.6006886586547
62.24805389344692
326.60195061564445
360.2918659336865
113.35256280750036
599.4404058717191
310.3032778017223
206.12706908211112
173.46893061697483
640.795997377485
185.32083520293236
277.94856607168913
123.67965586483479
310.69822066277266
52.76478464156389
448.7429952993989
235.02248423546553
618.4217380620539
522.1216154769063
424.1333971917629
405.8099972382188
245.66027744859457
261.29391710832715
545.0634927600622
452.1835753954947
321.04907327517867
4.513268489390612
168.61089501529932
26.334049597382545
149.0034220442176
517.974470205605
117.92900228872895
481.83890061825514
417.2955368421972
-62.70482696965337
180.55138302594423
324.30328261852264
605.4692560508847
469.8961453959346
163.23108187317848
412.71149929612875
363.61062412709
-96.87521141022444
225.63866898790002
384.8899994008243
369.6945304684341
389.42380141466856
190.87740517035127
454.1709955148399
775.0356233306229
161.31012843549252
279.6738669760525
46.09520706161857
22.65270920842886
263.88672279194
-101.46338931843638
227.36131707206368
55.54154898971319
209.01357162743807
94.60582460463047
102.02670485526323
365.25449876859784
128.95072127133608
566.119652800262
201.16475650668144
659.6885187253356
342.6351300403476
-10.378959402441978
673.8482080325484
-1.2303242087364197
226.2173235602677
359.85671339929104
-97.45620737224817
16.852807201445103
-131.85213471576571
121.70083548128605
233.02849734947085
623.056944783777
176.40498147532344
110.78326098620892
650.2591118998826
98.03516970947385
611.1303828395903
245.09845707938075
863.968902092427
-87.11197148635983
318.3382651992142
-11.398835644125938
749.6875814683735
209.5631048977375
460.90548745170236
453.0344814360142
184.40794778987765
745.0313332825899
-279.136398229748
279.88291727006435
433.36450454965234
-34.03767189756036
461.3178540058434
432.4009027071297
609.3108799792826
208.87545096501708
254.67164638638496
472.7137221060693
727.4599978625774
456.2086266204715
347.11018294095993
941.0035758800805
379.62999161705375
287.82448913156986
-2.3180914632976055
297.9719871431589
23.75423249974847
834.7081481702626
-153.58612337708473
63.64264488965273
226.87018006294966
154.15721806138754
196.2366425767541
168.12930158153176
-6.903941415250301
188.11923221498728
231.75820786505938
143.22615984082222
137.44094936922193
390.4860451593995
421.96569826826453
148.2733356617391
198.9483395330608
351.79222294315696
-11.190381351858377
225.28909290209413
134.15563736483455
354.18384186178446
329.60908653587103
433.2781469374895
140.2626318372786
-309.24274779111147
204.41749975085258
388.6623686887324
-24.14228930324316
237.38499833643436
199.95279957726598
211.88131406903267
164.20448583737016
480.95945670083165
-14.411120817065239
-92.32469146698713
96.36642066016793
588.066147159785
231.93184833228588
408.3729974143207
197.09569887444377
-27.882221542298794
295.5400695055723
-130.34226148575544
176.72633182629943
330.36697168275714
173.8689504787326
415.94242722168565
589.412620909512
251.35385866463184
238.75209287181497
102.86358240246773
463.9503040201962
389.28464267775416
72.64367319270968
83.92102136090398
327.4118641503155
314.12019074335694
105.07183291390538
-54.63265233486891
317.5031679831445
158.36046090349555
325.2962984852493
348.5998521372676
25.414005529135466
114.06650500372052
78.74657622352242
155.50460470095277
368.38860626891255
350.5285328999162
145.41756346076727
169.0110899657011
169.80118796229362
36.25729624927044
-31.587590534240007
-5.24855213239789
93.58154135197401
208.9466421827674
365.88215700909495
155.28731725364923
254.35612883791327
13.715167589485645
311.05604515597224
246.74313835427165
451.9681247845292
61.057678773999214
75.25309597700834
269.4650004282594
58.65196355432272
86.55448462441564
66.14935506135225
124.84190015122294
124.57532467320561
204.68431662768126
283.83735279366374
206.79863122105598
229.0358565710485
306.65676990151405
49.81485667824745
265.0412484295666
300.37053662166
333.8199675343931
327.1402137167752
-47.5842308960855
-5.300383314490318
546.794896338135
252.3430546745658
577.3366978876293
545.0725026614964
244.46954348683357
-38.49078193679452
125.45190677419305
621.3787868395448
176.3236918747425
100.27267107740045
365.5156804770231
-0.5399225912988186
201.36504224687815
56.09090273454785
446.6383268125355
-74.85777964442968
-231.19958917796612
336.1311331130564
402.9190944880247
368.2401006743312
-66.3438504152
313.10526253283024
-63.40521936118603
45.85536774620414
401.5578512661159
205.45327539369464
500.77032973617315
36.72125259414315
19.54827217757702
622.1839872151613
314.3756017908454
0.12421268224716187
279.3348745070398
158.67238714918494
231.55156307294965
345.69978103786707
291.5570250414312
165.48406445980072
385.19281500950456
-49.82671148329973
72.219732016325
304.8096657395363
-217.24958434700966
230.77737540379167
219.59669084101915
534.2349213808775
180.80750397592783
314.825167555362
-139.8258253633976
275.72982877865434
-8.343296211212873
171.72929490730166
382.27895464003086
234.34103101864457
211.84754799306393
358.23058703914285
-159.82994348928332
289.66043711453676
108.61092262715101
-32.73296841233969
266.92658707872033
222.80197262391448
267.67169427871704
168.62384996935725
424.1817945949733
419.96623918041587
461.11744259670377
-56.28413689509034
-12.648450952023268
209.76828821375966
-66.21938208118081
92.38851325586438
101.84794645011425
301.1207445934415
277.62527644634247
34.8427669107914
361.19054209440947
375.0799361281097
384.30686351656914
213.53586644679308
-126.15897995233536
146.47780752182007
147.2288064546883
265.7091621644795
436.06429769843817
375.2205255590379
14.466286573559046
390.1922254823148
268.4490557909012
542.7564055882394
155.0472048036754
274.1870564259589
240.39836970716715
412.0780851133168
246.20122810453176
217.98777963221073
59.56096647307277
247.526760622859
306.67182145267725
347.2102544158697
13.66389749571681
111.7316816188395
167.09754978492856
160.65153887867928
130.6770968399942
59.46501949056983
119.36510144546628
152.94747438654304
245.6724984869361
134.39895693957806
125.05210419371724
430.0923863723874
44.10299817100167
-8.283361721783876
337.49695859104395
385.1914668008685
84.80689163133502
83.49786372855306
81.6295183673501
261.4327513501048
123.59040535986423
475.74308229610324
263.990787204355
311.21133279427886
-12.007625553756952
-16.012954898178577
464.6123912036419
-29.9989120811224
377.61551924422383
19.184871919453144
356.05702816694975
502.14267379790545
176.08745663240552
-118.09301244840026
-48.960308603942394
567.8918645717204
36.535440780222416
-5.12451396510005
257.64090006425977
246.9966427385807
473.5026014968753
168.64584519714117
252.35513642802835
357.46972443163395
26.077378138899803
144.78421903401613
164.2283132225275
-191.96979305520654
-28.803184494376183
-48.63184357061982
396.4922669529915
75.8898754902184
443.54584055021405
312.1437484547496
268.482343159616
482.0256032831967
287.14136458188295
218.2069452032447
326.749328173697
117.60018292441964
198.19692958891392
241.35142933949828
625.5383836477995
301.42460380494595
309.02920209243894
249.77776293829083
443.67955838516355
22.123298045247793
78.39928514510393
367.3770275749266
724.1938231624663
281.78941118344665
307.2077152505517
37.42090865597129
195.7329190671444
298.76958069577813
415.7007995545864
89.07367103546858
81.24452214688063
198.1824635528028
56.22093327343464
-277.6243947446346
450.0911400690675
325.01566902175546
137.79579453915358
376.76794764027
441.2675380818546
485.80131066963077
310.56948325783014
175.92837584763765
170.83883645385504
409.72242595255375
347.95814066007733
-90.28005858138204
294.312645599246
125.33452318236232
-177.05985147878528
617.8383242487907
105.70086865127087
335.1022694967687
388.16519552469254
435.06231930851936
139.0927767828107
55.86542733386159
173.23295958712697
1.5775187984108925
313.256262075156
439.38745845109224
347.4657224714756
402.59229565411806
143.70785184204578
87.06167978048325
309.9324932321906
-21.437233325093985
148.499487336725
299.5096416808665
185.0895948894322
272.91870111599565
38.60337992012501
16.853651199489832
481.9450839981437
81.66960898041725
202.1742204427719
173.79599864780903
274.07859693467617
20.61439500376582
67.33160999417305
31.85352048650384
54.74045600742102
288.990801025182
283.3375069871545
67.80707155913115
-69.44155425205827
77.30927735939622
159.8185495249927
349.08674653247
-10.636715363711119
121.00544608384371
271.42846033349633
-125.1582421772182
118.89533227309585
166.17017086595297
9.969362903386354
277.6686833463609
416.5273165293038
164.34658135846257
379.04842718690634
218.1401012726128
128.21569360420108
368.1371544264257
346.3503645732999
-72.88640396296978
111.61015487462282
505.3929253295064
369.1249237321317
112.04334301874042
19.390218053013086
70.47765803337097
202.5223884396255
596.0065333023667
156.76848193630576
237.3487775735557
156.24711991474032
-71.31977965310216
268.74246395751834
538.4911731518805
38.53231719508767
-113.90432178229094
273.87783186882734
199.37575352936983
380.2426982782781
219.3181588165462
281.0834638476372
152.75730654224753
313.53530557081103
337.8906660825014
47.377964191138744
275.7707847766578
166.7896369919181
129.0452459640801
-159.1953224502504
-125.85571049526334
44.23240114375949
574.4299136176705
-166.25377670675516
183.41799997910857
152.94338589161634
473.90729513019323
106.68716211616993
556.6056995913386
174.63415722176433
-31.828064747154713
124.01387632265687
-30.95150848478079
143.73234679549932
27.652680169790983
10.004884630441666
282.1041074618697
190.4237464852631
208.21943387389183
-0.613703727722168
463.47175638750196
251.5158515870571
306.5462454929948
374.53860603272915
-27.869761921465397
-22.813017077744007
90.54037464037538
-52.435381677001715
121.37485595792532
207.11652033776045
383.313282802701
277.78830409795046
-155.4400109089911
172.22009383141994
334.96786458417773
128.79425736516714
174.29426630586386
430.8440666422248
245.7735204808414
340.3241012841463
271.81996923685074
273.9270256534219
462.05342173948884
354.03894201666117
75.45734499394894
-145.18491063266993
468.79923709481955
183.44802632182837
251.06215783953667
137.7408946081996
250.36009034514427
466.6526148915291
189.7630774602294
372.78955441713333
494.32881227880716
40.17221584171057
353.9102594219148
181.4739845097065
521.8133573867381
-205.21191218867898
62.23108243569732
386.1358441822231
401.0195719823241
101.4825692102313
426.7502995505929
442.7059574611485
309.54988572746515
310.4071483798325
186.83987699076533
241.4479945152998
75.54890282824636
332.98656049370766
-139.97231074795127
253.7446028366685
295.4019904471934
152.38471069186926
643.3243023119867
-57.96158352866769
666.9165770709515
408.5525761805475
-104.36209320649505
261.72683692350984
312.65156284719706
496.3147192746401
255.28671810403466
163.51445602625608
371.2336961776018
41.199007868766785
300.37275935709476
561.4275236688554
282.055894408375
244.35995047539473
221.71986424922943
281.2560681030154
46.44247578829527
294.1212547644973
74.22333978116512
135.237753611058
211.54063982516527
175.0813523605466
313.02513358742
589.351307310164
99.89813388511539
371.0073615498841
118.67900057509542
409.5387750454247
218.1257462501526
222.42115307226777
484.9087643921375
270.27806067466736
428.3158844038844
102.83924939110875
110.43315091729164
175.01832610741258
56.87725464627147
523.3927649892867
372.29283168166876
191.72808458283544
171.7119160965085
422.9397291429341
351.2767879255116
71.68192841485143
393.206307195127
145.18488734215498
240.93116378039122
276.740720435977
615.3525774292648
340.2183097228408
611.5681166313589
344.9124932102859
361.03663885593414
-239.3572053052485
175.02382430806756
116.01582050696015
318.93920039758086
-257.5696970783174
40.636321414262056
531.3999862037599
385.8096964471042
-13.696024008095264
277.42159017920494
570.3421344570816
521.4553969763219
656.7786966487765
251.9620951488614
-67.94517512992024
334.1379981189966
260.5819888561964
402.5526543855667
671.5743124186993
268.5405719988048
-22.637376844882965
344.019342944026
-18.89322391152382
38.02251887694001
-62.1384170204401
252.80357122793794
316.90099251270294
226.2343382909894
-49.19513610377908
-112.80428306385875
102.40256920829415
-37.43585814908147
168.8963495232165
463.95110476762056
-10.194397054612637
94.32513084635139
488.62198743596673
690.4408842138946
119.34881293773651
191.778394959867
584.3911637850106
185.70134251192212
368.3424426391721
369.8693916872144
57.295161221176386
406.9006008654833
429.1505295187235
432.13487961888313
123.84158090129495
97.0292392745614
193.12466344609857
293.75424371287227
139.094421710819
231.20267897844315
217.9814741499722
548.1714809536934
232.14933984354138
182.38802931457758
22.524093367159367
326.41275453567505
282.10467314720154
337.72641322389245
269.7315348945558
407.2730760574341
268.6944050639868
381.4384423457086
382.4042643494904
127.18264948949218
388.4793406352401
394.0348512791097
-122.83065027743578
241.7139121107757
199.70172423124313
-160.86285329982638
-58.84784274920821
142.90327053517103
-34.27418741211295
159.294290561229
512.5066359937191
202.44519510492682
294.876493267715
189.51584021002054
151.6244365312159
178.1719175130129
58.19098035991192
141.06608948484063
-18.007640343159437
545.7256944216788
87.68313320726156
76.12478645145893
328.253097768873
286.2958986386657
37.471626322716475
-50.436548728495836
-16.789431788027287
237.8631886318326
251.7071373462677
-22.39219982549548
335.6805811487138
303.13043273985386
275.97944719716907
44.01612412557006
447.25393533334136
242.77113746106625
266.9740972034633
80.49281065911055
81.5888301692903
99.48905102163553
147.95643894001842
435.9856125973165
178.77811373397708
233.25110018998384
245.46105586737394
535.1679359711707
85.89662558957934
52.805513352155685
-153.51074327155948
657.2159573510289
52.12840982526541
109.60403058305383
90.53347776085138
272.6428718306124
479.32689110189676
339.0295535698533
399.40252436324954
-91.42091843485832
216.26934050768614
244.0350036509335
345.03371684625745
224.59620936959982
508.514908503741
520.1622568555176
310.43463008850813
316.32122691348195
198.91192745417356
249.7798757441342
351.4076856523752
138.5236857868731
