30.00692806765437
32.81612163037062
33.42997272312641
32.51339987292886
32.29882688075304
29.550227358937263
33.51900538057089
31.256703712046146
31.44666750729084
33.06867164373398
30.995772298425436
27.459238454699516
34.33692488446832
32.47273342311382
31.622438732534647
29.06598649546504
26.871008478105068
32.853948064148426
33.556844528764486
29.469950657337904
35.185128305107355
30.48699940741062
29.028438944369555
35.387696757912636
29.8981001265347
36.925691194832325
34.64298454299569
32.61105655878782
31.965177077800035
24.97467677667737
27.796409983187914
31.943533454090357
31.03905802220106
26.995229374617338
33.280925802886486
31.398176040500402
32.336247373372316
31.399257361888885
35.71315748617053
30.753887876868248
31.97754107415676
28.609613955020905
28.768117900937796
32.691060338169336
32.048271249979734
27.164556685835123
36.56420375034213
34.59911246597767
27.35326173901558
35.80985804647207
28.740470942109823
31.272405929863453
31.012312933802605
34.220732256770134
28.21736839041114
32.47678207978606
30.25708492472768
31.761992294341326
31.394287146627903
26.855969950556755
29.272694151848555
29.524241864681244
36.36440344527364
32.05542208254337
34.058162089437246
34.56036154180765
32.17008877173066
35.35540406405926
37.62133797630668
28.914526544511318
27.943486019968987
28.474812675267458
25.179711032658815
25.673777632415295
30.217587672173977
33.00293602794409
29.605084903538227
28.706280037760735
32.06701925396919
33.336792182177305
34.53729908913374
30.853251423686743
31.923118587583303
32.47954215481877
27.734685361385345
26.491480745375156
31.225232385098934
36.68354393169284
29.19917982071638
34.34427921101451
25.781712274998426
26.814098969101906
37.224281061440706
26.421091217547655
35.311568945646286
25.31652219593525
30.82707004994154
30.73535807058215
31.364710807800293
32.05486445128918
