4540.0
2384.0
1952.0
1332.0
4156.0
1692.0
2004.0
3000.0
4320.0
1588.0
2496.0
3480.0
1536.0
4606.0
4350.0
4560.0
2056.0
5088.0
2056.0
2552.0
1744.0
3000.0
2216.0
2608.0
1380.0
2608.0
3510.0
2664.0
2552.0
1380.0
5312.0
2004.0
3000.0
2056.0
3480.0
4412.0
616.0
2056.0
3360.0
1380.0
2328.0
2440.0
1952.0
4800.0
660.0
2552.0
2608.0
5116.0
2160.0
2160.0
1588.0
3060.0
1332.0
4170.0
3308.0
1640.0
2720.0
1380.0
3660.0
1900.0
2496.0
2160.0
4050.0
3900.0
4740.0
1188.0
3420.0
4700.0
3420.0
2916.0
4348.0
3630.0
1484.0
1092.0
2160.0
1796.0
996.0
2056.0
1952.0
2160.0
2056.0
1432.0
3660.0
3420.0
3000.0
1692.0
3300.0
660.0
2160.0
4080.0
1588.0
2056.0
4320.0
2160.0
4740.0
1900.0
1432.0
1640.0
1092.0
2776.0
