660.0
440.0
176.0
396.0
308.0
176.0
352.0
528.0
484.0
572.0
264.0
352.0
440.0
528.0
396.0
440.0
352.0
396.0
440.0
352.0
948.0
264.0
484.0
396.0
308.0
440.0
176.0
484.0
440.0
572.0
660.0
572.0
352.0
440.0
660.0
264.0
220.0
220.0
660.0
396.0
220.0
484.0
660.0
660.0
396.0
708.0
528.0
484.0
396.0
528.0
572.0
440.0
308.0
660.0
352.0
660.0
852.0
572.0
616.0
660.0
308.0
352.0
308.0
660.0
396.0
440.0
660.0
708.0
660.0
484.0
308.0
660.0
308.0
264.0
572.0
484.0
396.0
308.0
528.0
264.0
440.0
308.0
396.0
756.0
616.0
708.0
220.0
308.0
308.0
352.0
352.0
352.0
804.0
308.0
440.0
176.0
572.0
484.0
352.0
352.0
