804.0
756.0
396.0
852.0
484.0
756.0
660.0
484.0
660.0
1140.0
616.0
660.0
660.0
852.0
660.0
708.0
1284.0
1140.0
660.0
572.0
660.0
660.0
996.0
660.0
660.0
660.0
308.0
852.0
1044.0
660.0
1284.0
948.0
996.0
572.0
1284.0
852.0
1380.0
484.0
804.0
756.0
756.0
948.0
1092.0
528.0
572.0
660.0
660.0
220.0
996.0
660.0
756.0
572.0
1092.0
756.0
1236.0
804.0
528.0
396.0
352.0
1236.0
660.0
660.0
1380.0
1092.0
484.0
900.0
756.0
396.0
484.0
440.0
1092.0
308.0
1092.0
996.0
804.0
900.0
756.0
708.0
708.0
852.0
948.0
756.0
660.0
528.0
852.0
852.0
660.0
1092.0
616.0
996.0
352.0
660.0
660.0
996.0
660.0
1332.0
660.0
1380.0
900.0
308.0
