6815.426333293319
4347.412747699767
3912.4015453979373
4764.409611593932
5859.217813402414
6083.69067446515
6404.093446686864
5032.156111616641
7983.26116528362
6292.998071398586
8152.195320561528
6353.765857759863
5498.790876567364
7197.532178238034
6997.924699157476
5930.407702293247
6391.338236194104
6264.8448956385255
4073.516877863556
5391.103888787329
6198.9535556696355
8298.465493112803
5920.038010057062
5710.086549162865
6230.792377695441
5559.063575722277
6513.205270100385
6612.9240813441575
5199.957965038717
7036.4601608887315
3762.06344165653
4070.415379304439
6862.527326911688
6855.880050487816
8423.07846198231
7508.1835205852985
3899.4470957666636
6294.102517075837
5034.09919411689
5716.340514756739
4098.795637443662
6489.40936800465
7150.967823006213
4060.4485587999225
7622.23984991014
6988.154043216258
7945.406584478915
5781.870158288628
6672.088648427278
4272.222582962364
