44.0
45.0
34.0
45.0
65.0
21.0
72.0
34.0
29.0
74.0
33.0
44.0
40.0
51.0
42.0
46.0
52.0
34.0
50.0
68.0
40.0
41.0
40.0
37.0
28.0
33.0
32.0
35.0
33.0
47.0
43.0
40.0
46.0
49.0
46.0
37.0
27.0
23.0
19.0
70.0
32.0
71.0
45.0
78.0
63.0
54.0
33.0
49.0
24.0
47.0
20.0
58.0
29.0
76.0
28.0
27.0
53.0
58.0
92.0
72.0
31.0
42.0
40.0
27.0
23.0
82.0
48.0
35.0
35.0
26.0
36.0
44.0
55.0
60.0
37.0
56.0
39.0
45.0
23.0
23.0
21.0
55.0
55.0
34.0
42.0
33.0
50.0
30.0
35.0
45.0
15.0
55.0
54.0
26.0
15.0
23.0
38.0
29.0
44.0
68.0
