112.50142515823245
62.35433652997017
57.6366515904665
81.17293630540371
87.2151254042983
103.92163141071796
106.10785881057382
76.4678634814918
147.25813882797956
109.04684510827065
140.80291298031807
102.27846304699779
81.23401005193591
124.61963598430157
125.7514559365809
90.9960172958672
98.59244886785746
112.65366191416979
59.88586696982384
95.1098745726049
102.15314366668463
147.05096567422152
91.0020324215293
94.07986002787948
103.98066520690918
92.7902590483427
118.10698824748397
113.96664003655314
66.6136638559401
126.47817201539874
45.86640428006649
55.217848025262356
123.61868369206786
120.69807754084468
160.06481835991144
122.64497219026089
48.121860317885876
114.25413069501519
72.93707833439112
91.0475311614573
67.69360144808888
100.71807495504618
134.11473186314106
49.32841657847166
135.27153162658215
111.29385655745864
137.48010579496622
90.79303766414523
106.08844702318311
56.764779306948185
96.20384553447366
125.30124815925956
111.42237639427185
101.55380832403898
97.00523440167308
100.32451409101486
106.35804847255349
89.71021577715874
118.66090364381671
113.27159713581204
99.59459564089775
104.46688676252961
106.984619371593
98.55336809530854
100.65555245056748
106.37561581283808
117.57289492338896
83.28444676473737
107.60326677188277
76.0925586745143
94.93557461351156
147.14052998274565
129.5346508771181
81.47521379217505
117.23947900906205
79.64431237056851
95.66320000216365
84.47414441406727
95.63997173309326
68.30377290397882
115.5470539778471
145.66206557303667
93.48360814899206
116.83452451229095
83.70071741938591
127.03784030303359
111.57953238859773
127.48424811661243
84.24421807006001
91.33348276093602
95.77952452749014
128.01979325711727
132.35603529959917
139.10064516961575
129.90061542391777
177.00017988681793
131.99701481312513
116.63177189975977
77.30361996591091
115.86029435694218
86.92477095127106
123.48119185492396
105.91355265676975
115.34022407978773
102.60494743287563
105.07822788506746
79.93375464901328
78.91399021074176
101.29180531203747
100.97591675817966
131.81566029787064
136.81855964660645
118.17964439839125
140.9833153784275
99.05416886135936
168.1171337813139
97.921998873353
79.33246587589383
115.84239159151912
80.96554714813828
149.9624711573124
133.2560375034809
117.48063765093684
127.95976684987545
122.97733872756362
96.14210635051131
141.17981320619583
135.96955747157335
74.17035377770662
135.98708204180002
109.41157088428736
144.11860263347626
137.48494642227888
94.77799557521939
96.44100286066532
101.25856909528375
130.90505196154118
139.26671275496483
104.12822597101331
108.10747285187244
89.03637662902474
145.62470892071724
103.81404980272055
93.98630231246352
130.16267623007298
73.19683304801583
106.2205604724586
138.01601899415255
136.8239889740944
108.9677654914558
73.76162685826421
92.33836856111884
82.70696929842234
91.55864015594125
75.64805712550879
119.88099802285433
73.59579667821527
94.05644853785634
116.06891766190529
79.41075106337667
57.94096013903618
56.673480588942766
88.5905528254807
76.58869095146656
89.1151976250112
46.794302105903625
73.74776604026556
58.06584680452943
92.22522035986185
106.50462675094604
64.17711814120412
86.6929890550673
80.39721047505736
110.23305527120829
86.99542162567377
111.12080363184214
64.79791551083326
91.46857335045934
72.67735372111201
74.36998757719994
105.56180218607187
96.28535753116012
98.00199800357223
81.81284880638123
34.86211421340704
84.90371694043279
68.44462439790368
86.2798892967403
97.88319190964103
43.88209730386734
74.5331212989986
99.0879323631525
80.20856401324272
91.430251237005
119.68386870622635
83.07209938019514
67.04202466830611
70.99869490042329
67.24998520687222
128.66701859980822
153.40886741131544
91.13245633617043
75.46955611556768
128.2028467617929
118.97245914116502
157.77622234076262
116.56504474952817
135.06077648699284
125.36441595107317
114.74861817061901
111.32443813234568
102.04528661072254
75.97399492189288
89.19278434291482
123.37872532382607
115.78677635639906
104.67835423350334
101.17506455630064
104.04973565787077
85.69447673857212
114.92910178750753
147.88424119353294
112.01397690549493
98.68210658058524
97.80733812972903
89.88299835473299
145.86983436346054
143.3565581291914
97.04935355484486
105.76391276717186
143.8821655884385
126.51013857871294
102.99871281906962
140.18062342703342
58.5214646756649
119.19681008905172
134.74363151937723
69.85076077282429
70.0818488523364
105.46621486917138
111.71650068089366
72.28365315496922
81.06806167215109
115.847984213382
123.5489179007709
165.89268258213997
105.51969166472554
175.6674553155899
134.0963269546628
138.81667879223824
165.74455600231886
102.57310371473432
93.34756322577596
97.65827194601297
111.21109828725457
114.58182129636407
99.87753856182098
91.8713710308075
100.45213112980127
130.92789966613054
61.4824640378356
145.54445157200098
104.76876564323902
101.51668094098568
152.92451119422913
144.82489098608494
152.30128698050976
98.35998440533876
159.20856967568398
133.63794976472855
106.3038179166615
106.31853946298361
120.70583040267229
97.03412136435509
133.74572790041566
90.067886069417
101.13658540695906
130.2191265448928
156.7376404106617
132.54436041414738
130.6588284112513
118.22385501489043
115.72997066006064
131.42113550007343
87.01165382564068
109.28433195501566
146.03294986486435
105.70144661515951
87.11455008015037
83.70511247217655
82.99423157796264
139.31659971922636
114.93103355169296
133.74760216102004
134.3751890026033
87.03304343298078
134.02759766951203
83.10703118145466
123.17910906672478
132.20138812810183
726.2095094174147
728.0021079070866
947.3515315428376
691.1051974371076
719.639302674681
502.21126595139503
747.4408100545406
539.568893302232
824.250617634505
799.1152366921306
767.4809384308755
654.2263798601925
771.3001325279474
845.8031149171293
844.740823507309
765.6472398377955
614.680203050375
636.4828952401876
745.4051102101803
558.8113286681473
753.1354613490403
1101.6255183964968
712.9550950340927
861.2395164109766
777.4599874913692
801.0355041772127
874.8174410946667
725.1033860184252
896.5322942510247
723.009942304343
827.251343421638
1087.173738323152
836.7637874931097
856.5544113107026
873.6372296027839
733.7054309137166
803.6803867220879
786.2021316550672
680.7206797786057
930.4473977610469
809.8282437808812
875.3552674800158
568.1977233961225
920.4745777994394
834.7334021404386
925.9676137343049
775.2084006406367
776.3751914575696
775.4611944891512
900.1687762252986
99.41548676788807
78.30250437930226
99.82106550037861
113.91052942723036
132.78485949337482
122.0717296525836
144.28804894536734
126.98220001906157
113.76051577553153
165.03736247867346
110.93317465111613
105.0498587153852
117.47763866558671
173.18284614384174
60.00513597950339
109.57291201129556
67.23039225116372
158.80155939608812
113.44514365121722
73.81691342964768
83.4350703060627
107.70849010720849
115.2107750326395
119.09366550296545
104.36092810705304
165.84790007025003
118.07031053304672
122.56800966709852
120.68844627961516
70.87110327929258
118.53619826212525
99.31832855939865
111.99876638129354
123.42963368073106
159.70308174192905
122.61261518672109
79.37424614652991
101.766665995121
117.65477237477899
144.93181040138006
120.98684474825859
158.6319129243493
74.303476087749
100.62659042701125
126.1378382705152
103.29731341451406
152.60058897733688
89.33547748997808
123.55213689431548
88.12810600921512
187.61033665016294
142.10927721112967
228.62568786740303
153.87146849930286
247.9627321511507
224.33069419115782
102.02991533279419
237.3327562212944
260.5415523946285
141.15305373817682
193.5264758951962
155.850545078516
130.79160170257092
124.32976815104485
151.3228832669556
169.14976124092937
167.99775706976652
110.98847203329206
203.87172235921025
130.2974625378847
131.7308076247573
139.16010933741927
114.64413110911846
199.96009067818522
181.98928091302514
182.503088504076
211.47430408373475
217.51315129175782
226.27070517838
235.54636239260435
220.28748244047165
120.52637756243348
163.62588938325644
264.5141422525048
186.8210990615189
137.8138506039977
116.11791272088885
194.06655493751168
169.8216921016574
168.2884990386665
164.61538688838482
247.13259375095367
146.1688818335533
187.24225860834122
116.03292287513614
304.2913628742099
150.37079705670476
171.57410853356123
158.97958784550428
236.26798091083765
93.89664410427213
114.30675683915615
108.4141844958067
99.71419852599502
124.60744934529066
133.9525394141674
90.86674604564905
128.03695233166218
100.64881371706724
70.93134170770645
69.2115384452045
111.21464379876852
89.56674026325345
91.36862697079778
109.94536136463284
119.76034244522452
108.9558947198093
136.40343922376633
61.52173563465476
106.45601353049278
153.65339283645153
117.84843648970127
115.67807991057634
135.72482802718878
90.40450563281775
101.6831790395081
88.60281709581614
78.4525442533195
104.05238562449813
94.15909000113606
102.50440042838454
97.59323655813932
131.53891935944557
121.73452139645815
120.42315042763948
122.84917538613081
108.29338279366493
110.75198828801513
115.36314104124904
68.88951858505607
86.75100949779153
159.72556652873755
112.65681459009647
84.8733032271266
67.9378722421825
87.89385192841291
104.24755971878767
100.74502433463931
140.89996016025543
90.54909851774573
108.54724027961493
124.24526873230934
118.22377286106348
82.91962510347366
94.91437723115087
115.77901387959719
123.14335925504565
77.61694015190005
150.52896673977375
148.034719504416
144.15615441650152
103.61407368630171
122.7557879909873
129.94993876293302
148.75975630059838
116.36749469861388
117.4424656406045
151.6837749183178
134.9263516254723
96.01599533483386
96.7888757660985
118.94727584347129
75.47083535790443
134.1152277737856
97.75769770517945
127.23419041931629
107.39101251587272
87.88402087241411
121.97243828326464
149.93592768907547
79.51865790039301
95.58006534352899
146.50645957142115
160.26246093213558
166.16510945558548
134.88998951762915
91.5013579018414
109.14798799529672
155.42803741246462
166.58867303282022
111.73555815219879
159.68537940084934
169.53589037060738
124.27441933378577
110.5618067458272
82.81102439761162
111.27435360476375
123.09935549646616
117.67260920256376
103.64265296980739
119.51042421162128
171.22013587504625
112.88677622750401
125.88220643997192
177.34270997345448
120.48054411262274
153.4988800212741
119.42862662672997
97.01394510641694
191.0684003829956
110.73788894340396
138.41449865698814
95.08782733231783
122.50290040299296
101.23626402765512
116.9083895497024
145.17673827335238
102.02626864612103
144.49602127820253
144.10549005120993
106.53056310862303
118.65623347833753
142.43216244503856
112.648323263973
134.587557092309
87.8193966820836
118.16845635697246
109.32310141995549
83.14374952763319
155.1777837947011
112.31849149242043
101.33643479645252
120.1546441912651
131.14708345383406
153.93349704146385
134.21642254665494
95.23967146873474
91.14776539057493
128.52549861744046
139.268035300076
114.50578206032515
164.39431060105562
116.43601823225617
167.37052901089191
88.50906491279602
128.08247342705727
125.3935814499855
137.9785288721323
93.39457929506898
147.54049134626985
110.96855618432164
115.89709414541721
112.30984371900558
150.06148771569133
143.17770517244935
141.65049673244357
131.60359406843781
167.96649019420147
130.32850118726492
121.30562905594707
110.42948215082288
116.63653433695436
118.94070063903928
114.27158649638295
113.94140896946192
112.2729181908071
113.78588135540485
92.9883947558701
149.00975716486573
113.44675828143954
134.5991801843047
141.64339846745133
147.92564950883389
155.19136073812842
79.2368496209383
140.37462102994323
123.07777386531234
161.62959867715836
114.64863325282931
106.31709763780236
109.4067547172308
125.6147340349853
161.664600007236
134.58916318044066
119.41444419696927
101.42493123933673
143.8503371141851
114.79469304531813
99.47255339846015
107.879882004112
125.86012202501297
122.82346987724304
78.26511847600341
91.90534071996808
103.87328267842531
151.7939718030393
166.23968355357647
111.04018153995275
138.34224581345916
144.93607517704368
114.78404170647264
135.0148692280054
106.18086526915431
85.08780565112829
123.46285248920321
151.6651438176632
133.38404340296984
115.08646050840616
107.92842745035887
88.33732953295112
72.09357909485698
120.56038005277514
106.99666214361787
90.35806353017688
95.20106337219477
133.74210119247437
113.50470811128616
99.1304177120328
146.38028819859028
106.22773485258222
114.05580134317279
63.88876563310623
117.5049514323473
103.86828162521124
95.13718335330486
93.51787051558495
147.06852355599403
122.2035594470799
96.9180847890675
118.87090946733952
107.45164353400469
153.98862370848656
68.09218133240938
132.83642034605145
127.03699846938252
144.39666963368654
86.90928161889315
87.87678223848343
86.68750797584653
126.16960462927818
94.01089057326317
129.06888782978058
90.2436283454299
167.40495375543833
110.66534743085504
113.67969415336847
107.82320800051093
92.23801892995834
138.96954695135355
49.54431068897247
65.3367331661284
103.93861746042967
110.66977236047387
100.23390460386872
114.59444225952029
139.66402326524258
102.24915621057153
133.88508555293083
121.57328564301133
105.31334840878844
98.76520984247327
69.12613158300519
127.76454596966505
130.13294066488743
110.56786175817251
94.48040843009949
132.9660045132041
90.60257471725345
106.24684659019113
70.11901841685176
74.29743518307805
91.37903192639351
131.59978549182415
131.23602556437254
73.02074568346143
74.62493093684316
113.05911107733846
107.90109099820256
63.88350449874997
125.98001419007778
113.45065505430102
57.07353413105011
121.53192759305239
89.50769650936127
99.05575400218368
97.30887041985989
128.5712953954935
109.94216135144234
90.56938695535064
51.42732086032629
73.57786979526281
117.99474132061005
135.54626251757145
99.00882283598185
111.88647707179189
121.28759599104524
126.48111933469772
116.53376685082912
102.46152046322823
135.27438667416573
175.3243831731379
137.40863924100995
125.46225894615054
113.08165545016527
157.15264567360282
198.5482346713543
170.33045775815845
123.50101103261113
177.38509546220303
153.97725853696465
131.46985136717558
174.39918431267142
124.48917403817177
160.69939107075334
110.00744665786624
113.19941127300262
181.73494087904692
115.25321485474706
123.61357576027513
167.78468680754304
146.62790958955884
130.16210222244263
193.78806603699923
138.07393653318286
111.61237232014537
204.77219194173813
170.34614238515496
155.57241924107075
151.81035504117608
116.62363320589066
132.86445734277368
199.23873615264893
143.90648463368416
126.26229537278414
170.36621787399054
90.43458101153374
123.5330699980259
56.414737209677696
183.41285422444344
166.98854252323508
153.63772417604923
129.1372589841485
122.76755752414465
139.66507670283318
152.78401404619217
180.68050683289766
180.09118590131402
128.93343252316117
106.27566183358431
121.09157665073872
177.06399063393474
116.61993613094091
177.08793372660875
228.52583768963814
177.08879032358527
224.87596909329295
172.99034826084971
158.65395553410053
224.3806153833866
287.59077532589436
193.65105101838708
174.45919191464782
254.64682929962873
152.635921549052
221.66553512215614
258.7244363576174
142.63313710689545
139.78232829645276
229.7591206021607
155.84672209620476
233.2495078369975
189.04238863661885
163.84162297844887
226.30442476645112
138.86703998968005
201.44362903758883
221.54537270590663
197.10765091329813
173.6706455387175
158.44293819367886
280.9054395109415
237.5113276988268
195.74063593894243
233.4688165411353
305.0473656952381
189.84461200609803
188.67363535240293
244.60329980403185
200.9507259912789
219.343235604465
243.3587488308549
283.4160546809435
164.7195164859295
203.16876001283526
323.07429073005915
241.1474973000586
219.2657772898674
190.04822183400393
279.05432146042585
225.31295757740736
768.2033326327801
560.7108495533466
693.4561159834266
772.1120502352715
597.5970435217023
377.5803476907313
571.4859455488622
892.2339341640472
614.707786206156
887.0995705798268
908.6948415637016
669.9218733161688
674.121266733855
845.1344021260738
463.1675495840609
660.1152833625674
587.5532784499228
653.7111727669835
701.7202128060162
571.1427704319358
613.3970113843679
533.2010746449232
605.2099014930427
411.4463710039854
699.6422763392329
535.5929955169559
701.1783690676093
423.9272064678371
368.3857264444232
608.4214361123741
801.7686665207148
505.38998560234904
654.4560885876417
581.7187545262277
550.228578928858
495.3595991656184
527.6079889722168
618.0548347122967
653.3293912671506
801.85485137254
734.5351638682187
641.2711076177657
594.6373596042395
736.0112420096993
623.8525294214487
397.28113228082657
759.3282920904458
639.2723293304443
527.971513196826
365.13473112136126
6766.518416110426
7919.08420984447
4937.4460884183645
5833.996486864984
5909.168003261089
4858.448167786002
6083.787516538054
6384.916604902595
5631.8222402483225
5410.878184799105
6838.821218308061
7426.304571777582
7126.46375451982
5581.2770828567445
4412.163700710982
7058.464649088681
8097.914159916341
7380.738020911813
5562.030511986464
4974.481112826616
7634.299276210368
4581.365994613618
7200.016488008201
5539.065692700446
8569.083377882838
6103.862809486687
5254.142520934343
7247.574556931853
5971.906696155667
7806.537564754486
6195.304928205907
4249.828101225197
5848.224454190582
5991.820810392499
6963.612746432424
5975.337696164846
4590.002583924681
5807.914151713252
5583.271771095693
4651.639222711325
7038.688687868416
6792.145498029888
6306.277684569359
8983.341027520597
8314.849506311119
6926.689807970077
5148.708633378148
7443.58455670625
7583.884997598827
4519.681565269828
104.29600998014212
139.00296602398157
95.85260600969195
118.658114310354
140.8523164652288
138.18647177144885
107.39918453246355
110.13562884554267
133.61649268120527
64.07089407742023
152.2536555044353
119.13343794643879
137.27413099259138
165.01962877064943
163.66997806727886
175.83080250769854
142.19418988749385
110.40519925579429
127.62005673721433
78.94743710011244
145.80868777260184
136.50459191575646
159.1811714693904
159.50992879271507
184.7720441967249
127.84601182490587
156.94093961268663
134.4202346764505
121.46685678511858
121.27598349750042
124.54119274392724
155.1245809867978
88.8234093785286
180.9044657200575
128.5274764969945
113.11904766410589
106.73382886871696
157.31842955946922
125.97824244573712
155.50846891850233
139.43899668753147
155.59918244183064
100.77425763010979
113.89734329655766
146.65658078715205
126.75729432329535
114.16327494010329
116.67256958037615
112.38239352032542
145.05971049517393
5321.535757824779
6310.203241169453
4692.704331684858
2984.877776131034
4442.9171281941235
7652.737464115024
4825.248844444752
7025.137785505503
6164.231602627784
5900.646103147417
5444.767206661403
5807.733893599361
7760.634188935161
5599.684763822705
7392.216527566314
7479.4292331933975
5417.281706366688
3422.784140050411
4843.772712755948
5040.4505851231515
7751.284710839391
6303.207745987922
4955.522922609001
7348.030336514115
4986.995683327317
6795.097233239561
5257.093054968864
3989.6363892145455
6366.588167544454
6866.459671210498
7706.09180996567
6726.559786286205
7433.878974035382
7157.706569693983
8283.335425250232
4644.230562467128
5052.21263095364
7451.960398465395
8942.661806091666
8791.048269495368
5496.855622902513
5275.039673689753
9057.868322901428
6858.580278731883
6323.818134762347
5367.552227981389
5767.997480351478
7188.740394677967
9186.135226331651
5682.303608920425
135.09578006714582
147.35501370579004
125.7158501110971
116.66323078796268
106.86007717624307
99.6423021517694
150.97964157909155
99.62173206731677
138.83287877589464
76.84509666636586
143.00141168385744
104.62871666252613
97.6750815063715
85.58970180153847
135.56011506915092
97.63044245541096
106.09864117577672
133.3387290686369
79.43297685682774
63.78440026938915
82.5382148064673
118.63939258083701
63.85237732902169
112.3880063816905
88.19096825271845
128.87300441786647
65.66636128723621
157.94101352989674
147.75355162471533
148.1314376965165
42.06983605772257
132.74587439745665
109.92273145541549
91.8550507389009
121.40434447675943
58.50531082600355
113.50190530717373
104.43969872966409
67.96898264065385
81.87678632512689
122.57413094118237
93.52228244766593
107.78085474297404
56.21045508235693
99.58599618822336
128.44512145593762
87.41717370599508
146.06413630396128
96.78171325102448
92.04086931422353
123.447977617383
210.00229551643133
157.85192343592644
165.3778173699975
171.66963220760226
182.74101568758488
128.62080536037683
138.57251486182213
141.4797143265605
120.72716619819403
159.68611105158925
203.34323958307505
135.76788975670934
171.88527024537325
158.05008010938764
191.8599697649479
221.74498460441828
199.21945612877607
165.15791365504265
213.3890676870942
209.19056969136
159.24083990976214
96.77364786714315
155.09057785570621
139.84820771217346
161.63131495192647
141.49770244210958
187.82476972788572
188.87096266448498
150.5320990420878
186.76886105537415
105.55432417243719
163.07092418521643
165.73329658433795
177.32135254889727
89.94012826681137
156.69544212520123
141.89958653971553
140.0001012571156
145.30966006964445
89.47168273478746
178.20348742231727
198.3131124600768
213.9070045799017
136.63663222268224
158.05510282889009
186.31076392531395
83.81101144105196
188.63022574037313
127.01565403491259
147.0560864172876
135.45854691416025
116.76603493839502
130.1158442236483
113.61934353783727
91.1448193192482
125.67348536476493
129.8580359853804
191.68917748332024
169.8901220932603
118.83710839226842
177.05590268969536
153.4041536822915
92.24260716885328
163.47692546248436
160.77983038127422
172.5182150900364
104.01063692569733
175.06926097720861
145.2073465101421
111.07503172382712
165.12929769605398
162.06581731885672
102.33304972946644
136.4313696809113
152.64831272885203
131.50348056852818
144.20955808088183
134.80253949388862
135.57222264260054
142.688902977854
149.83028980344534
98.58972046524286
157.48629104346037
118.24421248957515
141.47572900354862
143.8313574194908
128.46413399279118
123.94507301598787
180.83126297593117
139.75766522064805
127.76582883670926
83.98112419992685
145.5577957034111
109.8614291548729
141.75806387141347
177.99561159312725
130.20221189036965
141.85749562084675
172.48180831968784
51.01760781556368
72.59047447144985
76.94707241654396
47.44352773949504
61.24220568686724
71.15715334936976
39.69568271934986
38.9217745475471
29.184355802834034
65.11165973171592
72.16684544831514
61.78409743309021
65.14506454393268
57.7848490960896
35.64581510424614
38.67890741676092
57.24468259885907
52.427181858569384
71.74512689560652
66.0067163221538
42.51837146282196
55.857665572315454
44.69021727517247
51.64196774363518
71.87590564787388
43.42296701297164
46.2985690869391
71.55802050232887
93.50831859558821
78.67108420282602
61.22472811117768
80.5404639840126
36.75104730203748
39.22031233459711
49.61354671791196
63.500008415430784
60.831461790949106
78.57450187206268
54.80232759192586
69.69637279957533
60.52570044621825
65.41892751678824
52.900959849357605
56.771699361503124
54.02012786641717
50.72382005304098
77.8815817385912
82.27900063991547
51.01324351504445
71.69003706425428
3199.611145272851
6152.0029872357845
6762.8279836289585
7349.1491709165275
6522.062152769417
6339.949002001435
5267.146259855479
6213.663630314171
7313.809740766883
4906.526750259101
8143.3028677254915
4750.085418075323
6108.291193466634
7365.885215267539
5131.445642836392
7030.249401286244
5898.241556491703
3372.2979692183435
7346.267267756164
5538.750928267837
7733.563662037253
5768.633303448558
6391.404922150075
5004.468940254301
7115.246119953692
7601.7883927971125
7003.254419647157
5453.479838781059
6941.092070132494
5361.340442422777
8892.442007824779
4348.3318642787635
5965.575613450259
6982.6012638174
7408.972207695246
6429.68052187562
5190.613471645862
5894.016399770975
6737.836123764515
7111.788064520806
7048.630662612617
5969.519714348018
6742.254482522607
4131.810312215239
5975.920609164983
7477.831025235355
4692.696249227971
5613.0903966501355
5123.26359000802
5269.0130227431655
95.6008516214788
114.57829017192125
134.7150156274438
99.26945021748543
167.82021708786488
110.22395331040025
133.05584926903248
131.44841672107577
122.39278658851981
102.08523173257709
96.4624450430274
156.25320993363857
124.7873832769692
137.10542907565832
126.09060848876834
98.05899361148477
129.7731590270996
82.60938411578536
112.32450771331787
147.91802967339754
107.20467940717936
93.3404141664505
102.50377376005054
146.67272010445595
127.78429836779833
94.97665902599692
78.4195848070085
89.87936762720346
89.40999145805836
53.613920733332634
120.9289334975183
141.7522904574871
123.95551557838917
162.93300952017307
137.24077332019806
142.7194192931056
128.91285970434546
121.24594763666391
134.4277417100966
125.57042253017426
139.48701862990856
128.1611426398158
117.22472472861409
89.88303965702653
146.27052681148052
115.79256293550134
62.291392650455236
109.83295926824212
104.65414474532008
114.8045703060925
94.09255463629961
81.70555885508657
95.5785396322608
90.37624324858189
101.07427502050996
72.65866449475288
121.53730302676558
132.97480760514736
78.08410345390439
104.24094023928046
126.26736804097891
106.33791626989841
78.39156922698021
137.4349116012454
81.08854467049241
117.34425757825375
116.4926221743226
125.17794304341078
107.70900057628751
89.10764258354902
86.56760379299521
108.87373730912805
123.67179337143898
84.03281772509217
127.00349454581738
115.11135355010629
101.0188489407301
94.45799797773361
104.30535405129194
115.81288912892342
132.64675647765398
88.68975335732102
90.27039253339171
106.80902415886521
132.38481903076172
70.25530356541276
97.8560679666698
84.62706719338894
75.1684681661427
81.67879720404744
142.22235025465488
105.8706699796021
99.3559469692409
99.02975694090128
91.32218042388558
84.5256920196116
112.02097435668111
120.80724708363414
114.65856950357556
132.5869648605585
198.4743201881647
152.9615463167429
137.1108189560473
151.51092410832644
118.81134979426861
155.5381972156465
153.40031217038631
145.48736801743507
200.5719986781478
114.41081756353378
153.98879517614841
169.20009101182222
117.84727468341589
151.39139411225915
109.60331142693758
100.57075830921531
108.66004245728254
206.251953355968
146.2877451479435
74.11497399955988
134.1326144002378
134.89095902070403
140.24060600996017
161.57043977081776
117.2774964645505
159.36142614856362
154.62248412892222
150.1943782530725
108.13613177463412
156.1904865913093
145.62975239008665
113.86085142195225
100.88812446594238
112.27917488664389
167.00637637078762
147.93008962646127
110.0642536431551
155.564232327044
99.98139801621437
116.99129635095596
153.3010182827711
129.76296301931143
173.50496572256088
138.3184918090701
152.8704022616148
106.46496834233403
98.47710034996271
121.49938618764281
125.41999669373035
97.56551360338926
112.74785644561052
118.03832483664155
80.18503951653838
144.7211934402585
96.25219153985381
111.37920370325446
86.17436877638102
108.6890861839056
120.52468375861645
96.9780603274703
83.67526886984706
130.65965438634157
165.65042515844107
102.62154528871179
102.03126871958375
118.86995836347342
123.96662796661258
112.4807452224195
114.55256374552846
95.3823884241283
130.34040129184723
140.77752127498388
77.56213084235787
119.77649005129933
112.95146100595593
128.301265578717
100.53817372396588
110.65750581026077
93.64986779540777
113.4138905890286
104.86699701845646
107.05163050815463
99.9503186903894
107.16168980300426
139.49007942527533
149.69188357144594
121.54122669622302
157.47343977540731
80.22749234735966
81.54260105267167
137.28770784288645
157.09027311205864
118.46583981812
95.88830198347569
92.51552936434746
95.77084149047732
153.220159702003
119.21013112738729
120.78121652826667
124.175238173455
139.2909305356443
132.69893473014235
181.5754131451249
143.0536312609911
115.53416977450252
137.46877126395702
106.75925593823195
171.07433931529522
183.77529696375132
101.91090323030949
114.3194844648242
154.66623789444566
170.57319345325232
165.08298052847385
107.9097886197269
137.83856611326337
120.08738985285163
152.54323107004166
110.38844694197178
138.81202555820346
118.92514310032129
149.23176889494061
115.07498245313764
142.57495544478297
150.87289532646537
189.91102565824986
135.47404379025102
146.71546526253223
141.52967135608196
121.80070547759533
124.88853996247053
134.52570947259665
128.69077306985855
198.85906749218702
173.56457319110632
117.70982611179352
139.04754354432225
163.7344521060586
162.64395175874233
136.05883533880115
134.44611602276564
146.47431987896562
104.02630952000618
137.99825881794095
167.40619131177664
86.85243150219321
108.72648164257407
142.28070770949125
143.7827353850007
124.1966551989317
99.24451517686248
96.94184850156307
77.9789257645607
105.4477814398706
94.15517431125045
83.50733513385057
144.88383697718382
101.55291176587343
115.17157101631165
85.64626166969538
90.03498501330614
148.67171631753445
118.58948795869946
111.45109299197793
144.84150852262974
116.10072154924273
99.44104773178697
108.64778964221478
117.57660617306828
91.60592831671238
103.43189018964767
87.7907292470336
123.2782149836421
105.66369821876287
101.1675675585866
112.76010993868113
149.5147636011243
108.37287413328886
132.8106564283371
121.5100558064878
125.4942485243082
84.18854768574238
107.98439669236541
64.75323423743248
111.22092193737626
127.8527003750205
156.39673948287964
79.75003806501627
60.22779141366482
96.5660234130919
109.28061749786139
112.89018229395151
70.0877560004592
97.7348911575973
134.12946259230375
76.75095188990235
71.82455087080598
119.61797403171659
102.62040295824409
68.63333044201136
203.65555119886994
165.9582503437996
143.00461473688483
276.41618547588587
228.1109240874648
215.38713183999062
223.8387035652995
314.8250999227166
173.08985160291195
217.56449034065008
304.74732679873705
310.29133231937885
311.4463887140155
222.96160489320755
259.3309871926904
224.4540536403656
227.27332339063287
286.0231150612235
306.54356549680233
248.8969603292644
309.57881062477827
206.75947819650173
225.76049495115876
226.20204125344753
221.16656260937452
199.73072042688727
261.87766126543283
216.43036285042763
169.52689711004496
208.17410948500037
222.64626075699925
202.41738760843873
233.00319443270564
169.57420518621802
190.60706190764904
292.45863899588585
286.00509517639875
204.9505283124745
207.3683745227754
284.8446162045002
242.9118751846254
156.3135217614472
237.03160182386637
230.36717373505235
288.56727527081966
207.10292044654489
318.6384823322296
259.90718403458595
249.77980878204107
173.05504950508475
341.97553907707334
242.15932939946651
449.41084530204535
392.4865656159818
319.663692265749
385.03955260291696
460.90909377485514
393.6862565167248
340.98474380001426
206.1073659285903
378.78388402983546
418.1197013296187
408.30756156891584
379.64468470588326
458.47852978110313
468.3565344363451
361.79183139279485
425.17308174818754
416.7791896574199
357.4291959479451
529.7394786030054
342.8486036583781
236.49364811182022
288.149027697742
273.3558205515146
495.3603995591402
504.2603841200471
252.87740191817284
413.44824270904064
193.57653120160103
233.12731340527534
407.3581901267171
324.2682875916362
320.17408956959844
422.3747156485915
403.36744498834014
322.7030140757561
421.5247742757201
434.9512670710683
369.90067414194345
342.91290351748466
367.07382360845804
392.5294258482754
301.4422084726393
398.3953914605081
260.3598393686116
397.78101036697626
337.96634416654706
422.0929875597358
407.29542618244886
99.52759504318237
133.2096013724804
109.60726341232657
109.5652137696743
128.79965879768133
133.54553376883268
129.05649558454752
78.95771255716681
98.8973005078733
74.12672632932663
84.56880824267864
116.07098560407758
95.29716052860022
85.97256581112742
96.2660608664155
124.8662981428206
77.22231438010931
99.74992049857974
98.87197567522526
112.64852610602975
125.60933004319668
112.63715337216854
96.20542629808187
124.08604458346963
51.439066372811794
65.37477499246597
118.82099264860153
87.19013063982129
144.2549466714263
128.00900154560804
104.29383538663387
96.20528707280755
83.31174334511161
121.13074860349298
181.88938468694687
105.83342003822327
105.42284125089645
87.46004842966795
115.43135144934058
127.15074238181114
96.58405562117696
109.02810254320502
117.19822900369763
120.56510016694665
128.4591534882784
90.61283347383142
83.85699197277427
129.1546652317047
96.23474493995309
79.32810911536217
95.41000682488084
124.92434160783887
102.17342070862651
87.35233254730701
142.99271651357412
89.31587702035904
162.9086479023099
83.62435955181718
109.20288364216685
135.42524725198746
153.73517896980047
120.35940784960985
107.73113146796823
105.70694825798273
152.3775253817439
90.42208210378885
132.13980438560247
80.83854898810387
80.66197301074862
110.48806469142437
128.85264897346497
126.85295028239489
140.06627802550793
126.05627720057964
82.06535852700472
122.88788494467735
67.75030566751957
92.05171494185925
117.96303150430322
109.61548102647066
115.91688128560781
113.16762409731746
130.4112222865224
140.20170824229717
79.68157170712948
141.48194539546967
128.1946537271142
83.65906078740954
128.42869817465544
137.56873457878828
65.17081204801798
112.09435077756643
129.9925628453493
101.3123636059463
87.88027178496122
100.88055273145437
126.8855453953147
50.83126771450043
93.60096748173237
107.04054959118366
450.13667287305
473.5166424959898
474.3282713294029
408.8272524289787
465.92704022303224
431.1221669688821
389.1460956968367
447.8254642933607
476.8168001398444
388.3440252542496
450.45525254681706
418.3867883197963
648.6103494018316
306.5735570117831
482.78513718768954
393.8425600975752
505.13442400842905
424.03477304801345
502.55507081747055
234.64106874912977
369.31074732914567
415.30674532055855
242.17811816185713
365.01422438398004
380.3443247191608
282.09344847500324
530.2319712489843
398.10002490878105
316.7137020751834
341.6209952197969
347.2960858903825
155.47761457413435
317.5276756323874
380.09986605867743
377.90016009286046
521.4788446351886
463.3074900507927
510.8608300611377
520.4312643036246
349.38886929675937
389.2983013726771
462.5543668679893
340.00882495194674
192.2020199149847
300.57048984616995
501.3672593533993
391.1155982464552
545.4376567751169
377.79252538457513
502.50238544493914
147.40939436852932
116.04036238789558
151.75003626942635
130.046607285738
136.73872573301196
152.6706514954567
104.29493980109692
107.09763997793198
101.47964137047529
102.12412178143859
97.33062714338303
115.08353031054139
129.4694362655282
110.7595215588808
89.55508472770452
146.10139897465706
127.9566453024745
68.23795241117477
107.56591291353106
134.0738661698997
151.56746216863394
151.22459948807955
112.80535636469722
117.00000243633986
127.84618777036667
113.77645461261272
99.40107745304704
105.85147287324071
179.6387067809701
110.77537195384502
119.29365741461515
139.44882109761238
69.55820351839066
130.87075865268707
126.44408576563
133.09615306928754
136.67078102752566
77.63379429653287
107.7611872293055
115.13990357145667
118.76421323791146
110.46155473217368
104.44228434562683
128.79895026609302
131.75296125561
133.02836998552084
126.43817844614387
78.59757655858994
150.57151454687119
100.88430320844054
88.10969493165612
119.54351130872965
98.32319809123874
106.59295002743602
75.11878048628569
128.79295368120074
97.94465459883213
135.45770739763975
100.83676934987307
95.54353670030832
95.7172340080142
75.49566360190511
117.45783692970872
157.72170960903168
92.77043733000755
119.60427428409457
90.04471124336123
109.61097511276603
98.85543586686254
141.38050878793
109.99881382659078
74.33804712444544
102.97296483442187
159.2049737945199
104.891477804631
133.15357156842947
112.97435017302632
115.83878405764699
93.31483671441674
128.5961687862873
118.46273652464151
120.54465171694756
91.29978077858686
109.22918488830328
110.85088742896914
109.99162987619638
133.4680405780673
124.95711299031973
97.91153165325522
132.66927863657475
82.88828672468662
125.97564684599638
126.35956431925297
130.5138936713338
131.35359850525856
99.57574999332428
60.999415427446365
108.37900563329458
89.44220762327313
78.23373003676534
111.96898446977139
95.95176561921835
56.33069731667638
133.43106627464294
111.11340678110719
79.40189939364791
109.80600652843714
105.88625517860055
77.87533146888018
92.15715161710978
98.30633284151554
86.10352837666869
93.80116862803698
70.32891636714339
87.48836422711611
114.64581849053502
120.18958259373903
111.46803214028478
120.41078085824847
122.49925447255373
82.0351680777967
113.64225514233112
86.29067904502153
115.6043303385377
120.97881200164557
104.43167670071125
119.06331960484385
121.28665754944086
122.07644177228212
92.47450567036867
68.76648328080773
101.59791246801615
105.60623373091221
120.80161611363292
119.02360241487622
117.44037771224976
146.03623868525028
132.42096962034702
82.74707636237144
60.77518969029188
109.49312852323055
77.4076032973826
94.0082832314074
81.64029067382216
49.38510373979807
65.77566952258348
96.9983716532588
125.17801950871944
59.8305396810174
81.62943856418133
128.80830870196223
107.07907749339938
110.05171928927302
86.65951786190271
102.35414566099644
139.9914301931858
119.55520373210311
101.08497761189938
116.64412248879671
89.17798029631376
145.30547752976418
138.33459913358092
132.91008153930306
107.68648010492325
95.41200432181358
115.46702978760004
120.24879129230976
110.75876512378454
136.10644133388996
119.85536791756749
129.26361871883273
114.21562998369336
100.5250327847898
122.15088922902942
103.0196995139122
173.33580316603184
94.45762076228857
117.91084621474147
107.52895632758737
130.66932704672217
96.69323377683759
138.74993136897683
117.30770138651133
139.01816454157233
140.71220732852817
132.205032851547
93.31306464597583
112.74875291064382
143.35541582852602
94.92256522551179
99.30074896290898
172.3069717362523
133.5690409950912
111.79111175984144
154.28480147570372
125.87460281699896
130.48737926408648
144.83811753988266
95.07168375700712
127.65607061982155
149.24678877741098
103.00998312979937
138.17670715227723
151.0232941582799
155.82402270287275
140.55290420353413
109.09588991478086
92.96994888037443
145.42000559717417
98.52819054946303
160.03873889148235
86.91967729479074
138.85455432906747
104.82366424798965
156.62120980769396
176.6715218797326
139.16225397959352
156.14965027570724
158.52286611497402
112.20555199310184
138.35572804138064
138.15124214813113
153.53582641482353
118.68397846445441
124.57873710244894
115.328539442271
101.43422400206327
113.26373852789402
125.12368283420801
93.55637838318944
133.02063984051347
128.82509123161435
134.34755715727806
120.28904657810926
127.55205712094903
109.35764652863145
123.15564265102148
137.0516086705029
117.09116597473621
104.78623000532389
125.09537622705102
91.31326469406486
135.24241100996733
150.02206624299288
116.74076538160443
111.13392158970237
132.66938177123666
147.2615408077836
112.82656938582659
92.38948610424995
325.22377586737275
323.9291939102113
246.8793176524341
353.9899505339563
203.90631407499313
211.11205310374498
172.8344930447638
313.6620266325772
274.4145574197173
420.69310242682695
331.25797352194786
413.1486738175154
358.9471413306892
210.59075111150742
250.71988445147872
308.11377508565784
337.5345524288714
424.57236637175083
351.46552217006683
363.3193267695606
342.64244697242975
305.99761106818914
255.7343274280429
327.17478577792645
200.23868668451905
261.1759042441845
321.68484691157937
283.8741529248655
395.79723893105984
276.26669781282544
236.23166509345174
258.19215562567115
347.5187977813184
233.2434251792729
292.9261951483786
194.61149982735515
327.79904374852777
332.7216056622565
120.2529359832406
348.68927973136306
275.9939704015851
193.58768241479993
250.30622725188732
287.16968044266105
221.0901093967259
356.06487372890115
215.49065206944942
299.5820019841194
237.11736034601927
315.6650455482304
85.0446613393724
120.21449498459697
89.45293147489429
136.52622331306338
94.20752821862698
164.778706908226
121.14327083528042
98.17407806962729
136.73487346246839
140.24428199604154
96.2106791138649
79.48332038149238
168.73673398792744
120.18342030793428
121.97966866567731
136.8369074985385
106.23695204034448
123.482143137604
159.6970114260912
95.83378405123949
106.4857650026679
97.63871492817998
109.05846270918846
88.6876698024571
119.16364150866866
162.93004996329546
102.62271885201335
122.36499696224928
120.74081403017044
63.76803866028786
155.80972024053335
163.29616978019476
112.85108159855008
136.2917342185974
123.50583052635193
102.90682572126389
113.27211406081915
121.23929949849844
172.69598020613194
89.52175541222095
156.33581375330687
140.81472240388393
113.36217778548598
101.32955252751708
108.25741210579872
92.48118960857391
154.16946330666542
132.07062796130776
81.3009582683444
98.78991895541549
175.5284352824092
173.04533601552248
142.6029873266816
156.75688994303346
150.77482283115387
90.32932665199041
149.18423775210977
141.87999760359526
143.15589164569974
195.0536675453186
192.08785365521908
178.75659028440714
107.50145917758346
137.37075170129538
181.2305410578847
171.18812788650393
128.54330338165164
170.78264721482992
127.12789994850755
172.75560900196433
146.79154160246253
193.59185680001974
159.43997131288052
172.53661060333252
150.39821938797832
158.00234939530492
137.9696758426726
138.40600028261542
130.51605761051178
209.03276794403791
160.16370059922338
244.6956189200282
118.6774524487555
113.09036287292838
163.624000556767
184.30958077311516
110.68781777843833
132.38293398171663
189.12974957376719
148.57124844193459
114.90584684163332
153.9088016115129
150.33896286785603
127.29695698618889
146.20087813213468
153.13168736174703
151.2104919925332
151.67370429635048
132.89244136959314
163.692191965878
235.70098345726728
270.92177652940154
243.46042194962502
355.39075181633234
284.4203641265631
237.95335698872805
220.56466965004802
294.2604784145951
243.77396440133452
310.9144368544221
254.08028382062912
251.94751534610987
238.32819873467088
213.36874245479703
203.2231723330915
225.2510989047587
246.97354972362518
235.34507171437144
290.44716158509254
231.62695693224669
297.8151761814952
362.4914051964879
219.0876932926476
231.15606661885977
202.64698024839163
282.8426940739155
254.2273424938321
201.9124355018139
254.20905146747828
291.32783534377813
160.16324619948864
249.16978499293327
229.41768995672464
311.43021189421415
160.27904591709375
209.41184302791953
174.8646099306643
344.1564056202769
263.87119050323963
278.2941197194159
218.83414172381163
225.6471001841128
308.09921746701
209.0425802692771
255.57255139946938
139.00889931991696
229.0289002880454
288.38499822467566
153.0289032496512
320.82216166704893
135.5450602993369
96.3628281056881
151.2748909369111
140.28066700696945
129.12080388516188
85.27077557519078
145.40362647920847
130.50887701287866
108.16929854080081
101.83281208947301
141.84895673394203
120.61301898211241
148.71954265236855
100.18567226454616
87.36315968632698
130.1303740516305
151.94656055420637
87.61834625154734
101.67815263569355
90.04765203222632
97.50859197601676
122.30845547094941
150.4469798207283
130.55774963647127
144.84767396003008
124.55372574925423
121.47282287850976
168.7224203646183
129.36487888917327
97.77495362982154
44.72823532670736
105.43566546589136
119.73151049017906
135.96453922614455
128.60640521347523
151.61834301799536
85.29955726116896
92.05985525995493
160.88205452263355
109.2326679341495
156.17360401898623
117.31118773296475
131.57322102412581
84.81062624976039
93.26244434341788
100.66138557717204
129.61881636828184
141.07559066265821
99.53961624205112
142.52821996062994
7908.898801378906
5387.870160505176
4189.438097052276
4628.5930512696505
5660.6392519287765
6984.6930089481175
5936.300978433341
4767.769803099334
6220.231108628213
4616.070503313094
8329.063324645162
6041.423994347453
3552.3246320448816
8210.820338666439
6863.466316029429
4613.394813831896
6852.726313218474
5831.011427786201
4835.251504145563
4180.149566531181
4293.868746526539
5775.352002702653
5021.049932602793
6152.00025100261
6502.357845254242
8690.195725277066
7479.751274373382
4809.962153054774
6480.681617826223
4925.718932431191
4752.126580957323
5421.785470139235
3594.8914957903326
6959.217856191099
4632.164719879627
6021.166127353907
7342.865621447563
7830.468633912504
6449.174893211573
5256.729491006583
4886.993456300348
7340.827953122556
4990.14453125
6308.7660634070635
6774.966285619885
5689.316515594721
5473.666462894529
5617.502490825951
4572.278014976531
5661.389468345791
79.83717785403132
75.93964494392276
80.02587783709168
72.04084049165249
83.4816664904356
89.84064802154899
106.682008523494
79.91122066602111
109.97683924436569
95.61716492474079
87.12649150192738
105.7032909989357
67.22027495875955
69.82361596822739
86.03459075465798
92.8049968034029
65.50883984193206
122.14160344749689
85.98294940963387
130.81415098160505
100.20994422212243
142.21237263828516
63.52998453006148
96.90977509319782
60.89873127639294
96.21086220815778
128.1470233425498
120.67379811406136
82.97902885824442
90.32315111532807
96.52952248603106
70.98555597662926
89.48351527750492
105.59002865105867
104.54376903548837
103.54332316666842
57.7951775342226
77.36551028490067
91.53840432688594
77.59937874600291
130.58317041397095
92.01080236211419
110.85296897217631
103.65780777856708
80.3979123160243
70.5065041333437
78.3407843708992
96.78336831182241
103.7039770372212
93.74047419428825
184.26107482612133
114.44908664003015
188.47937721386552
128.29466831684113
165.98117742314935
184.5606195256114
228.79856223613024
78.1544831842184
114.61765472218394
124.67456522583961
116.61979429423809
126.19770174846053
195.7292311936617
150.04362393170595
151.1799656674266
201.0869533792138
174.47963274642825
143.6900100260973
89.5295634791255
140.3893226608634
213.25582657009363
120.4098272845149
146.25856141000986
142.21706065163016
195.598523914814
151.69520231708884
150.17642550170422
125.34932654723525
159.19791250303388
177.46022079512477
132.8143624290824
158.2516995407641
132.9971840083599
167.33502884954214
89.06292994320393
185.94831585139036
162.8679629266262
182.2624109312892
123.53853573277593
196.49213110655546
145.0832021087408
92.13809603080153
167.54265723004937
165.3939079195261
186.346254222095
158.61536261439323
165.9087907783687
174.5407669916749
109.17940409481525
162.86623004451394
133.86448938772082
137.95994564518332
157.72039481252432
124.94351656362414
100.21299950033426
125.41376740857959
132.09947967529297
149.99131809175014
146.58307836577296
128.10915096849203
126.87653794139624
125.69662120938301
129.35651955008507
165.37930681556463
119.71158425882459
133.42782720550895
104.660610049963
101.43242936208844
111.83185226097703
98.79854289442301
168.8757554665208
162.74163545668125
103.85670532286167
87.48013648018241
102.11068717390299
174.20413916558027
113.59110182523727
112.25792317464948
146.7696599587798
146.58384088799357
140.11232628673315
137.5721515081823
100.64383985847235
171.17908154428005
173.8084153532982
116.96016338840127
125.04180500656366
118.1683749742806
91.79691746458411
122.28542963787913
97.01750019565225
178.7181367650628
130.91526468098164
107.29740527644753
121.18018789216876
140.4204223304987
130.83695995807648
117.71023581549525
138.26341174170375
128.23336795717478
119.28103101626039
109.08666956424713
145.61608653515577
94.53116481751204
71.35592514276505
82.65087327733636
81.83586253598332
121.85227465257049
56.735776133835316
107.24289536848664
118.33018273487687
96.42418275028467
126.06157274544239
127.2749438546598
89.51340059563518
111.96509839966893
117.37492888793349
87.37830229103565
116.45698934793472
107.9367228448391
76.85689229890704
140.65927850455046
135.39845079928637
85.06393307074904
86.72402825579047
89.12504757940769
97.5217547044158
105.93673274293542
105.02856940031052
119.79076960682869
67.2818594276905
77.88200798258185
98.02764906734228
135.56990467011929
137.83657581359148
136.35127173364162
151.5183114334941
154.81243777275085
194.7212167158723
138.6742356494069
134.68049354106188
112.46198833361268
82.47123685479164
143.7671636864543
65.01239509880543
79.11837797611952
89.38832626864314
94.08077197521925
43.48515120148659
129.67263055220246
226.8475001193583
279.16992074996233
300.0601932629943
302.37884786725044
235.72290362790227
253.12073189020157
130.88137843459845
225.41876918449998
199.45178417861462
240.11994618177414
161.86628364771605
267.4759409353137
321.1993122175336
173.1006825454533
171.52976832911372
186.6409656703472
225.01299335062504
299.55076265335083
192.68041552603245
299.5836038887501
342.3033090606332
246.04297069460154
255.83553402870893
248.10361294448376
216.6464980877936
218.47824728116393
254.90679825469851
281.534061409533
209.3882654607296
231.43866067007184
151.2476325519383
218.44753387197852
196.92172081395984
210.2290560863912
202.18900327011943
248.32523174211383
247.70085472241044
288.44120732694864
192.46782740950584
333.0884347781539
178.07301058620214
164.36214422434568
266.8694329895079
265.4863692931831
309.29358972609043
303.0084752961993
204.35597220808268
251.31894989311695
298.10416900366545
285.3843972161412
101.79909562319517
190.7621633671224
150.0840189307928
110.10277223214507
75.72559344023466
209.0576002150774
212.19836573302746
109.66985541954637
181.6391794271767
127.19720613956451
125.74506690353155
178.39432820677757
148.21940695494413
206.18207967281342
68.70225673913956
159.25115916877985
148.99780128523707
160.76800644397736
141.84788851439953
135.57962262257934
108.87295699492097
133.58946479856968
166.47698626294732
85.53991902247071
126.23310132324696
122.46487668156624
214.56775657087564
229.1945013254881
200.96994778513908
144.5198225863278
94.57350700348616
164.50496922060847
123.49578722566366
124.59959866479039
72.92153694480658
125.98347889259458
119.63457006588578
202.31907053291798
201.9617712199688
110.9109929613769
184.39186138659716
128.5899151675403
111.6144813336432
110.1217611990869
191.37128963321447
131.76973018050194
190.48368519172072
170.54909174889326
82.51131689548492
148.486811876297
76.3863827586174
118.73070588707924
105.64855260401964
77.23091830685735
125.74544827640057
92.77285820990801
89.00575141981244
107.77929091453552
90.54285890236497
76.14375815540552
92.62834991887212
108.38065068051219
73.37940903753042
115.14301363006234
101.1649272441864
79.87898177281022
96.39788802713156
82.01437650248408
94.40101660043001
129.30453654006124
106.58153209090233
82.30429762229323
91.65000163763762
120.707988537848
120.66538517177105
126.80905140191317
116.5260207541287
105.0040805824101
106.79209730774164
109.16357466951013
107.77938775345683
125.17107240855694
97.59782756119967
144.3186351135373
86.75498504191637
75.45025673136115
139.15150456130505
122.77549166604877
147.2969259545207
119.10304991155863
96.68412260338664
116.81341999024153
94.46347174793482
101.77877942100167
121.10434618964791
140.3139170333743
57.01485000550747
53.78654608130455
68.44247470423579
96.36933046579361
93.48901406675577
121.08544688299298
137.53700467944145
133.84888665005565
79.08449204266071
131.45919730886817
65.11607220768929
87.62896996736526
92.03402525931597
109.69252310320735
118.09965736418962
129.0052676089108
94.57132371142507
120.84165096655488
57.36025507748127
104.59583101794124
89.69032010808587
107.69514686241746
93.36412862315774
141.51755674928427
128.40117746591568
135.68388027325273
98.12635960057378
109.30082615464926
100.60932349041104
95.30780702456832
80.45810867100954
130.46184496581554
111.48150706663728
81.99576967954636
108.0043915361166
96.32773893326521
75.71603464335203
140.56722531467676
122.72745997831225
99.27368648722768
115.40529776364565
134.52999080345035
124.76205478608608
124.98343382030725
133.72299233451486
144.93184909969568
93.75722196698189
106.76550680398941
135.77803345024586
110.8899745196104
134.9078285768628
144.49710839241743
98.36867395788431
90.19354278966784
112.4002821072936
127.27850968763232
175.549080170691
137.809236548841
127.97752258181572
138.29420024901628
126.54807806387544
112.83962303772569
88.00102030858397
102.61210608482361
80.14189031347632
97.21456591784954
163.79666309058666
68.85325984284282
121.39134963229299
128.77516993135214
86.32535664737225
136.1225812882185
65.25886534899473
89.56696470081806
96.16282189264894
134.6181401051581
115.660455070436
50.027079708874226
94.0904810205102
110.27286370098591
130.26772647723556
74.94194243103266
92.20973736792803
121.90141654014587
90.30610442534089
75.51682603359222
142.09366600215435
98.04166727513075
61.272263430058956
158.20256870239973
97.62658409774303
107.61506884545088
103.03546652942896
121.35605305805802
136.80638229101896
99.44251533225179
93.80625016614795
116.66347813978791
135.01148203015327
95.58048902824521
110.14759736508131
86.17868753150105
87.33565229550004
96.17528372257948
147.56441095471382
108.79734992608428
95.4699989259243
111.8089505173266
93.16792392730713
95.48895872756839
121.63268619775772
105.68308474868536
104.63209544494748
106.2265390753746
109.44147478416562
158.40724471956491
109.01703929901123
137.6203788742423
101.96314952522516
122.59390088543296
101.51027042791247
85.43189806863666
138.62825809419155
125.65446818992496
110.48383500054479
102.63546562939882
114.46231328696012
88.99441104382277
125.3374301083386
114.11989135295153
96.56545431911945
118.12940590456128
61.141978427767754
132.09417642652988
76.06380589678884
114.7161246649921
113.32746073976159
83.7391848526895
120.27482239156961
117.24068981781602
122.59634587913752
110.02914837747812
63.75884170085192
124.51899689808488
137.17537251114845
129.25578420236707
100.00282160937786
117.6679462455213
154.17182510346174
100.20758878812194
154.7022645547986
125.66503080353141
78.43422290310264
105.61588007956743
70.11604249849916
138.96674060821533
102.85057678073645
89.62573008984327
93.13840791210532
123.17728540301323
114.89834595099092
145.90639942884445
118.3333861194551
114.08685464784503
96.02963245287538
90.96218314394355
129.4670571424067
137.40987893939018
144.94300400465727
105.00771206244826
139.5462734848261
60.036072470247746
121.6679914444685
66.1329051554203
153.90606921166182
111.15496940165758
104.15073920786381
129.66694090887904
129.74381512776017
149.40730569511652
102.24106943234801
150.6011187955737
139.92763701081276
146.73968568444252
104.33210095390677
142.2691641226411
127.33135782554746
119.41363781690598
132.56821160390973
114.28189627453685
148.2360858693719
114.6378522850573
73.83116734027863
109.35753981024027
131.01842233538628
48.42691968381405
65.73656765371561
115.63626538217068
123.81251696497202
122.56593842059374
127.30952055379748
84.67506594583392
113.85883512720466
75.2009962014854
119.81266236677766
181.20826914161444
95.96006770804524
127.8035302683711
155.11141508445144
99.15449415519834
107.87490025535226
160.85735854133964
115.83235474303365
99.706124573946
134.27054972574115
203.1115578711033
172.44035662710667
135.88794146105647
174.8538599126041
194.27317079156637
175.19126541167498
139.04402139410377
171.73846386745572
164.5383327305317
177.61371985450387
177.19568154588342
145.5498704239726
188.0828247256577
96.29246446862817
149.83049808442593
192.22940316796303
158.33659910783172
195.50377962738276
196.0323096215725
125.74499166756868
149.58959971368313
143.68149895220995
195.6513924151659
115.49522616714239
156.8161585815251
160.35576356947422
190.80996627360582
142.30090577155352
146.12370746582747
124.46085077896714
124.26277376711369
144.3268936574459
45.541502594947815
159.14616826549172
190.67560558393598
155.95459946244955
104.73038019612432
173.65332356467843
161.38872991129756
60.62281183153391
51.446164190769196
107.34269868582487
136.66921322792768
93.9914779998362
84.42023754492402
104.12885064259171
98.78627390414476
88.0895173586905
129.9747961089015
112.6243899948895
91.73533276468515
117.94317642599344
131.00349026173353
139.88412273675203
134.44535179436207
97.23555894568563
144.20884734392166
108.84390702471137
76.68261700123549
109.24265520647168
85.93639149144292
113.33781487122178
98.81128399074078
104.77022447437048
86.61391643434763
91.84978968650103
94.67356548085809
64.23730333149433
107.91809069737792
115.52714636549354
112.62770779430866
156.73061981797218
80.34435130283237
141.2462119832635
69.08015518262982
139.56802160292864
128.72379226237535
82.919673319906
80.7572522610426
143.25920695066452
118.68807410821319
126.54041300714016
92.83093746006489
124.5124544724822
72.67382913455367
54.309692829847336
111.56011950224638
85.41237201169133
97.14062631502748
140.63774843513966
88.29614990949631
156.09213702380657
148.22252044826746
110.88847874104977
116.73924246057868
113.82014733180404
112.49131372570992
67.11239217594266
121.70941035076976
120.75495084002614
148.38880025595427
123.24988189712167
84.53584914654493
101.01015799865127
70.43523869663477
127.8469809293747
102.27513714507222
74.47281079739332
141.9258387386799
110.15395586937666
85.9697076678276
92.26077337935567
103.07932620123029
95.42038032785058
154.12879917025566
101.40102645754814
122.28554993495345
91.02564604580402
101.77279136702418
98.7220635600388
126.27175345644355
139.43360982090235
103.41424450278282
111.79946062713861
140.33180928975344
103.62043659389019
87.86770388484001
131.33868818357587
109.11232047528028
120.7131375297904
119.38490531593561
92.7124572917819
127.93519611656666
142.29343470931053
90.32736841216683
111.49387813732028
83.9875719808042
68.07485468685627
113.968859359622
138.17392300069332
87.66976038739085
104.75516430661082
80.21970808878541
128.20168317109346
146.97881365567446
128.3340149782598
114.14165200293064
129.71423514559865
129.07859356328845
135.146179292351
92.67371097952127
118.4198683463037
149.45494880899787
128.04971693456173
145.37817442789674
107.68424408510327
161.9576212838292
126.11312601715326
186.41864340752363
141.21579002961516
123.3726247958839
73.2674273326993
158.44591680914164
109.3608135767281
130.23983550071716
166.93512193858624
90.74748695641756
110.56354923546314
147.67487231642008
92.3024158962071
85.40272971242666
194.644186116755
155.55294144898653
114.18639902770519
144.1183666884899
95.42402427271008
145.691200196743
96.06079846993089
161.08540309220552
139.38216613605618
126.07656854763627
172.4019285440445
112.83003199100494
138.48100873082876
132.66269939020276
124.58497761562467
138.54261101782322
152.47526700794697
137.62822634726763
179.2442126199603
139.82040594518185
95.09264560043812
136.71673472598195
125.04416745901108
78.91285422444344
103.9125989601016
101.4514883235097
133.98041093721986
119.36813218519092
119.08012546598911
139.00301165878773
89.61386576667428
152.208771802485
97.17177602648735
82.53431422635913
122.56263852491975
137.4576551914215
130.5059827491641
93.37085170298815
135.76101069897413
157.31410486251116
151.75224616006017
154.38662567734718
106.0362900197506
120.34432685747743
148.6237953454256
80.56284594908357
113.41711166501045
148.46643759310246
136.10927425324917
100.44181274622679
109.4596538245678
137.27075132727623
88.74208962544799
106.9027776941657
180.2338391765952
153.15516095608473
169.3982142433524
126.58890234306455
149.87365241348743
105.58935676887631
97.17698242515326
129.33183947578073
121.82691067829728
96.67856447026134
141.03617400676012
155.2079613059759
85.41525141894817
151.70961625874043
118.5116331987083
135.15789679065347
127.32524855434895
89.95077398046851
160.75524175912142
102.07692682370543
166.31453780084848
110.96194666996598
130.445794057101
106.59341426938772
156.82333547249436
126.25127124041319
81.60286930948496
194.3053794056177
95.36787496507168
213.22916087508202
151.28185288608074
94.87851330637932
158.47717815637589
169.13342590630054
175.18903097510338
168.82653128355742
78.63449040800333
119.29376019537449
122.40156219899654
131.91497550159693
138.44524908065796
159.86452201381326
130.40022671222687
87.37639933824539
134.50096854940057
136.82825983688235
101.32447169721127
123.2648467309773
113.00949978455901
177.39336524903774
124.2341003678739
161.88910565525293
124.27970162034035
139.24143551662564
100.83568437024951
103.25628340244293
132.49875993281603
107.97642445936799
143.67903290688992
146.59103986620903
168.73763811588287
132.61584493517876
195.75549471378326
163.1719171628356
1029.137717809528
1204.7798230350018
1122.1436892598867
886.6503343246877
740.5201481506228
1143.0599843934178
942.6476976536214
931.8708813153207
1195.8105750977993
1069.1612608805299
1224.9603345245123
815.3865799531341
1281.1511998325586
905.385284435004
1279.4409895688295
960.798612691462
1380.0363121554255
676.1092794239521
787.5122935734689
1038.5847907811403
970.4779735691845
895.8619868867099
805.8135258555412
1154.1133631691337
1277.7366922274232
1014.0174827724695
1167.8475047163665
891.2534557320178
957.7200828976929
922.2382215112448
1083.119855761528
1313.3525857552886
1072.2223998345435
852.5595833845437
1216.4299896210432
1008.1238171495497
1175.2324596568942
1212.3465948104858
999.5612621493638
1014.2291173152626
1003.7694998756051
1041.8907077126205
961.0081143081188
998.6037406250834
844.4743141457438
867.1665907427669
861.3454962447286
1093.8130544275045
813.2172720730305
1070.7110809981823
99.85955964773893
142.0842875391245
95.30170218273997
66.01244331151247
101.27833980694413
129.10260934382677
93.01340987533331
89.3801601678133
89.27477255836129
82.14750369638205
106.30815322324634
108.52715435624123
98.78938261419535
108.41174456849694
105.01040145382285
82.04553282633424
131.8369011953473
141.92671688646078
106.87050713226199
115.85745887830853
106.49290373548865
118.36046843975782
162.6803197041154
88.225953605026
112.2221438921988
111.32542265951633
78.143215123564
82.66052475944161
128.2450187727809
96.18113081529737
103.68065705522895
115.32125233113766
94.64657523855567
110.12173449620605
138.65650095045567
131.2591026648879
77.70026613399386
116.94516218081117
115.49560146033764
63.80364974215627
131.1687807738781
78.88010144978762
94.24239648506045
69.40490200743079
92.84700531512499
113.88394397869706
87.07133396342397
72.284209638834
89.12428269907832
114.17888789623976
158.45027608424425
116.94130291417241
95.31390744820237
89.21892976388335
130.96873504668474
185.66508476436138
53.34788157790899
124.15319817885756
131.1362187601626
102.68021050840616
83.68413704633713
60.88688621670008
122.5550244897604
126.3705125823617
129.5942167043686
53.67231444269419
117.93203856050968
72.45411935448647
95.60056403651834
113.28730426356196
109.90876254439354
114.01392121613026
132.34176052361727
94.05564679950476
92.00960771739483
88.32336277142167
83.69644057005644
107.92195795476437
119.45146255940199
135.47238406538963
71.5941011570394
145.5258120521903
89.60957683250308
131.28758586198092
97.19701575487852
76.34281056001782
124.6743361838162
103.33256227523088
125.44370944425464
90.10359475389123
92.04786705598235
83.32119334489107
102.65833191946149
77.0780543461442
110.84293750673532
142.48401755094528
162.23705511540174
92.76395779848099
100.7298154309392
100.77761078625917
146.60638481378555
99.050691280514
114.04470135271549
151.12959183752537
133.5372279509902
120.21702687814832
122.2155936062336
148.55810568481684
143.01998315751553
97.85206466168165
114.21741973981261
126.11546631157398
113.87692718952894
80.4834564588964
104.8456109687686
144.57928264141083
132.24752661585808
110.72206791490316
109.97587307542562
119.82454327121377
130.85983477905393
80.3298638947308
132.6564166136086
62.344364404678345
107.21093820035458
104.92685895040631
151.82338476926088
149.91354946792126
115.74605302140117
122.69021880626678
134.17523058131337
129.43402776122093
129.56925278529525
169.27158910036087
159.27479976415634
130.8117295578122
145.5782459229231
88.59403507038951
115.525858707726
99.94273325055838
166.87594340741634
105.98213323950768
131.49836084619164
127.24655071273446
143.6366047784686
122.23478002101183
133.7426218651235
125.08328943699598
117.18291727825999
89.24187413603067
6612.650268904865
5984.317773766816
5556.673752374947
5550.55954022333
4133.478734452277
5070.846184346825
4296.6180399134755
5461.027360487729
5622.268053613603
5467.259462818503
4804.474240228534
4538.752778172493
5886.650691647083
5313.477124322206
8995.168820783496
4961.394603684545
4852.458656087518
4603.954917237163
4447.612034276128
6923.131026789546
6935.28044950217
5602.554416503757
5512.330670401454
5019.0482124350965
5325.606999035925
6959.68571767956
6698.760080948472
4320.760477539152
5520.48335589841
6699.4152590967715
5121.990795549005
9678.926595278084
6244.140125539154
6520.852934625
5672.0199942700565
5247.750027447939
7185.051308453083
7389.601380892098
4479.868713095784
5045.715603582561
6436.792825315148
6604.3670086972415
6335.32829676941
7528.498434148729
4614.479001503438
5571.0128830857575
5293.487267255783
7599.297137387097
4320.134790521115
5967.704375419766
223.19443155825138
165.43825962394476
146.91227903589606
94.74305184930563
128.62990146130323
166.92932091653347
171.53126387670636
169.28359710425138
125.65204615145922
189.0116535462439
227.32401579618454
214.36085768789053
189.5612869001925
212.52760232239962
105.7760329246521
228.00538916885853
118.84529387205839
179.97706243395805
182.7817986793816
180.42746354267
134.356564193964
112.54377225786448
111.03010338544846
175.40956572815776
205.25273475050926
128.208787959069
158.42065701261163
105.30030095949769
185.92944141477346
192.0134411789477
187.49851022288203
181.76123063638806
168.8349828608334
177.16122322157025
150.92104014754295
140.5992083400488
163.01503608375788
199.54892376437783
108.1158221848309
121.58231023699045
171.4080784469843
107.95466640591621
147.744681853801
166.66010436043143
117.85724598914385
143.8486909121275
125.7773460149765
196.51761777326465
157.01375657692552
112.81909061968327
142.029531493783
155.48753341287374
170.33097656071186
99.58303834870458
88.21038756519556
155.09430319070816
138.4572255052626
133.35591405257583
114.9651882648468
119.75787156820297
92.6544745452702
137.51702580600977
153.3436153680086
115.81350496411324
118.98751763626933
137.15535985305905
96.7364373318851
103.46091018989682
159.19256582856178
110.86730893701315
146.09906078875065
121.39830989018083
122.06012260913849
48.476172246038914
127.8528179936111
121.03524399921298
139.09964129701257
140.47581946849823
90.56439570337534
112.14472624287009
139.5904521010816
150.6166614741087
116.89106250181794
85.30809228867292
172.80662064999342
98.97762427479029
80.60830271616578
135.6863904632628
121.79293690249324
123.9308439232409
115.484688565135
127.30958751216531
64.43324974179268
88.7856747508049
91.6145729124546
175.4959334731102
152.96494133770466
111.68583061546087
121.76283996552229
120.45135963708162
112.71656027436256
125.40502961352468
149.4388502985239
91.23789589107037
149.38037062436342
153.64081389456987
120.33178410679102
95.66415472701192
139.5484736263752
141.66394232958555
76.42317266389728
105.15378807112575
132.12583954259753
142.59848222881556
122.17153135687113
102.4776786416769
119.06091114878654
137.32076489180326
106.79813489317894
91.33205456659198
102.95917030796409
96.86843110993505
119.23528141900897
87.15544083714485
116.1338077262044
110.09901443123817
98.94973884150386
123.71831284090877
105.36544179543853
123.12444408610463
122.91295780614018
89.87126623094082
103.9736065864563
96.77860612049699
130.66433032602072
156.89801532775164
149.39125649631023
146.75076420605183
147.16738042235374
108.54408670216799
138.31375187262893
111.15526949241757
103.54380445182323
122.125344440341
86.76756286993623
117.18461344018579
117.35953368619084
134.32324985414743
165.42060934007168
99.39882991835475
8133.145759955049
6352.845670584589
5752.689329773188
7252.138670604676
4774.427229929715
6881.084697820246
7607.95635843277
4408.536660235375
4293.918649919331
5450.897897653282
7400.5005430057645
5402.638690609485
5628.888758577406
6204.021801866591
6288.052737087011
5555.429444923997
5787.491627700627
6559.51203436777
5405.278242465109
4624.143379386514
5651.021806109697
6026.746387716383
6245.198854200542
6147.609110534191
7029.231284253299
5969.427527826279
7365.294812202454
5023.489437837154
4886.4956992045045
5678.0139209628105
6671.4331760481
4844.67451152578
4266.758430827409
4679.645319018513
5856.778154172003
7470.228591814637
6872.3011340759695
5937.343096204102
3261.57776773721
6616.809237681329
5293.0546506121755
6520.628636930138
4543.984032839537
3640.3915020115674
6061.699905548245
8742.147576861084
7088.504409324378
8152.574805960059
5030.655265294015
5568.943198740482
194.95020969212055
166.72549469396472
156.67404142022133
204.83037991821766
178.13488864526153
156.42672399058938
138.91436150297523
159.70285176858306
157.99491841346025
112.94172280654311
149.21889083087444
120.07062726840377
166.60304583236575
146.91593727841973
166.82542750239372
184.26369278132915
116.8743347786367
175.4416203647852
179.57116592675447
132.672816272825
126.94131916388869
141.8575207516551
144.53792344778776
180.15921469032764
123.75111535936594
138.60701666027308
179.60770142823458
175.28658558800817
209.03865779191256
159.55175798386335
197.515287399292
119.78329917415977
137.35645699873567
124.01891132071614
216.45024526119232
147.92700111493468
144.22826563566923
164.73081753775477
167.13990087807178
129.83836273476481
163.95368414744735
161.44115209951997
205.86580624431372
137.10780309140682
193.66398956626654
146.70198367536068
132.32425889372826
190.80207411199808
181.79686131328344
169.1466474570334
111.32429981976748
73.33931953832507
130.44359185546637
83.91195381060243
138.0079198628664
115.43323270976543
97.33694955334067
142.7022079974413
76.93865637481213
93.2011399678886
88.69885193556547
106.96976122632623
130.0578417479992
86.79994045943022
88.29620307683945
75.47190121561289
116.06173346564174
103.75096634030342
111.09710289910436
124.62772758677602
136.5992953106761
95.54717208445072
126.96051324903965
73.36014299467206
90.15890719369054
131.4202024564147
53.46342370659113
126.46959345787764
123.07613006234169
71.84340891987085
131.66541142761707
111.36909534782171
95.64758326113224
102.48538564145565
108.9215264134109
91.3861537091434
121.0439657010138
110.31731903553009
131.24618301540613
133.65597736090422
111.92321463301778
110.31756602600217
124.90875417366624
104.32089056447148
112.13401890173554
107.97170766815543
124.1526335850358
147.18006736785173
113.1630516462028
87.27728142216802
733.9016716852784
673.9012749157846
1065.2045006901026
520.7705218158662
297.5412404537201
465.8614872395992
823.9117971248925
645.0789143703878
192.62377229332924
930.3480816967785
744.7569274567068
775.22704449296
1098.6667213216424
996.8067646250129
715.5628049336374
807.2464274615049
643.9019966907799
710.0198339186609
861.3741975538433
681.9967436119914
803.7210189886391
1006.7683606445789
622.9260162524879
476.49348052963614
600.2930376119912
672.191386833787
428.6602587066591
752.4531437195837
626.2015619315207
576.093292824924
923.180449411273
949.7405364327133
711.4487104527652
398.36748230829835
818.4506054744124
823.4495167508721
957.0533829070628
555.7518643923104
902.1215720437467
699.491696998477
930.659843776375
1053.8621056377888
745.5388660393655
603.8515094183385
662.9616485387087
634.9210003316402
1056.4667364358902
1059.6885982304811
657.8774576671422
965.9915026202798
132.17160395905375
123.77717019617558
120.26046278327703
84.56942628696561
114.85169768333435
125.4418148510158
90.40916109085083
127.17089822515845
104.20734748616815
125.40033254772425
119.07888717204332
103.86325323209167
100.20980155095458
149.3947458267212
152.7832557708025
115.12961086258292
130.02559030801058
104.69177148118615
119.31870520859957
99.54843743517995
124.63754598423839
119.3785911500454
152.9053287282586
172.44019865989685
111.63705459237099
96.18452157080173
106.50535292178392
88.8169059753418
128.00623984262347
119.00032532960176
106.92467763274908
98.74763675034046
124.77225294336677
128.81162583827972
77.02598625048995
110.54471833631396
108.35714859887958
69.25878221914172
102.48819269612432
121.73436635360122
133.84415661916137
152.07778675109148
107.0644478239119
109.51196441799402
156.41318402439356
146.37680946290493
149.80124218016863
125.53408604115248
102.36671255901456
110.16809743270278
73.12060534209013
147.22524075210094
129.98776731267571
79.34328266233206
124.22446474805474
101.83658801391721
180.99973092228174
97.00753884017467
137.000401686877
162.47792821377516
134.87561286613345
85.64847814291716
147.30985021591187
56.83378425240517
92.42686378583312
114.27502305060625
117.92924647778273
148.7981724627316
125.19350128620863
88.60383513569832
140.84627393633127
126.72108864039183
109.09814493358135
125.46689991652966
97.6435572616756
143.24157454818487
150.03099548071623
146.23635737597942
76.36761375516653
145.84847324714065
87.74666491150856
144.9371449649334
167.10682689398527
132.88662109524012
145.29760763794184
113.96710848808289
158.67694538086653
146.846788354218
126.34575217589736
125.93617349117994
105.36211727559566
139.2439923286438
135.43286606669426
88.36972951889038
123.24242220818996
122.14846957847476
128.81940919160843
157.86200717836618
86.33570953458548
106.75589119642973
117.24926882237196
150.82487104460597
122.55585967749357
180.24308044463396
180.15172165632248
202.2563104107976
144.98021657019854
137.63580812513828
129.18565713614225
117.55886631831527
153.8393744714558
145.25588211789727
135.49038095027208
137.98631263896823
114.18051262572408
165.74628007411957
132.53290412947536
150.04392215237021
211.51984214037657
115.08606284111738
109.28401780501008
128.59173046424985
175.17588707059622
109.19813379272819
156.93004168197513
141.222980491817
77.01766854524612
141.7492666132748
99.23758279904723
103.09899285063148
155.80512367933989
181.74836672097445
171.28846786171198
127.15646260604262
116.37624702602625
145.82030482962728
142.18170607089996
170.28919815272093
171.07316376268864
195.80549244582653
127.52373431622982
151.69074703007936
137.15199676528573
113.47193025425076
171.42924620956182
178.3221077248454
138.4434075281024
119.66569434851408
102.57911426946521
128.44644825905561
165.00534977018833
104.5306838825345
138.023497980088
189.26464665681124
80.64009046182036
103.48219512030482
106.00084995478392
119.72790461778641
136.47830526530743
174.85194001346827
124.88062154501677
211.17337845265865
133.38101311400533
126.5035042539239
130.18137246742845
122.91198468580842
133.1432154327631
96.75572199374437
132.51376670226455
129.9615719616413
104.66270888224244
136.8875235542655
125.37495157122612
99.67393431067467
109.58973456174135
152.78870885819197
114.77251947298646
121.54638903960586
127.82806642726064
120.80613915249705
138.15830241888762
150.2176557444036
94.76930962502956
100.72045667096972
165.67958001047373
117.86219416931272
121.7528055794537
99.59710401296616
180.84259738773108
146.34699128940701
160.863469786942
121.6735798753798
170.27266170084476
98.37386842444539
136.13865623250604
119.93357349559665
128.70197249948978
130.24074558913708
173.56777122616768
112.93639328703284
955.9362466782331
800.3236255198717
605.7730633504689
746.3411149382591
731.6340149529278
888.2089172676206
660.6919030249119
661.1751051023602
678.390649009496
737.8026682473719
867.8833902552724
795.1590591743588
747.3552085310221
706.346019513905
566.4744287021458
792.1564695835114
647.5570740997791
602.4625791050494
555.7650031000376
532.6999683827162
832.3412636741996
789.4078888222575
582.6333603896201
621.2098839133978
578.4032516628504
728.5079579390585
757.6599140837789
695.4452382437885
466.8117744140327
731.7168096452951
687.0206740088761
761.0119059532881
715.191122982651
571.0855578556657
715.531928345561
812.7812277078629
915.7201861739159
911.0638029575348
560.7908448241651
926.7386674806476
593.6163199171424
574.1956723257899
698.6135133728385
563.0977731719613
471.144445668906
635.6072398610413
464.9534561224282
745.8695442713797
801.3263861648738
838.8031991496682
83.02768744528294
98.6124863922596
89.03600491210818
144.04043427854776
116.49889402464032
111.53083948045969
113.15637404471636
111.93159379065037
87.20487147569656
116.90003859251738
147.36153646558523
97.04744104295969
111.00464278459549
96.09639702364802
114.12437242269516
134.06310154125094
130.94505571201444
129.48592486605048
129.72735151648521
79.41284294053912
99.95326601713896
110.09622724726796
90.4089744053781
152.4705269485712
122.29854308441281
113.56843468919396
116.80190834030509
129.17297357693315
68.29214266687632
95.61373449489474
159.04922996461391
91.9692694209516
125.86880844086409
113.48828549683094
114.9548620916903
118.32383774220943
91.26936734467745
129.6392235867679
108.81021964177489
119.78809231892228
125.35233082994819
105.12230288609862
104.10457944869995
105.54502943903208
97.0929009206593
135.96140545234084
109.37581073120236
78.090371157974
112.92139173299074
85.12212834507227
133.41765421256423
145.13189045339823
79.14528931304812
155.91394072771072
126.14856826141477
118.13239408656955
109.07582128420472
90.33093934506178
135.6634036451578
111.03815412148833
72.44857518002391
110.93696583807468
126.63896625488997
145.26730662584305
113.17790630459785
141.57500601559877
120.40508997067809
107.059835113585
85.0470753647387
120.60645426809788
137.91085866093636
83.50254174694419
111.32921081781387
113.8045420087874
118.99293222650886
99.29583521559834
133.09753719717264
90.38020026311278
145.85443910211325
97.16087507456541
139.35595071315765
124.37337459251285
116.49378472194076
114.33171347901225
120.0838930606842
80.04997707158327
129.4346005357802
118.24868961796165
143.22376736998558
82.25424428656697
164.83562599867582
77.29001571983099
81.2619926482439
150.2509482204914
100.18623221665621
103.6167216040194
98.90980105102062
104.00689189508557
95.74755649641156
95.31797719746828
125.11408943682909
149.94414214789867
113.07667489349842
89.86836774647236
104.77407928183675
162.98623421788216
131.25901756435633
93.49274957180023
110.58990138396621
118.6173888631165
159.06207855790854
72.6851147338748
75.18850222975016
104.80185484141111
105.94700775295496
110.83539126068354
140.33595916628838
76.2035267278552
107.70476830378175
102.04239827767015
122.52510844916105
90.34839663654566
94.79298045486212
93.19348799064755
143.36206690967083
128.48760554939508
91.38777966052294
144.14435293525457
131.86900606006384
129.46037731692195
102.75501593202353
101.58588944748044
67.59504533559084
97.78134075552225
105.10839909687638
137.87990894913673
134.3321560844779
89.03133811056614
153.15325270593166
119.56264758855104
112.21285266056657
102.22091451659799
146.93069492280483
107.31904584169388
125.8016153499484
105.97144021466374
115.47555705532432
100.96711931750178
155.0094693377614
121.52469500526786
150.15819001942873
131.88281040638685
123.83635832741857
123.6072634793818
120.09983190521598
114.50735362246633
123.4659668430686
130.44787015765905
101.15475441142917
90.81668124347925
113.7519354596734
92.147779840976
111.58738956600428
137.60976438224316
80.90279589220881
147.10071654617786
133.1376753076911
79.4516056664288
95.90501188859344
113.31500186771154
123.50228987261653
139.81968816369772
135.1889742165804
104.93401473388076
134.73125430196524
90.47096033394337
113.40441266074777
125.14014367386699
112.15275221318007
122.94660601764917
112.49742665141821
121.87402837723494
164.31271314620972
87.9282206967473
137.84704703092575
98.32080519199371
80.70056805759668
100.55267025902867
88.1207996122539
107.37613517045975
88.14530999585986
106.61517286300659
127.60112762451172
112.87344304472208
114.22224609181285
106.48874797299504
138.32086272537708
101.9496199041605
157.40962520986795
155.393990971148
98.28022127598524
185.05802822858095
136.92035196349025
121.23423490300775
139.5506799966097
143.7971138432622
113.59677302837372
135.26809960603714
126.49591345340014
122.90358820930123
169.83707194775343
129.81902354583144
103.4264928996563
172.06642910465598
116.52711421623826
147.49652586877346
170.46184242144227
174.15895235538483
74.37490239739418
166.0870046056807
152.2192746885121
184.17400919646025
138.9607846699655
179.02974501252174
142.1705804504454
157.22383661568165
169.07193814963102
114.56161574274302
148.85191383585334
140.2652862817049
127.44004418328404
125.54078278318048
125.64539496600628
171.64136995375156
152.9587099775672
150.42197556048632
128.23419546335936
189.91734186559916
169.9403599128127
114.28561137989163
212.07908304780722
139.11914929375052
135.36925399675965
117.53357218950987
150.3743521682918
111.9418008774519
171.1451986655593
129.29568555951118
111.9011816047132
132.82290756329894
84.15657210722566
87.31864547356963
75.89591578766704
57.199460338801146
93.51473078131676
105.94780550524592
84.70514657720923
72.77660689130425
97.10115802288055
129.0040820837021
88.00298080220819
75.79511484131217
126.9553436934948
93.68347098305821
97.51589034870267
78.76777621731162
117.44711631536484
109.69314711540937
92.67726004123688
84.26232671365142
17.689601860940456
90.59578471630812
102.66806665435433
66.61256058514118
103.68672109767795
99.1847611553967
95.35834959894419
79.40631245449185
108.9656100422144
70.12473502382636
64.59468559920788
52.59833042323589
133.46122439950705
101.22685872763395
112.47144512832165
82.7512038089335
79.51596190780401
85.97208173573017
49.35955934971571
94.14649933204055
92.28650695085526
76.16799215599895
116.08834552764893
126.55318611115217
111.05321574956179
89.56986238062382
91.72695672884583
99.8462159410119
95.19604994729161
61.767518043518066
96.16307496652007
140.44865611195564
114.92859572172165
103.50825954973698
93.4635955169797
123.54214362055063
68.74184453114867
113.45403875410557
135.34844096004963
86.71882676705718
87.62012554332614
89.76297023519874
76.02970572933555
120.27701954171062
129.66950162127614
99.95900331437588
100.3818929195404
96.91896867007017
93.07147628441453
59.91969094052911
88.56672512367368
73.29247011244297
116.87057442590594
124.79943304136395
105.58665641397238
108.2020429559052
99.65170887485147
96.23454561829567
101.45697163790464
150.1427427455783
71.22866731137037
85.6703648455441
123.47951570525765
77.81868864223361
85.74554571136832
90.96576672792435
90.70571837574244
97.70454143732786
118.37806771323085
91.81717674061656
116.06047777459025
99.98529673740268
121.5980215370655
82.27990770339966
112.92521855980158
133.66638012975454
142.32127709686756
137.67301551997662
62.71280914917588
71.59491514787078
134.072480738163
126.61549654975533
126.75397996231914
135.61104299873114
139.89187137410045
77.68703380227089
95.780138541013
185.36120884120464
104.54733559116721
84.41742366924882
138.9757841192186
103.090193066746
100.79233203828335
75.2824982739985
130.18433570489287
77.8856877759099
66.15160505101085
109.95905135571957
141.79222878068686
141.3154230080545
81.7634057700634
112.21693919599056
78.79305270314217
96.41184611991048
162.6627989038825
92.30969528853893
187.04207284003496
80.16268320009112
66.0660767480731
128.81934864073992
106.11674417927861
99.32405400276184
152.28427850455046
150.69397182390094
86.83441423252225
155.66332507133484
116.81999230384827
98.22529232129455
126.98912519961596
98.26661838591099
69.23506865650415
116.8893811404705
39.18512497842312
122.89654073864222
124.74995333701372
147.40977465733886
134.02789983153343
121.17473425343633
46.02004884928465
102.52218462154269
71.13417447730899
126.27413105592132
132.08603483438492
117.37430731579661
122.09734475240111
140.52456711232662
61.21610462293029
114.78417900577188
95.19499842822552
85.39135899022222
121.33404010906816
121.728649828583
112.26264154165983
116.23414746671915
132.17971858009696
121.62597915530205
167.37126471102238
77.38529972359538
75.05909862741828
105.84595584496856
67.65489576011896
84.26525286585093
111.47446756064892
105.72071905434132
88.0463995449245
99.66623362153769
116.56875891983509
148.2241185232997
130.70207654684782
113.800895139575
86.93113145977259
87.34885505214334
134.25629038363695
89.93959254026413
125.74262462928891
123.06123295426369
95.14300401508808
122.40269425138831
87.77141200006008
165.25539682805538
122.52397440001369
105.69844406843185
122.73592189699411
129.08800162747502
131.50910425931215
110.48474235832691
82.04498220607638
112.85851481556892
108.1983684450388
128.84999822080135
84.80643565952778
79.27240359038115
105.48138499259949
86.48435720428824
99.88950474187732
96.77530996128917
102.48188402503729
116.15662701055408
115.29600624740124
102.48253989219666
117.94114013388753
132.44317293167114
62.580469094216824
77.2159320898354
124.79944211244583
115.0133672170341
104.51099128648639
110.07693326100707
90.14796094968915
120.89445250481367
107.97068693861365
153.75747365504503
113.94029657170177
123.18261737003922
102.87833287194371
74.26658655703068
134.69604421406984
95.94040266051888
106.89253723621368
88.49189093336463
133.08870041370392
142.89592886716127
101.99587367102504
98.44619886949658
101.01829214394093
130.48852763324976
77.9139598980546
83.74317468702793
129.87164724618196
87.91936069354415
145.38558772206306
94.69454957172275
120.65029635280371
119.72173848375678
82.79227375611663
96.3069293871522
112.31333812326193
77.66682570055127
74.75288233533502
74.20631850138307
150.5395915172994
102.47377083078027
146.23023915663362
152.0655741468072
123.14378058537841
145.97822492942214
151.53666798770428
128.8632986061275
132.4805494211614
119.58404751121998
162.82724902033806
124.55837297439575
174.61197043955326
143.24205796793103
128.06819335743785
115.99758166819811
158.32657476514578
93.645581651479
112.74108060449362
142.81015817821026
192.78844079375267
159.3375545218587
131.28502649441361
99.11435714736581
120.6894770078361
139.18993185088038
126.1826977096498
111.32571977376938
100.81661637872458
116.75463411211967
113.35580086708069
88.51552886143327
153.5993838235736
145.45689334720373
110.07113325223327
131.3326875604689
150.61060524731874
180.92958944290876
167.50659324228764
106.32924591377378
126.52678437158465
134.1517506055534
140.74592685699463
87.25110847130418
147.29157833009958
105.88773542270064
93.49429650977254
151.82315273955464
121.54510343074799
142.63559622317553
175.54502850025892
182.876952894032
86.66400480270386
105.2068046182394
127.48537499457598
61.70976559072733
169.3681559562683
169.85684271156788
161.83375266194344
152.65468921884894
143.7398528084159
154.42223691940308
217.03324699401855
71.18503151834011
123.61079138144851
135.96901619061828
117.99869948253036
154.40382351353765
94.32578455656767
77.95526529848576
167.0037211254239
110.0945061929524
128.36769108101726
110.61435256898403
149.12022913619876
127.0267201885581
78.61911919340491
105.44640524312854
66.6756061911583
175.37297087162733
133.58315091207623
108.7569512873888
90.72857004404068
100.00567689538002
95.69559167698026
166.0697707273066
82.45493130385876
96.83706020191312
187.67674563080072
82.00363036990166
111.60513374581933
100.75951071456075
137.0706542171538
116.8751715272665
174.603765450418
134.28906767815351
175.61484038829803
136.4159359075129
113.3382702767849
172.71205738186836
76.82504637539387
73.16316588968039
75.92405652627349
122.91125899553299
100.90691255778074
80.49416115507483
62.268557108938694
72.0055288746953
87.10013817995787
100.60399716347456
72.20432488247752
91.91073654219508
71.50071663782
36.46029852330685
84.69290985539556
110.22440411895514
75.79248087108135
55.706104416400194
79.45860795304179
80.41085970029235
87.27866894379258
75.05100614577532
94.10948520898819
63.60059938207269
80.44314917176962
70.3054932281375
60.65015748143196
101.99207647144794
85.49770814552903
77.83878728374839
59.585449166595936
47.16336916014552
64.52414905279875
115.37413105368614
41.9736839607358
74.25849106907845
84.78299941122532
103.66818690299988
80.57133530080318
97.26241977140307
75.31230422854424
52.778273444622755
73.37128342688084
47.28860219195485
68.34574297443032
75.30734010785818
77.45705936104059
76.28774939849973
93.4663905762136
78.63863348215818
84.01566518843174
148.1702272668481
156.34167867153883
146.52263735979795
167.6390355154872
92.37137672305107
97.47438654303551
141.4931238628924
95.83310586586595
129.69602574780583
122.98320266604424
158.22975933551788
153.6843230649829
90.47999162599444
136.95933197066188
105.58085817471147
120.47328114137053
107.35460057854652
149.304235085845
136.2019463852048
142.91608706489205
136.39608357846737
132.0620333328843
180.6840331479907
152.87884257733822
101.33048421517015
82.0590205937624
169.4986618310213
118.34526290744543
151.8967261761427
92.45797111093998
116.39654251933098
143.1757740266621
114.21869675442576
121.56537794321775
147.47502014786005
126.77689522132277
149.64699804782867
132.41541564837098
159.0947135016322
91.630012024194
102.25754970312119
138.52504966780543
158.39666128903627
119.58420616388321
172.9096871316433
152.04428388923407
138.7220041640103
115.12342476844788
152.0082586556673
109.62303801625967
114.94659927114844
113.43919777497649
71.9468605518341
95.47796313464642
116.42690555751324
61.18794183805585
136.06993719935417
103.71079381555319
149.48336221277714
115.59077876061201
73.76056307926774
130.80423039197922
109.93020232021809
125.87130600959063
99.60120633989573
122.76923985034227
142.91448464989662
81.7454493790865
136.30912545323372
158.98170261085033
115.75529861822724
106.26682988554239
125.28464579582214
119.49663319066167
70.38505472242832
84.46129085868597
99.59952600300312
105.20142974331975
90.85066602006555
105.57564996555448
141.51682005822659
137.2656249180436
94.15486165136099
125.5820736810565
127.2383290156722
152.6836549565196
117.56792154535651
97.06321911141276
108.53849927708507
112.68339863419533
143.33287094533443
99.15777579322457
97.40205449610949
96.15655016899109
94.41197395324707
121.85044137015939
116.61123316735029
100.57196616753936
115.1345517039299
154.27050729095936
144.85968996211886
111.87080131471157
141.04927210509777
104.8852206543088
132.14618975669146
108.30692844092846
164.02914571762085
155.90876283496618
123.48195867240429
142.96767295524478
137.4944665208459
67.2095357850194
140.1074358485639
136.69948921725154
129.30231714621186
78.48029334843159
112.99774119257927
171.3086388334632
118.83979276195168
118.48020607978106
110.52462566271424
176.9997215270996
169.90191980451345
174.55849005281925
122.08962797746062
103.83513670414686
156.99603167921305
122.96950591355562
157.22162754833698
197.23206056654453
125.71667383611202
97.81584338098764
133.66872557625175
128.86967900395393
104.30030884593725
98.00799332931638
166.2883188650012
152.80556795746088
141.30900805443525
90.5381987132132
69.98979229480028
127.58217610046268
91.66554765030742
132.28346733748913
158.9478928670287
72.87731134518981
118.2591141089797
153.6214310452342
186.6548340767622
120.22152800112963
162.06318429112434
191.6036007553339
134.80930901318789
148.7572321034968
135.7712770588696
110.8487660177052
156.38691174983978
166.4286365583539
163.70524958521128
96.34697779640555
96.28049119189382
129.73917261138558
153.70227420330048
153.3611268736422
141.81683569774032
151.26812678948045
167.87506330758333
162.8620027601719
126.86507232487202
115.68038572371006
164.4827896207571
166.08927474170923
157.4920425787568
187.05590534955263
169.40034533292055
135.423508644104
162.41719941794872
149.19076781719923
108.49773041158915
147.486648183316
158.13529439643025
75.99330138415098
154.4277152940631
161.6851263344288
63.11926978826523
119.72747288271785
129.4767782203853
139.27513394877315
123.25438690185547
173.8494461029768
112.14833423495293
114.89555424451828
124.16514779999852
150.79495100677013
122.69916060566902
157.00763257592916
119.90884489566088
97.58531464263797
203.18795311450958
89.97332676500082
104.86058821156621
146.52266908809543
144.6049247533083
122.5595489218831
93.54415158182383
94.02751102298498
103.92306925728917
151.27135127410293
106.39782894775271
150.6743513084948
154.39635001122952
127.04714353010058
121.92524026706815
168.8546628728509
98.99432677403092
123.95879530161619
89.74861925467849
135.48625955730677
92.450538367033
102.07624558359385
180.02327187359333
110.94185986369848
133.83448575809598
129.96044746786356
175.13536048680544
105.82650232687593
122.15811961144209
89.85463738813996
194.41544431447983
102.36526029929519
123.34218084067106
93.83072166517377
145.88201506063342
183.95346942543983
143.50203002616763
165.02659818530083
74.94039447233081
115.05820643901825
121.61791309341788
159.03520400822163
138.2425393499434
180.76697993278503
149.61789551004767
137.62006657198071
130.82744996249676
124.5494147837162
115.97912012413144
127.80534046143293
88.00702469423413
