294.0
414.0
411.0
336.0
418.0
422.0
422.0
382.0
421.0
421.0
426.0
418.0
429.0
419.0
410.0
415.0
409.0
415.0
365.0
419.0
365.0
370.0
409.0
421.0
90.0
395.0
411.0
420.0
421.0
426.0
407.0
413.0
408.0
425.0
419.0
365.0
427.0
421.0
416.0
403.0
422.0
410.0
386.0
393.0
424.0
427.0
415.0
404.0
304.0
415.0
409.0
403.0
354.0
340.0
405.0
400.0
418.0
423.0
414.0
418.0
425.0
420.0
409.0
404.0
425.0
390.0
411.0
426.0
425.0
398.0
427.0
373.0
427.0
396.0
421.0
403.0
419.0
416.0
423.0
429.0
426.0
424.0
422.0
414.0
194.0
423.0
407.0
388.0
403.0
412.0
415.0
413.0
410.0
393.0
309.0
426.0
413.0
420.0
420.0
419.0
