136.34643991291523
76.61629933863878
66.57244484871626
93.28948476165533
103.81886164471507
123.9568455927074
129.08664721623063
94.54860572144389
176.34303156286478
130.81031493842602
171.83240473270416
125.53140042722225
99.43177562579513
148.7079138122499
150.33223838359118
108.41752486675978
121.41295351460576
136.26756054535508
69.99671564996243
110.94708345085382
123.67511675134301
177.28821896761656
110.14054100215435
110.75752927362919
123.0037294216454
107.86677596345544
141.8263292387128
136.72313509136438
83.09738716110587
154.92656968533993
55.17824473232031
65.90749154239893
147.63165568187833
145.9688654318452
191.58790708333254
149.4534947834909
57.489119201898575
138.19046660885215
87.61380910500884
110.54164789617062
80.05663036927581
122.03242161497474
160.14590175449848
61.940019592642784
161.05175691097975
135.55830394104123
165.9405234605074
109.21012395992875
129.64630054682493
68.65469078719616
4961.821989841759
6196.587565224618
5591.592733345926
5229.86736016348
4833.4588613808155
5533.184100288898
5791.876709446311
4516.350825950503
5938.820927675813
6315.622461050749
5430.153605468571
5388.197989929467
5903.814037531614
5286.320237293839
5598.052778374404
5919.879580881447
6307.895906507969
5087.76641920954
5277.255782369524
4481.0340267159045
5339.149017110467
8293.069852404296
6927.5779471844435
4187.849858254194
6228.408659573644
4879.885779805481
5373.575917158276
4863.579718098044
5188.083396241069
3916.401529200375
6170.766101300716
8054.217143237591
4948.997358895838
6332.548548992723
4512.681796737015
6580.983974032104
5610.926450237632
6437.918106790632
4390.48340960592
4568.754305806011
5305.8116413243115
7037.881658218801
7177.6413439288735
7473.556107886136
6762.535102151334
9037.844676353037
6842.9233712777495
5786.770817425102
4318.149017497897
6159.849860142916
104.27807992696762
150.5721593350172
128.59570972248912
142.8374524973333
124.27197552844882
130.64912629500031
91.28971417620778
87.7279728576541
123.51424563676119
121.90068676695228
167.3566993959248
174.6344889625907
148.9950707666576
183.3625654578209
112.97888920083642
221.91303680837154
115.1698917299509
94.29291198402643
141.80027693510056
91.59007842093706
190.37305466085672
168.55487913265824
148.78373739868402
164.23269702494144
154.99404054507613
113.21733571588993
180.42517998814583
172.67083875089884
80.81993705034256
170.8889959231019
138.14147432148457
186.8321647197008
175.06537624448538
112.42948442697525
116.92914512380958
124.20971902087331
165.83459838479757
176.26066778600216
126.44400888308883
128.67190933972597
104.29900887235999
186.42514375597239
125.01010989770293
111.37260939925909
163.62361170724034
83.3273393958807
126.37029189616442
177.36084768921137
173.51794344186783
132.65577670186758
84.58215016871691
110.35677497461438
98.86071256548166
112.98589683324099
92.4192226678133
149.56732773780823
86.8705434910953
113.42627814784646
144.19352918863297
92.91391983255744
65.5986813865602
61.552332155406475
106.71116023510695
91.15546832606196
105.70759494975209
51.38994871079922
86.80598586425185
68.62435041368008
115.67170518636703
132.52524531260133
72.70007699355483
102.02628642693162
96.44465883821249
136.35746644809842
103.33387621119618
136.88452131673694
77.98217246308923
110.74498762190342
86.60827994346619
86.99382542818785
127.67438067495823
116.09632580727339
118.00616906955838
97.5473952665925
34.408767342567444
101.72942258790135
78.50442535802722
101.84782174229622
121.73055116459727
43.521489426493645
87.70027329400182
123.370940040797
94.22067667916417
111.00714342668653
151.0493837222457
101.9437650591135
80.2196151688695
84.07862697914243
80.58573329821229
163.0003057718277
176.7973127886653
101.54242770001292
82.95043198764324
144.24255124479532
131.26238292083144
180.36784014105797
130.63364072144032
155.10673662275076
144.1891511902213
128.7272843271494
124.91208393871784
117.73355470225215
83.28126267716289
98.19836509600282
139.3650642707944
131.23785561695695
116.10773567855358
114.66905026510358
117.38830730319023
96.54482958838344
129.98032390326262
169.3928085193038
126.51094811782241
107.33755620196462
111.49544917419553
100.19299084693193
163.41780491918325
162.89521668106318
108.11800176277757
119.2344175055623
163.41629353165627
145.1973499059677
115.4584645293653
159.5975110977888
67.22613640129566
132.9567302390933
153.60149446874857
77.25544485449791
78.12262110039592
119.86310556530952
122.4972984418273
78.7801715284586
89.36843026429415
133.4806840568781
139.56745276600122
188.68412732332945
117.55738787725568
200.06778090447187
150.7844725996256
157.98428213596344
183.72811759263277
107.59548982232809
98.72890791296959
102.05441080033779
119.27570359036326
124.65683105960488
105.40927213430405
96.50086459517479
106.27748052030802
144.67564501985908
59.22272337973118
161.0229841247201
109.0558209232986
106.72623413056135
172.95755310356617
158.72900059074163
169.94103846699
104.71733765676618
176.18198981136084
146.2571613639593
112.51597156748176
110.99699572846293
130.11941871792078
100.76459972187877
146.16113179922104
94.68886451050639
107.61672388389707
141.73516216874123
173.4114768654108
142.80484983325005
142.45934278517962
124.94881504029036
124.4744014069438
143.03797175735235
89.75502625852823
116.53818429633975
161.19788814336061
113.04569444060326
91.76744662970304
86.16779375821352
83.96927701309323
153.27507400512695
123.7781737074256
144.6629938930273
148.01385809853673
90.58790262788534
147.1852978244424
86.3576447814703
132.61338778957725
143.22482143715024
100.14061882719398
95.78737849369645
132.79983127117157
93.90863122791052
96.54099363088608
65.3139365799725
106.08238268271089
71.60750021785498
111.27458871528506
107.74764892831445
103.23771515116096
88.54326283931732
107.59159430488944
114.08304300904274
116.55581111088395
107.91923671215773
84.67687330767512
83.84353169426322
103.25519505515695
75.04970641806722
104.62304512411356
157.40443930774927
98.7194747440517
123.24879177287221
108.97875070944428
109.84326253831387
117.48027093708515
99.247130099684
126.78330759704113
101.56844739988446
112.78285471349955
156.56323175877333
114.33022549375892
123.2568488381803
122.15714195370674
101.02426258474588
112.09304713830352
105.28171192482114
95.59908524528146
129.36631658673286
112.10443338006735
123.04260319471359
75.41112295910716
129.99569939821959
116.62894779443741
133.2908814176917
104.41113871335983
107.6666044332087
106.98317250981927
126.64115471765399
131.69083915650845
103.00484548509121
132.39992897585034
153.40176403149962
177.03684471175075
165.59798844903708
197.98945005238056
172.11604975163937
153.00827027484775
221.65192049741745
152.74780391156673
146.144023694098
162.32998559623957
236.88755222409964
81.0077563598752
149.59925935417414
89.77181641384959
214.05911774933338
154.89505318179727
100.62324433028698
111.14369009062648
148.351803611964
156.82068760693073
161.38444337248802
141.2778935842216
227.9516742452979
157.15616270527244
165.78706002607942
161.452482663095
98.17911009863019
158.91764641553164
134.26425464078784
148.7652615942061
171.93082424253225
218.01247560977936
166.83502121269703
106.2114555425942
138.26465109735727
158.29351235181093
194.82452335953712
162.99058423563838
214.36076138913631
101.76475778967142
136.39706405997276
170.09516187384725
137.3294279500842
204.29316722601652
119.62202585488558
168.26211340352893
118.54043814912438
136.17579692974687
104.78798481076956
166.37664501369
112.81038296595216
180.36046268045902
162.24826300889254
74.78958596289158
173.45331029593945
190.74071399867535
104.49304941296577
141.21420849487185
114.30704556033015
96.29625337943435
93.8181554377079
112.61923613399267
122.95662853866816
123.60125518962741
83.77633697539568
150.56399105489254
95.24501690268517
98.83156712725759
98.95763934031129
85.71494603157043
150.21755236014724
134.64710875228047
131.6711636260152
149.999777790159
157.18900764733553
165.71461912244558
174.78811593353748
162.46904633194208
89.58232349157333
119.71731824055314
191.67143846303225
136.0753446891904
100.2339721545577
83.79768119752407
140.47417026013136
127.76550417765975
124.06110816821456
120.26228932663798
182.24254678934813
107.01844009011984
134.66994542255998
85.91010451689363
221.79647301882505
108.97704995796084
124.83525950089097
117.32200145348907
173.13895265758038
5195.688539788127
7012.525996647775
6485.202823184431
6520.212254866958
7583.15287810564
7747.236509919167
5553.664734147489
7336.423880919814
5885.618558499962
4708.096443805844
4703.866852000356
6605.842189244926
5096.412296615541
5514.357867766172
6617.922270774841
7237.107666235417
6522.443426076323
7691.489274308085
3517.918813560158
6534.146982632577
8689.956426985562
7289.337638709694
6652.537602771074
7396.607610680163
5612.896816037595
6384.292690683156
5631.557907771319
4661.963166810572
6238.636132631451
5887.892098780721
6405.012596134096
5605.06773320213
7672.403252877295
7228.181035075337
7516.448802627623
6960.492459230125
6509.272713225335
6027.008441377431
6358.3464883081615
4172.766968999058
5196.627087447792
9379.439494527876
6370.910183236003
4910.3122965842485
4118.784939356148
5641.490060843527
6120.153037890792
5704.339248485863
8537.961262144148
5787.27753399685
108.93814179673791
130.54112751036882
116.28027387335896
78.06398944184184
95.3588204793632
117.89152429997921
125.74935881793499
74.42020938545465
162.25072433054447
158.27315429225564
156.45257462188601
105.67241635546088
126.17511768639088
141.65385119616985
158.0744187347591
118.50934734568
116.3710065819323
158.6337899453938
138.45590484142303
99.41190312430263
95.4045161344111
123.91868210583925
64.64660193026066
145.58036374673247
92.21849302947521
128.70432206988335
112.3643834516406
85.16334304213524
122.9174750521779
167.9688924178481
72.9801958501339
90.12493803724647
158.860858310014
174.54638432711363
180.9981717914343
139.02543138712645
85.87952975556254
108.155757419765
172.4350062981248
179.6301195845008
108.23413485661149
174.24874264746904
185.7173619195819
127.7237145639956
112.98854701966047
74.07613959163427
115.02643344551325
131.99266887828708
123.35980843007565
105.50856947898865
5671.766724329442
8141.724182672799
5705.942032139748
5740.034048181027
8461.918703503907
5478.608453117311
7446.070901427418
5441.561452772468
4752.646517124027
9193.761814646423
5766.299228608608
6476.410268794745
5094.549032196403
6073.213259268552
5074.965462848544
5332.185389131308
6457.581827554852
5335.446339003742
7134.642590418458
6903.603982169181
5454.91428155452
5472.004699930549
6867.993201211095
5979.184788666666
6049.992599889636
4489.906709164381
5967.458680208772
5500.188835181296
4458.431273020804
7518.889999732375
5749.750005662441
5064.6839854978025
5661.102077499032
6462.937534820288
7745.650110181421
6132.412453368306
4041.5886310078204
4518.703437764198
6144.994760043919
6384.261020109057
5735.965061929077
7886.105737268925
5482.114710379392
7661.404220819473
4409.640438884497
6331.691429231316
6164.903371825814
6194.6022409163415
4668.4749817065895
6758.388459984213
107.79394186288118
112.65158202126622
109.55506788566709
148.96623166650534
140.86995156109333
141.95533860474825
129.90001433342695
168.32969895750284
129.38270026817918
115.46452547982335
109.98852634057403
113.77038444206119
113.83709777891636
108.17830046638846
111.01419670879841
107.92124073207378
111.21231971681118
89.28113240748644
149.2490760013461
111.91266930475831
131.2683700248599
139.4116664789617
150.08456914499402
154.94781151413918
73.75453595072031
140.37460221722722
119.68132374808192
161.52312706410885
110.36651434749365
104.62904132157564
104.21613012999296
121.36889864131808
162.839626185596
133.02068070322275
118.26395783573389
96.04647904634476
143.6854899637401
111.62009476870298
96.02695278450847
102.47674272209406
124.30201566591859
120.45408522337675
73.80388835072517
89.8269477635622
100.38153333589435
147.12589913979173
165.82715768367052
109.03132661432028
138.50392105802894
146.5072026439011
129.8861324377358
157.85452632978559
118.6768479757011
91.12977363914251
143.92422565072775
181.03380945324898
151.5114204287529
134.56444538012147
119.989144269377
90.7351349145174
71.0018707960844
141.22997477650642
119.90205743536353
93.88125042617321
104.3566410690546
155.54371482506394
127.70376333966851
106.50686343759298
176.50987900048494
118.56713319569826
131.4307101406157
60.633205719292164
132.9650290645659
116.46158095449209
105.41311731562018
98.42373993620276
177.6235824674368
140.8485183492303
104.62788269296288
134.78292605280876
122.95394812896848
180.59459787607193
69.36327791959047
151.23486880213022
146.95311971381307
168.92234253138304
92.81036579608917
93.27611092478037
94.41889519244432
142.70944633334875
103.66843170300126
150.23313361778855
94.807418320328
203.21210630983114
127.34222782030702
130.22530175372958
120.89340336248279
96.52464630454779
165.36522694677114
40.05057820677757
87.96530723199248
125.3633601218462
134.28349221497774
121.45304497331381
135.01909047737718
165.78851440548897
119.29017217457294
156.1755907163024
143.24853482842445
122.13928587734699
115.73834818974137
83.98830245062709
150.49313939362764
150.77920320630074
133.69776609912515
118.14856488257647
152.0067106410861
112.23562929779291
124.55338595435023
90.5480075031519
93.77915640175343
108.94700761139393
150.5827996507287
148.2326227054
88.78176927566528
91.95194103568792
130.41990243270993
124.0515048801899
81.56895053014159
145.41644801199436
136.16507122293115
78.51598607376218
138.78503017127514
111.85426130890846
118.76575114950538
113.28125770390034
144.77315685898066
130.1768735833466
110.99561079218984
67.71223440021276
91.99238478764892
138.43088853359222
156.58052866905928
120.48378461226821
132.57731775194407
144.08705285191536
150.22824945300817
134.46863957494497
124.89694010838866
156.48616205900908
253.49226791411638
199.92403854429722
187.00149032846093
169.69273455813527
226.6832716614008
281.49647845327854
244.12755005061626
179.60944121703506
253.57065696269274
221.62813303992152
192.0720949433744
252.24854873120785
185.2025134526193
231.7405101582408
160.81255690008402
171.86020448058844
260.8380998522043
166.9944676682353
182.52471221238375
240.05098548159003
212.7295815385878
189.02719444409013
278.755740724504
202.6407102048397
164.94258261844516
292.9861776381731
241.36702411994338
225.73453864827752
219.31880386546254
171.81009147316217
185.9767659045756
292.3661433160305
215.27713080868125
193.93316953629255
241.91168542578816
139.1395192220807
182.80609442293644
91.66498598456383
259.7918900474906
239.87709371000528
225.16831594333053
187.95623851194978
185.61505687981844
201.8531934544444
224.1076566502452
264.76372170448303
254.85007458925247
191.80666656047106
153.56686787307262
169.62941301241517
97.22718672454357
52.314011074602604
93.58263562992215
139.53063852712512
97.21629809588194
132.66995028406382
92.57630169764161
83.27750093862414
129.9710543267429
179.66553482413292
110.62984071671963
96.2682650461793
149.70935946702957
81.89519698172808
137.5676326006651
159.36328694969416
75.4824837334454
72.91538042575121
131.18692637607455
84.26089564338326
138.58019284531474
103.54110911116004
90.81581902876496
134.17495703697205
68.65311393141747
116.65047200769186
129.7316104285419
111.5968851223588
97.32759765535593
79.2599035948515
167.13816345483065
148.63102699816227
106.9314814209938
134.3123227469623
188.5534317716956
109.31323278322816
105.1530840061605
140.25004662200809
117.87132482603192
122.92977828532457
143.5894171334803
175.1107815951109
89.41426333039999
112.39659562334418
201.04098317027092
138.51567916572094
128.9890288040042
106.6182078011334
167.60543059557676
127.85575644671917
752.4877541735768
543.4848955050111
673.7678685821593
729.5389718040824
583.8306130543351
396.89840243011713
542.1727554239333
827.1726127043366
583.0449225790799
811.3464199230075
837.4288736954331
636.5039386413991
656.3008005097508
816.2507514581084
485.0571877360344
640.8911051154137
595.9565575160086
634.8467449694872
678.7510921806097
575.2135122492909
620.6331325285137
534.7236134558916
556.221292488277
408.06015703454614
657.4365558587015
497.52812791988254
691.5140955969691
440.14166213199496
385.6522606164217
592.994017701596
771.1461852639914
507.10235852375627
636.9487641379237
546.3859275691211
546.3697098754346
493.3192588239908
528.9879837669432
572.310499496758
615.9940867200494
739.2034671008587
697.859997227788
628.4184183515608
592.4002899155021
704.5445931218565
577.5612598694861
419.19756143167615
736.8115860298276
625.9130669347942
500.8285404369235
369.3236998207867
6686.120226096362
7770.019626818597
4676.438006363809
5669.1497610248625
5676.123514842242
4630.816903810948
5853.386941082776
6242.394121002406
5413.620756763965
5295.833396825939
6695.569733008742
7350.651986442506
6949.002794679254
5449.22637212649
4120.703600499779
6942.261283848435
7962.652178518474
7301.5410430803895
5333.822963178158
4750.3424752391875
7489.921274058521
4372.1056588329375
7122.863513253629
5294.563105326146
8464.192441515625
5914.260691933334
5014.279646892101
7093.715746760368
5800.912444598973
7613.046481072903
6034.841422956437
4084.3401687555015
5654.833013407886
5788.352544751018
6839.163349721581
5808.642265833914
4428.260306961834
5685.422750148922
5400.59451809153
4429.304552040994
6921.745881255716
6656.850634261966
6216.877148680389
8879.62775350362
8128.926540866494
6700.8655637949705
4923.903278518468
7261.011277727783
7456.363392062485
4329.565534163266
240.7641663402319
336.1409261152148
222.81255100667477
277.1105694435537
338.27424017712474
322.33801881223917
246.24974920973182
263.5708456598222
320.0629012584686
136.3502917587757
369.20399254933
287.3098241351545
330.5685819685459
397.72648430615664
399.16051287949085
424.2716036066413
348.35047006607056
253.34120109677315
294.5301909148693
176.85256458073854
357.40895054861903
328.9031045921147
384.092183124274
384.95896081626415
450.8431202247739
306.112983353436
376.21420361474156
318.93549658358097
282.62084072083235
284.44726015999913
298.74425295367837
371.95266933739185
202.15262276306748
443.23452354222536
307.2643618173897
266.6372801102698
243.85573091357946
380.2962696775794
294.8350700587034
377.4569666348398
335.64365335553885
372.32357677072287
230.53586760908365
272.38945151120424
355.5164748542011
298.932828117162
260.79287914931774
276.9283914156258
260.9931830391288
347.40870210155845
99.21232336759567
134.9322374649346
89.6361221075058
37.48272641003132
94.32363256067038
163.66725037992
97.60522990301251
144.8051993995905
134.76213557645679
116.91210575774312
119.15180492028594
120.58458244800568
174.39698618650436
126.13999535143375
168.9800687432289
157.15301817655563
115.85077005624771
52.571462862193584
91.24295103549957
96.38526423648
174.1027414277196
132.9347174949944
86.51572261378169
160.89368725940585
97.08450526744127
148.26654832065105
106.12109277769923
65.62162034958601
137.34809350967407
145.61135839670897
172.79977526515722
139.71748780831695
166.19374308362603
162.384970176965
190.74055710434914
95.8964662142098
95.21164368838072
165.8390713557601
205.05037797242403
204.6209251359105
123.20476141571999
110.64377956837416
207.2400590032339
156.98157681897283
144.47022280097008
115.9120678678155
111.1413254737854
147.06468223035336
205.08425580710173
111.18224535137415
198.8173619955778
225.66688058525324
185.3702629879117
179.4255484007299
166.98523600772023
155.23483694717288
228.3006588295102
152.66768381372094
211.31443855911493
122.79564077407122
214.63996427506208
166.7241426743567
151.21914015337825
139.54159493371844
204.1664420887828
150.07692125439644
169.6936758235097
197.9870252534747
125.61996767297387
102.29706382378936
137.08890284970403
184.45775716751814
105.5535082668066
178.59117460250854
142.72861967980862
192.74131860211492
108.62940330803394
237.31191854178905
219.6179979890585
216.5795193016529
75.32027336210012
197.09802508354187
171.2415792271495
145.06974153220654
182.79477832093835
93.83550900965929
171.39292642101645
167.1532304249704
109.52631709352136
132.71196343004704
182.8995051495731
146.31581794843078
162.70006691664457
96.98005429655313
158.83994657173753
191.94008619338274
139.30686125904322
215.72755867242813
146.49942373484373
145.74739411845803
190.08843149617314
355.5675434321165
260.1882874146104
266.5630140118301
280.1951115950942
308.31242106854916
210.91369845345616
220.1410581432283
225.1415570601821
188.1438915207982
258.92203824594617
333.64597173780203
218.9878437370062
272.24559401348233
260.79564287140965
313.56669407710433
376.4655454829335
336.95518182963133
275.65761667490005
365.17160876095295
356.44607377052307
262.4300035685301
143.74478053301573
262.5608921609819
221.96608331426978
265.4849693477154
233.55922196432948
315.5234686769545
316.4875104278326
245.07978457957506
315.86409593373537
154.22811513394117
271.8456442169845
270.497004583478
290.5327088199556
135.70546640455723
257.13632034137845
223.83783011883497
228.85047777742147
231.28859025612473
136.02598136663437
295.5622048228979
328.1763174533844
361.97515551000834
210.58150293678045
262.4385829307139
303.931987490505
126.00661563873291
316.69301149249077
206.64447807520628
196.81254028901458
178.0309469178319
151.0326805561781
175.67986614629626
149.66477383300662
124.73373171314597
167.03547162935138
172.24358762800694
254.86019641906023
223.23702346533537
165.98406165465713
238.36101149767637
204.99954022839665
124.31965363770723
219.45626667141914
213.01437082141638
228.98130251467228
134.7423334494233
236.59751904010773
193.43595806136727
150.40408858284354
222.28013152629137
217.86922322958708
132.40132962539792
179.7854302600026
207.12660090625286
177.47579699382186
188.9483105354011
181.55733265727758
179.74034668505192
192.24984211847186
196.94411799311638
128.71526423841715
214.26159347593784
159.2961522117257
192.00810877233744
190.89330277964473
169.59421805292368
162.31002285331488
239.76849301159382
189.82099160924554
168.00271029025316
108.04022364318371
195.52693416550756
151.86341690644622
188.68040196225047
238.7155790179968
175.04420292377472
188.27378100901842
224.03942152112722
121.83716660365462
173.31044270470738
187.54266158118844
114.7622653618455
150.12922965735197
176.66979447752237
94.8654924184084
92.2603216022253
67.18462473154068
156.58875021710992
174.69816624373198
148.4023910574615
153.48877863958478
136.8984586969018
83.13868527114391
88.00052868574858
142.3713555149734
127.65255041792989
177.93970197439194
159.56604273617268
103.22299761325121
134.71637535840273
105.96772322058678
120.77947267889977
173.71017979830503
106.07271300628781
106.28564822301269
178.98345658183098
226.28912195563316
191.41141226142645
147.83318154141307
196.3948651254177
86.32107453420758
92.75466058030725
119.23044950515032
153.20884924009442
145.1980193927884
191.89475620537996
131.2327850945294
169.1940982043743
147.57049806043506
154.49690495803952
127.43646331503987
134.9045417793095
135.35280047357082
124.77692514285445
190.89733251929283
202.51012264937162
123.51455666869879
173.06431662291288
46.38746130466461
122.97468558698893
120.64529036357999
132.41560299694538
123.4532444998622
123.15367710962892
107.93921097368002
122.09153286367655
149.37959475815296
94.44785961136222
158.7445777952671
92.79276695847511
117.32935755327344
140.59466610103846
91.06509990245104
138.21259258687496
112.75175113976002
60.008517161011696
146.1628890633583
102.38100878149271
137.41876968368888
100.271824169904
120.07597433403134
94.23087732493877
136.62118529900908
149.87383160740137
142.13274542987347
102.86498265713453
132.61601374298334
98.13905935361981
177.78342999517918
72.31627242639661
110.98280630633235
125.31409516558051
145.74303474277258
113.25822637602687
91.71885958686471
105.8065926246345
135.7924459837377
129.62658439576626
144.033956438303
108.76831170171499
134.88744342327118
78.02355264872313
116.10414971411228
134.58894200250506
81.83940162882209
110.61675760895014
100.83296488597989
91.90669056773186
113.86384964734316
139.9652447514236
164.0500556640327
117.93584057316184
202.87643118202686
133.2341535873711
158.54042186960578
157.86300550028682
147.4058299511671
123.61757864803076
116.61438873410225
189.46294757723808
149.28811191394925
166.10948480665684
152.12334931641817
117.29198946803808
156.4951525889337
98.99190235510468
135.9678144529462
177.88700897991657
129.72272721678019
109.61799947544932
122.19281193614006
176.83077108860016
154.56575805693865
110.98971958085895
95.2627307921648
108.27777069434524
107.91331843286753
62.36687467247248
144.7470288388431
171.32113052904606
147.83165875822306
196.4984331652522
167.879595130682
172.69210842251778
156.55615973100066
147.03372272104025
162.2308180220425
150.6243619285524
167.97166004776955
155.92008235305548
141.94836286082864
107.29022771120071
175.6526044011116
141.8124141804874
75.19334315136075
132.4354859702289
125.02339424937963
137.718756262213
143.09271554648876
121.26382628083229
145.92740907520056
134.2958409562707
156.40060456842184
101.29254735261202
193.05368479713798
211.49884166568518
108.09743552654982
160.49125625938177
196.61334515362978
158.26986619830132
114.98881236463785
225.42104026675224
119.807930290699
179.30879550799727
181.05551006644964
196.85256550833583
167.36706338450313
137.9267449118197
121.50459878519177
172.6960445716977
188.22450901940465
126.84451115503907
203.78144709393382
178.68871469050646
157.3512514270842
145.90318178012967
160.33021522313356
175.4594021588564
213.8089090436697
130.24012345075607
136.5587630458176
168.29626753926277
208.06542171910405
103.78823906183243
149.9909715987742
125.88727061450481
112.22275952622294
121.39234475418925
230.92836222052574
165.42461855337024
150.52420544996858
149.81729010492563
136.7579915188253
117.37259831652045
171.88021638989449
189.34893574938178
183.75256564840674
210.82486769557
186.12218648195267
141.167376909405
121.72162476554513
136.62494529038668
104.23737815767527
141.96117298305035
138.40199502930045
131.5432197600603
187.07599317282438
99.06916270777583
139.73328119888902
153.9226793795824
102.2298687286675
137.88710616528988
97.35261148959398
84.37874782830477
95.21277065575123
192.88053637742996
131.12734829634428
59.03260800987482
119.38373555988073
122.0101265758276
125.31236889585853
147.8541536219418
102.89885966852307
143.8043462075293
138.94755024835467
137.66511956229806
96.2003017179668
141.91848753392696
130.79962466657162
99.27325271070004
82.79775201901793
96.32225824147463
153.77356812357903
132.18961500003934
95.56367513537407
142.15655909851193
85.00791876763105
101.02707727253437
137.32073745504022
117.94288800284266
160.75785375386477
128.46547231078148
140.27161249518394
94.91251625493169
85.84878000989556
108.18062918633223
112.6674544326961
81.63914470002055
121.00581400841475
123.43669062107801
78.8959344252944
150.04379806667566
93.52337934821844
117.90134179964662
87.3000971749425
113.15982136875391
123.61603064835072
98.14268707856536
87.45727471262217
140.95519565045834
178.52393084019423
106.85144733637571
102.87883380427957
126.12317273393273
128.93911592662334
119.74748326838017
118.39184465631843
96.56758308410645
141.77832721173763
148.9680816270411
76.7682145088911
125.66575764119625
123.66824531555176
135.50348387658596
100.48454440012574
114.57655925303698
94.72813683375716
117.81449670344591
104.47791439294815
115.08691564202309
104.43073469027877
114.45684853196144
149.24273369833827
162.59099910408258
125.1760319545865
170.33522433042526
74.90075438842177
79.73295453563333
144.02278444170952
169.97586524486542
123.00367741659284
97.51433082669973
97.48787249997258
96.40674029290676
169.15179158747196
124.50813737511635
126.70141333714128
130.6620179489255
133.11077743768692
126.75889180228114
175.21546284109354
138.0054735466838
107.70049106702209
125.62685407698154
100.33749187365174
166.11462047696114
178.66741647571325
88.92703114077449
105.7459168843925
148.07314253598452
162.23919077962637
155.58490445837379
100.1991295479238
129.37783329188824
108.7488321736455
141.30928607657552
101.62093225494027
131.36591744422913
109.33705958351493
141.3454532250762
107.1676265746355
133.20034167170525
143.70448462292552
186.44949206709862
127.6829936504364
136.67940067872405
134.86751475185156
113.91350057348609
115.70747598260641
121.25786909461021
118.90637683868408
196.62125545740128
169.78857044130564
108.88695704936981
131.1134234778583
155.32613396644592
155.27206929028034
127.63320492580533
126.64341139420867
137.60012608394027
92.59943829849362
129.83258462697268
162.50262578576803
73.55378939956427
96.96201399713755
132.29252161830664
133.81599877402186
111.97522812336683
105.82680130004883
103.60134610533714
81.43989698961377
115.57172438129783
101.22347110509872
84.51170709356666
163.93949495255947
108.42645639181137
131.6380434781313
88.09004123136401
92.91021075099707
171.91107515245676
134.14440628886223
123.2268067933619
167.82880172133446
129.58109778910875
103.88281302899122
118.67213959991932
130.37723287567496
96.2689559571445
114.28648774698377
90.37240087240934
135.27401127293706
119.49384811893106
106.12189902737737
126.65535221621394
174.54300021380186
115.65321664884686
153.18751326203346
133.01915131881833
141.51415235176682
86.29032599180937
118.01618012413383
61.52014257013798
120.90331860631704
143.19688646495342
178.6254913583398
79.64659274742007
56.06379047781229
98.28179408609867
119.62633717805147
126.12245079502463
69.75781358033419
108.30499740317464
156.04080510884523
79.99435141682625
69.05865490809083
134.0533751398325
113.99037824943662
68.49554227665067
105.95514589175582
81.53264454752207
77.90763361752033
149.52893072366714
114.3037065975368
114.93860478326678
118.47513668984175
177.86572166532278
83.376050863415
117.4597050100565
165.35560864955187
169.62544079124928
173.55634081363678
121.74273258075118
146.19559279084206
119.46924679726362
119.9032071866095
156.18041735887527
164.11432411521673
129.4062799885869
169.75109766423702
103.86810487881303
122.82059283182025
123.42071960121393
120.69549775123596
106.2742551267147
142.80494859814644
111.8722549714148
86.23480831086636
111.8285664357245
118.45018753781915
107.9575090073049
126.68177566304803
87.67299470677972
102.07619171589613
155.38176043331623
158.06008934229612
108.96865335851908
113.60216865316033
157.6172953248024
127.53939836844802
79.04193802550435
132.26927245035768
119.71053795143962
157.00344990193844
105.52054204791784
176.25649582594633
142.54669743031263
138.92969970032573
89.05574323236942
101.81406785920262
67.5723856240511
131.99189395830035
112.55163200199604
97.24966790899634
112.49313279241323
140.87518321722746
121.88362147659063
101.96503644436598
50.40494862943888
113.41554271429777
122.49947068095207
116.64155165106058
111.19262769073248
138.87232261896133
137.8466046601534
104.54005130752921
124.32956946268678
126.87187542393804
102.73953304067254
164.47828725725412
97.84162523597479
62.63502615690231
81.34047496691346
75.70501399412751
149.24734354764223
150.88455007225275
66.4758804216981
121.1712521314621
50.542202942073345
64.07877581566572
122.7297124415636
92.59678629785776
90.50174536183476
132.68462973833084
119.51025291532278
89.41384089365602
130.8334254398942
126.24468664452434
106.83282672986388
101.71559977531433
104.41005939617753
118.03873850032687
91.08661609888077
118.54170595109463
73.55583663284779
116.20241042226553
96.7839456088841
117.05278203263879
121.60757849365473
193.29881520941854
257.37320275604725
209.15041073411703
209.77760642021894
245.89393250644207
255.03463458269835
253.24798736721277
146.02590150386095
188.10922019183636
144.1605291031301
156.53934099525213
222.87420257553458
182.45952347666025
163.66884187981486
185.2575212828815
243.51403272151947
150.5531325675547
189.7406383343041
185.1152603365481
209.94179919362068
241.86846481636167
216.4851062297821
185.27304618433118
239.17625553160906
97.90084180235863
126.56006104499102
225.325039871037
166.71477568149567
276.1648231074214
243.36908224225044
201.81907170638442
177.645728033036
157.60382065922022
234.6756226271391
348.41837568581104
201.36208843067288
204.20061323791742
163.3167112506926
222.76002140715718
245.76941723376513
187.0460079163313
206.37867682799697
227.78081199526787
234.54839320108294
245.50874269753695
168.1417565457523
154.75545214116573
244.99720656871796
182.51871854811907
152.9597888663411
174.46307465434074
228.85560526698828
192.26401117444038
171.4744664914906
251.2683834657073
175.12135431542993
285.92231295257807
151.22909799590707
208.43248023092747
233.30416452884674
270.42486446350813
218.24100356549025
203.2222290188074
201.14983021467924
263.3733926638961
174.3852060176432
243.22712718695402
162.11349089071155
159.23356633260846
201.4084411263466
237.89131768792868
231.51113317161798
244.54233273118734
220.6608359888196
158.0088813714683
226.83063585311174
135.0885126888752
165.31608576327562
218.40463180467486
204.48581559211016
219.06065643951297
201.87608525156975
233.999961450696
244.63776773959398
154.5462436079979
260.2159399986267
232.93305192142725
165.78379356861115
231.84867141395807
246.778295353055
134.7657386995852
207.06993904709816
241.70496974140406
190.33375499770045
170.34179593250155
184.37014590203762
221.43079306930304
103.53689277172089
175.4667586348951
195.35842907056212
176.78318898379803
186.321049336344
185.84735694155097
156.03221609443426
183.19686136767268
169.4569384418428
155.6577414497733
178.00048964843154
192.33519319817424
153.0064935348928
181.2735589593649
161.28728905320168
263.06594763696194
115.578274063766
188.93338960036635
154.53429068997502
197.3564832098782
164.58168981969357
201.91552118211985
84.15101766586304
144.85263802856207
153.95515325292945
83.71828481554985
139.0728517062962
144.22982545942068
103.90385533124208
214.0125469043851
156.03582602739334
116.65787746757269
126.27662068232894
128.95064882561564
44.19433631002903
114.08172330632806
150.27234695479274
143.12627659738064
209.61763652414083
185.51162961870432
210.23538613319397
209.25875332951546
132.4071562886238
145.58155443146825
185.12422390654683
132.76876268163323
61.18209605664015
110.88285069540143
201.33375389873981
155.83817017823458
216.88577324151993
144.305760294199
199.99412679299712
193.4401994869113
150.267471332103
196.63265815377235
169.2487749159336
179.70859415456653
196.59961863607168
136.69056133925915
139.32479868084192
127.00943158566952
132.5452229566872
125.8302674293518
148.36136106401682
165.83930696174502
141.6225150823593
118.8492837883532
190.78326400369406
164.78256403282285
90.03616154938936
142.8501855172217
172.27328567951918
196.13781747967005
199.38109857589006
150.13670526444912
148.67440321668983
166.20665862038732
145.93771548196673
125.85379143059254
138.1506136842072
235.214674256742
143.59908180311322
159.56001786887646
184.1019652709365
90.8312537074089
169.49294532835484
160.4981181770563
178.11248718947172
179.31032641604543
101.2834191173315
137.45647487044334
149.36375318467617
151.32029957696795
141.58362577855587
132.7567325308919
166.11165284737945
164.45424070209265
176.8646242916584
166.1983714029193
103.16780798882246
197.17110767960548
128.1737120039761
231.23907176405191
320.16469214856625
265.6625677719712
284.10990461707115
201.30371490493417
343.03713892400265
258.13445469737053
363.46026180684566
270.0458338856697
251.2048680856824
258.1239634305239
211.05952097848058
313.93152176216245
414.89941177517176
245.18001268059015
313.2161646820605
234.74836127460003
289.69373831897974
266.37965761497617
376.51037307083607
299.1339847818017
196.40533182397485
277.5331185013056
417.67194183915854
273.3509402014315
359.43479672819376
301.31353951990604
315.3649923019111
254.84186156094074
341.30364407226443
313.36264676973224
322.9126094765961
240.37147128209472
291.9894139915705
290.09476662799716
290.8257779367268
356.2025309577584
332.09365639463067
256.98225186020136
348.5090515911579
226.10931672528386
332.1897216029465
339.14994648844004
349.00375520437956
343.72820833325386
267.70739475637674
164.9430823251605
289.9391609951854
237.47303096204996
209.95279784873128
386.768486764282
325.66154865920544
222.84980152919888
443.8554531112313
380.980374135077
271.8069123253226
370.3024473786354
370.79590833187103
279.78384409844875
320.5809140019119
347.5474261678755
297.3986467830837
334.8934801071882
255.95579291507602
307.55965454503894
380.9772660769522
394.52848182991147
380.17993972077966
398.96746756508946
410.5574922412634
288.64956048876047
370.39381997287273
298.36395663768053
392.0184921361506
409.80069141834974
346.99770421534777
401.64497584477067
395.2874252051115
420.63773706555367
310.29112070798874
242.91619892790914
358.4840572476387
351.51613038778305
396.9038615375757
406.7279087677598
394.99335737526417
474.5009531676769
447.5055710375309
293.2020113430917
228.9193682037294
376.8549630455673
278.2536822408438
335.09624288603663
278.8785442709923
195.19737385213375
239.31319458782673
336.72824442759156
417.96426828205585
226.58810154348612
276.03600338846445
522.8591986596584
418.46817066147923
430.3794390819967
350.97201370447874
381.86490282416344
579.1160746254027
477.4490724876523
393.39405312761664
442.632291149348
336.1371108405292
594.5966917276382
532.5831432677805
525.0507022254169
426.53353775665164
372.652774348855
468.6282431297004
472.75518476963043
430.64971720799804
548.5932791531086
470.94362637400627
504.39769457280636
464.7834652066231
405.58258149400353
469.91121704131365
417.70499639585614
709.3481306135654
385.76924930885434
471.0140231177211
422.1616709418595
516.1815728880465
374.1745089702308
568.6630013659596
484.4649665541947
566.1619732826948
550.5877525806427
562.1528789699078
378.88115756586194
446.48089315369725
604.0075760707259
362.99348260462284
389.49260882660747
705.4752484038472
564.0670270398259
422.95098105072975
618.6751874014735
510.3167473860085
509.2899156846106
594.5655342116952
380.2886603027582
513.0707352794707
154.65417114272714
98.26093936339021
142.5248044654727
154.67426335066557
162.30399550125003
140.37054423987865
105.30396612733603
88.31638530269265
150.17206916585565
90.67203576490283
163.05433650314808
80.71343248337507
142.10571794211864
99.82724680379033
159.8202406577766
180.42121302336454
139.23914911597967
158.02023941278458
163.25352303683758
106.59570268914104
138.02578254044056
139.6665415763855
158.75534349679947
117.20095434039831
123.83862173184752
114.06379985064268
99.89818898588419
108.42964891344309
127.32099818438292
86.3806764036417
133.12303652241826
127.18101019784808
135.05803142488003
122.14692713320255
125.8593731559813
104.96271402016282
122.92098003253341
137.8969215452671
117.23844174295664
99.33886166289449
120.97397184371948
85.6633111089468
136.50411599501967
155.91429109871387
113.81339091435075
107.90490578114986
130.17669063806534
147.81164221838117
109.75680235400796
87.04670171067119
116.33116048201919
119.59726897627115
86.78558648005128
127.76595985516906
68.86886488646269
73.41224874183536
59.99869844689965
115.35117036476731
102.23065931349993
154.94604170322418
119.08136120811105
151.46439795196056
128.09232775121927
75.8767580986023
91.54789659380913
113.45330154523253
124.6118437834084
157.69934388250113
125.40466671809554
136.85044043138623
126.05447341874242
109.59379406273365
92.11852202564478
121.42773409187794
67.8937438800931
91.09586558118463
118.1688439399004
100.65958720445633
147.51755371689796
98.2705215215683
79.54523434489965
94.08274030685425
129.48755967617035
80.78493291884661
103.93216142430902
66.62037170678377
118.30289508774877
124.69178752228618
38.75065170973539
130.31390577927232
99.7031232342124
67.3243014588952
91.75291922688484
100.816047526896
77.66060450300574
132.84117994457483
79.32782737910748
107.13991916179657
84.98598767444491
115.57503530010581
5193.620209764689
6427.198926094919
5121.47793341428
6924.8596319667995
5249.170416038483
8422.648649215698
6999.4525158293545
5757.038617495447
7335.704469367862
6949.010408557951
5232.468086533248
4994.403530910611
8186.190959118307
6373.582001347095
6335.202470235527
7161.115354411304
5754.311135131866
6702.268987461925
8674.873772457242
5258.468179918826
5550.412863023579
5033.606187477708
5772.117690924555
5185.991590246558
6185.279295198619
8074.807466991246
5959.4946442730725
6829.391767799854
6036.314267329872
4097.019467372447
8416.482340313494
8166.927829347551
5945.271126914769
7436.2365927658975
6270.4435046985745
5419.074695561081
6059.024438012391
6274.688844706863
8568.01891925931
5144.097378175706
7954.514436878264
7090.614473886788
6171.906793218106
5929.370214633644
6086.19638409093
5586.642973393202
8092.391886092722
7620.156154766679
4849.940667256713
5761.6226699873805
194.44541712105274
190.67395022511482
161.25756768509746
177.14110200479627
166.04081830382347
104.16704825684428
169.38618916645646
161.5780819579959
157.3309627957642
220.77775628864765
211.59152701497078
199.9521987810731
121.89237730205059
157.29662101343274
203.64540654420853
190.64178033918142
146.80933299660683
192.3688135817647
144.9968279413879
193.36260186508298
166.10830814018846
216.4496995061636
179.5270448923111
193.2700419202447
167.27361020445824
177.52168058231473
155.55579514056444
156.34336287900805
149.14994959160686
232.00801938772202
179.6697488091886
267.21487095952034
130.85023415088654
126.85209834575653
184.49635092914104
204.53021479398012
127.13502732291818
150.0486000701785
210.66968827694654
168.67674297094345
132.80831822752953
176.11222718283534
169.21447963267565
144.64251462370157
163.66041223332286
170.3332308754325
171.45032274350524
168.17065285891294
147.29213417693973
184.31992081925273
159.49011313542724
182.25673558562994
166.674566693604
248.58114950358868
200.2809147760272
166.07935313135386
150.81681233644485
199.84156968444586
163.92322336882353
214.51110259443521
170.790441442281
162.96731225773692
156.03351332992315
140.05757511034608
126.05038623511791
157.12534143030643
166.877532299608
151.55442036688328
203.80024982243776
158.58599660918117
209.83387287706137
256.057036280632
150.5954763777554
155.8301859907806
131.09461519867182
199.53342112153769
167.6749848127365
129.90423022955656
166.0842014402151
198.36945794522762
99.61797742545605
167.77135446295142
153.61026418209076
222.22235292941332
98.0522081926465
133.097551997751
116.83588400483131
239.9681456387043
175.68713503330946
186.75263530015945
147.58420683816075
152.25652734562755
205.3329475224018
138.04569909349084
169.22323140874505
82.86829224973917
155.09752866998315
201.0092640593648
92.50729867815971
227.31489005684853
6207.596216715872
4809.49885680899
8254.051850013435
6810.222081638873
6584.040244642645
4560.775989040732
7327.303050674498
6552.489388499409
5650.314336203039
5013.730700239539
6829.4816879704595
6136.727685261518
7280.955956205726
4924.47111544013
4731.691235568374
6742.17428354919
7515.10637563467
4393.70054430142
5414.342244677246
4599.082748711109
5556.852477360517
6137.808925103396
7854.929865784943
6479.736638929695
7063.138777777553
6583.203390236944
5766.820417158306
8025.8339724987745
6469.279881261289
4713.07780591771
2844.525722119957
5367.305393498391
6300.525003489107
6792.868107385933
6396.885320723057
7430.230299420655
4433.461906861514
4462.7687581032515
7974.456092454493
5489.435438737273
7773.546539157629
6003.367585808039
6920.98911640048
4411.444171100855
4813.971633024514
4728.366861112416
6409.435574959964
7146.6755948364735
4719.220452010632
6753.179852865636
187.31833812221885
124.48602739721537
96.80353673174977
120.03089230135083
139.1456025764346
173.24522906169295
164.91276993602514
118.25383407995105
162.38401122018695
94.30883552134037
229.3574906140566
156.75539120659232
82.61947932094336
206.630319789052
185.7726439870894
97.46197712421417
154.87269613146782
154.84718637540936
94.25337351486087
111.24127000570297
83.59757365658879
152.04043947905302
124.78832345083356
144.74878362938762
157.89274720847607
222.1517077833414
185.0863881111145
109.70070408657193
163.6471533216536
124.08364130184054
100.95113953202963
122.80845876783133
84.96636552363634
178.27215871959925
117.308190330863
176.7312288992107
198.6853920146823
206.97347394376993
152.0651537142694
143.88777493312955
123.0677914917469
187.18152160197496
136.76644469052553
159.0029524192214
170.2683653384447
139.50603318214417
137.35907904803753
147.5423792153597
108.57745503634214
136.56073636561632
213.90550442412496
202.2871343716979
203.66637199372053
193.6281440705061
221.65415835008025
235.30117305740714
280.75985633581877
210.46868177503347
274.58701542019844
247.9142035357654
227.78612545132637
265.9858361296356
174.21258271485567
172.26435166224837
218.11556696146727
242.57532388344407
183.02242743596435
308.3357550725341
230.6930063739419
328.0097154378891
248.06536265835166
362.77969005703926
166.90768533200026
251.75605337321758
162.6494696997106
250.79402461647987
322.51665311306715
311.42138247936964
209.36259923502803
239.8087703511119
248.85144740343094
182.0194720812142
225.96678361296654
264.5349475182593
271.1071125715971
271.23444774001837
152.5162524022162
200.38496365398169
233.015400364995
202.93315407633781
343.27459171414375
239.99367351830006
290.35764836519957
267.1939203552902
205.22200486063957
176.1532121412456
205.4280241690576
255.56733483821154
261.94188383594155
237.9654389768839
146.87320744991302
90.36609400808811
145.33954536914825
97.45512150600553
128.99347318708897
147.6527720540762
178.71038564294577
56.91723094135523
90.86961901187897
94.83353861048818
91.31113402917981
102.3400537930429
160.37951251864433
113.92266086861491
114.66444328054786
156.28805550932884
141.83358618617058
114.39297719299793
68.94004810601473
107.95649402216077
166.1615295931697
96.53538461774588
111.72391494736075
110.87280386313796
158.22462152689695
119.98124906420708
115.56645141169429
100.70047759264708
126.69836787879467
138.7810671031475
104.74158595502377
123.53620580583811
101.32115012407303
130.7628559693694
65.19714584946632
145.58613891154528
127.28979574888945
141.6753204576671
92.61704780161381
156.57048247009516
112.11951304599643
73.35915263742208
130.76809887960553
133.70321692153811
148.09724901616573
124.11556238308549
131.52929179370403
133.92269494757056
86.03455791249871
129.31573713943362
142.5386684909463
144.1803880892694
167.8985477089882
129.90701583772898
100.23660710081458
131.10037760809064
137.71115636080503
160.64514768868685
155.1806655190885
138.35880918428302
133.37903869897127
129.12141292914748
135.29667668789625
181.27766077965498
123.33025952801108
138.89381770417094
102.23408120125532
103.61407919973135
116.71475701406598
99.71663154289126
177.81406351923943
171.60154174268246
109.77835435792804
92.23681923002005
106.8211739435792
189.30330006033182
120.68875880911946
115.5707586184144
155.1723120212555
153.1134760081768
149.71758741885424
144.57769203186035
101.01783441007137
180.411649890244
186.37931948155165
118.51018195971847
131.44030222296715
121.22033534199
90.10668485984206
125.98176627233624
99.96247110888362
190.5706951096654
136.90104607865214
108.99207085371017
126.42307299375534
149.7974953688681
138.5030866675079
119.49797446280718
147.27495075389743
134.89661113545299
375.4947540052235
332.6579967625439
435.36351147294044
269.8827242180705
198.89362249150872
239.01199171692133
243.38852882385254
364.53130459040403
170.78515243530273
317.9491596110165
348.77409121766686
273.18075701221824
381.32168082520366
378.8868991807103
260.039792496711
324.9671641290188
342.93235848098993
266.4549312591553
343.9310167953372
321.59959726035595
218.92651299387217
427.74147368222475
405.65492060035467
249.1115031912923
241.90330255404115
266.6858577169478
290.8114755637944
315.5679726675153
304.14998530969024
347.0768251568079
196.39790442213416
230.25891713425517
292.89585557952523
404.1914429143071
405.5637635216117
394.3543974533677
456.6352567523718
461.75882875174284
582.9276095926762
411.6970765441656
400.97717386484146
328.8568576425314
233.25001315772533
418.5405321493745
189.75525388121605
225.83020822703838
267.85852974653244
280.23481949418783
121.68606348335743
374.02270816266537
365.00463062152267
449.89804151654243
477.8039338067174
482.20898493379354
368.2777372188866
405.8807479441166
209.26495196670294
359.8225869126618
323.0798320323229
392.7186895236373
255.5550230331719
417.26911091059446
515.5256886780262
271.4215962663293
274.7145903483033
298.14025343209505
362.8931897543371
483.895381167531
311.0921219289303
478.80431251227856
546.6875810176134
393.88473806902766
401.45109059661627
391.87869964540005
340.75395415350795
350.5458035990596
413.59301572293043
444.78163526952267
337.84654101356864
371.62314404547215
234.48839627578855
349.16572953388095
319.64355900511146
333.9081948287785
318.94478011131287
404.8111918531358
395.12000861763954
466.82505656033754
311.6713626459241
537.27495624125
280.9848916567862
271.4915378205478
426.80366080626845
428.3972430340946
492.83379735797644
487.11000718921423
320.42630610615015
395.9308120980859
485.7677163630724
458.7671255543828
88.43273147940636
153.7723582983017
125.43690630048513
93.86311032623053
70.79805047810078
163.52890821546316
169.74098785966635
93.19130685925484
145.02409436181188
110.25412090867758
107.44552759081125
143.88871499150991
119.09013990685344
163.69968646764755
62.420296765863895
131.70249647274613
122.73784884437919
128.28934291377664
117.57192294672132
110.72497071325779
93.55903419852257
113.3074188195169
131.54184010624886
71.09177377447486
104.5445665679872
98.15994826331735
167.75624211877584
186.89231237769127
158.87652841210365
119.0498803704977
82.86862316727638
133.7972295768559
106.04222301766276
104.09102073311806
63.96213171631098
106.77896970510483
101.01578769087791
159.4080064818263
167.436631411314
92.40240212157369
147.55136800184846
106.45832117646933
90.30657616630197
92.39596010372043
153.6190259307623
107.878556586802
151.26637887954712
138.56397710740566
69.79105370491743
123.63335017859936
63.80480683967471
95.01386307179928
83.91838765516877
63.86801362037659
97.07066246122122
76.65507091209292
74.02707176655531
85.29276356101036
73.97006463631988
65.61734769493341
72.02241084724665
86.42081559449434
61.41728447750211
90.55784770101309
84.52161835506558
63.263118129223585
77.5223730802536
66.7924711368978
77.357390999794
97.88141098618507
85.24255901575089
67.71117066964507
74.01758324354887
93.67008964717388
97.0159475132823
95.76836611330509
91.33597433939576
84.32899869978428
84.52584335580468
86.97249376401305
84.3908710218966
95.7999379299581
80.54101972654462
111.89286483824253
72.47703645378351
63.87528630718589
109.32707785069942
96.55767988041043
111.52380861341953
93.76465974375606
75.81209252402186
88.97498083114624
78.78968724235892
80.65677650272846
96.33507500961423
108.40709988027811
54.852621264755726
49.16173505038023
61.61543156579137
77.22928363084793
104.20318051427603
137.21727631241083
150.8236616589129
147.75746401026845
93.37025747820735
146.01832869648933
73.67442382872105
98.29205903410912
105.56277628615499
124.34762654453516
132.72554503381252
143.68341071158648
107.815001193434
135.80482835695148
69.6150533258915
115.76486313343048
99.96217895671725
120.46355635300279
108.96059475466609
154.95960149168968
145.6933946274221
148.37866838276386
113.1739901304245
121.80694413930178
114.03840903565288
110.7570897527039
93.54779919981956
144.61927715316415
128.45539934933186
93.63394913077354
121.41895285248756
112.24442616850138
87.42833113670349
154.21999106556177
138.4916555210948
112.12416133657098
128.14054070785642
150.03673600777984
137.84569289907813
136.81887279823422
149.44445918500423
164.1097150966525
110.24831499531865
118.98806414753199
153.9512247517705
125.4135807864368
149.80071277171373
161.08980299532413
111.31439689546824
99.91928498074412
103.72443901747465
117.45775300264359
166.33903565257788
129.30205322802067
119.2452012449503
129.1193407960236
118.52475268021226
104.14286993443966
79.70781478658319
93.14243206009269
70.94289219379425
88.94828220829368
155.6406587958336
59.3225895576179
112.953846976161
120.16662148013711
77.37784607335925
125.7619823180139
56.74763964116573
81.51118075475097
88.99164816364646
124.69607455655932
106.01903544738889
41.760457783937454
84.90641515702009
100.44608528912067
121.09625197947025
66.78239633142948
84.14625577628613
113.34674160182476
80.07044566050172
64.98720274120569
133.36961552128196
89.24870066344738
52.66435144096613
149.2847747951746
89.20987110584974
97.01921016350389
93.95520646497607
111.39573717862368
126.60679403319955
89.70458383485675
83.70408131927252
108.56227217614651
125.21964939683676
86.65616418421268
100.96152689680457
76.40323947370052
78.42841383069754
87.47771982848644
915.8616816624999
676.1046387478709
631.4912352375686
707.1603533104062
595.2588615529239
610.3025754466653
757.1218833141029
663.8124861232936
666.243240840733
670.0267255157232
697.5445187464356
995.5931918770075
684.2487240917981
866.3396390974522
653.4369109869003
754.1405944414437
638.2624274380505
556.9417272359133
878.8522341027856
790.5906049348414
681.1104926690459
645.1609211266041
716.6412289366126
545.7030347920954
782.6356995813549
718.6287384182215
625.2019194178283
744.2446582876146
384.304509088397
828.506364364177
481.9800032712519
727.4543056450784
710.7284868694842
522.5742386579514
755.0809140503407
727.7910183295608
751.6780784912407
683.7604175806046
425.53290563076735
757.7303886562586
852.6434665247798
819.7742801755667
631.9764325469732
728.6338277570903
958.8574691936374
624.2816716060042
964.8389347940683
803.8677484802902
508.1131682693958
679.7586739100516
4062.783736746758
7161.427330184728
5810.193228740245
4891.808909159154
5148.958936262876
6417.749480556697
5802.370622560382
7910.6413888037205
6600.411533616483
6465.755802735686
5078.389922928065
4710.29315129295
7061.790793720633
6918.2758609987795
7827.922753572464
5420.371146146208
7111.407451972365
3211.245207056403
6922.44643143937
3847.19517230615
8204.576014757156
5879.778740476817
5702.37175976485
7061.935497317463
6752.462953042239
7427.053433611989
5240.544582352042
7767.5468229055405
7565.000936612487
7657.802085161209
5637.889221671969
7539.632539134473
6498.007910124958
5909.482993256301
6682.859016280621
6107.031954534352
7414.221084482968
6327.03202952072
3925.093675736338
5997.562359873205
6901.609512452036
2902.8215059302747
3625.4863648302853
6205.183921273798
6524.642694346607
6568.339976042509
6289.537801533937
4676.311084710062
5532.73501034826
4064.4975734502077
4853.835308946669
6992.207432359457
4413.712863430381
5527.855181332678
6525.291713491082
4198.821251571178
4562.8733307905495
6181.3649604432285
4817.617037732154
4363.476118184626
5615.379339985549
7799.1262550875545
6504.427460685372
5750.004923220724
7139.059824097902
7317.611249320209
6775.205536335707
5550.117029186338
7042.825823672116
6269.860127795488
6902.793544318527
7080.700515765697
6211.85989113152
7193.539560839534
4163.72631495446
5676.343413311988
6837.683497212827
6234.9984392002225
7801.725729972124
8243.179038178176
4927.172606088221
6290.567300148308
6274.771647822112
7588.450030170381
4951.7715141400695
6026.917700715363
6084.832626301795
7174.1634146384895
5685.212983287871
6427.789375297725
5069.103512931615
5753.771319761872
5729.406621731818
2827.5338547974825
6298.143377028406
7596.116211459041
6177.888416819274
4297.1963173523545
6690.566110573709
6820.242232676595
53.7416947633028
45.338198237121105
112.52358581870794
145.3683158531785
94.74502550810575
84.96145617961884
110.06680239364505
101.48976013436913
92.5440150424838
137.86965072527528
119.62517595663667
94.60830759629607
125.58522076532245
139.4085244052112
152.18931259959936
138.7023820914328
97.57122050970793
153.87883408367634
111.37656930461526
77.16513580083847
111.42202881351113
86.95160847529769
119.30231216922402
100.61522152274847
107.09504560008645
85.48122350499034
92.97027560696006
96.74850353226066
56.52576819807291
113.02535807341337
122.55994652211666
119.3722446449101
168.80452730506659
79.95902142673731
152.96833866089582
66.35769209638238
150.86454059183598
136.5202193260193
80.93629449978471
78.05480687692761
152.84845650196075
127.29913623631
133.7862332612276
93.89626954495907
130.86696453019977
68.63128684833646
49.28878954052925
115.85737950727344
86.89806562289596
100.7916414514184
168.836793795228
102.82076154649258
187.02840457111597
174.65807855129242
130.3402967788279
140.91727834939957
134.13977902382612
130.55769510567188
76.76598651707172
146.0691567286849
145.75102101266384
177.63026202470064
146.17470341175795
97.0942620486021
117.3265676163137
80.69519006088376
152.49797946214676
119.90667358413339
85.00377576053143
170.12205570191145
130.33563508465886
98.96349910646677
110.71858938038349
123.0997434258461
112.76090910285711
184.7490879893303
118.87845685705543
144.83305758610368
106.88186203315854
120.6580967232585
115.6858422383666
149.6961745619774
165.47126355022192
120.809341263026
131.15840177983046
168.15033999085426
120.35630831494927
102.38117901980877
158.69675819575787
128.86675442382693
143.34508867189288
139.98644322901964
107.76938184350729
154.00254649296403
169.03964997828007
106.56393142044544
135.24440938979387
98.5017663128674
80.18939010426402
132.77342681586742
169.00884712859988
100.8795335330069
122.93735490739346
93.63673247396946
157.52914329990745
178.91026028245687
156.29866627976298
137.4068846963346
158.68312678858638
159.36520973965526
169.11963117867708
110.59499101340771
142.96607653796673
186.64240719750524
159.26642340049148
183.15908947959542
130.40641236677766
202.38564533740282
151.81667655706406
231.50977459549904
173.05918011814356
150.82360641658306
87.26728475093842
196.80633768439293
131.9545535556972
158.615171328187
208.94583489000797
107.77074216678739
132.49388898536563
182.11644096300006
108.65109369903803
100.40910705178976
244.47888848930597
193.8033636584878
137.78021623194218
176.4260079935193
113.72885585948825
178.50311854109168
116.45600879192352
203.31747718155384
171.11879355460405
153.88153372704983
212.85797229409218
136.26119075715542
169.02322095632553
162.54761388525367
151.4082979373634
165.9729966558516
189.33297691494226
170.80229523777962
129.68748258054256
101.22656250745058
61.56613701581955
99.6376940049231
87.91057113185525
48.02134316414595
67.343933776021
68.48626038059592
91.85889599099755
85.80547757446766
83.88038654997945
98.71572646871209
56.018094919621944
107.15765692666173
66.63774065673351
49.902129992842674
83.2289180085063
99.59080066904426
90.9028459303081
61.19921862334013
98.81549082323909
115.390336509794
111.62514330074191
111.64064914360642
71.15481133759022
82.78249575197697
107.61598631367087
51.403439559042454
78.81370588392019
102.82744091749191
96.49653141200542
67.27023413404822
74.52135980129242
99.06797949969769
57.455730214715004
71.4846444837749
131.6559777855873
110.79329755529761
124.5769055634737
87.35012508183718
107.9168046861887
71.76239215582609
63.72998769953847
92.20136070251465
83.40356570109725
63.31098571792245
102.46076936647296
112.15572840347886
51.84026213735342
109.42509733512998
5192.869112886488
5924.4414200894535
5620.702010244131
4235.279309570789
7027.20295766741
4955.209772121161
7289.690801020712
4734.470798552036
5769.221525404602
5023.62959844619
7438.513354320079
5447.320054478943
3676.896958101541
8465.455965161324
4205.5736683271825
9213.457933448255
6254.840746797621
4519.067879125476
7235.035874266177
7551.886860825121
7708.502693742514
7360.180099323392
4094.0019701346755
5168.60766864568
5536.377141714096
5616.96195878461
5926.81005948782
7063.929575189948
6116.024839069694
3926.8432131186128
5692.471727039665
6053.965612195432
4512.491607822478
5582.697488840669
4965.238297920674
7175.415634535253
4944.9071033112705
7076.634290251881
5578.620633941144
5993.2866633832455
4709.128682792187
4742.594872184098
6052.6028481423855
4886.059734657407
6312.659560531378
6171.004697110504
7444.7245468162
5709.660259075463
8036.007237404585
7125.0351517647505
104.69362692534924
133.51808388903737
121.5161304064095
87.11363914981484
64.25636027753353
114.63034610450268
91.36803876981139
90.6605081744492
135.33377338200808
115.6794274263084
136.13480177521706
81.32204923033714
141.97970788925886
90.41507943719625
148.3485530912876
97.85671664774418
155.51218432188034
46.55328544229269
66.17676192522049
102.45238108560443
96.3021663017571
84.2928056307137
80.42287542670965
128.6368233151734
136.92278734594584
111.50582890957594
120.79656430706382
86.16653600335121
85.04805920273066
92.92097881436348
105.93401753529906
143.05347710102797
113.67506511509418
75.71025571599603
128.89933359995484
106.22168643772602
126.90827445685863
136.53069036453962
100.91530916467309
110.17499015107751
106.58727665990591
102.26691927015781
97.17431224882603
105.95727229863405
74.61100481450558
83.56152579560876
72.63852195069194
116.02115888521075
82.14436005055904
113.81724606454372
5803.874935671687
8105.628505446017
5878.338687464595
4172.217255368829
5887.698766902089
7720.760435111821
5676.890801355243
4909.875945560634
5742.095391396433
5090.311000790447
6321.791324995458
6599.0588859803975
6058.149812106043
6222.147220108658
6423.956716999412
4711.441906768829
7749.957994796336
8491.942425601184
6221.381002973765
6841.251326326281
6006.848632629961
6674.4020000472665
9156.051328405738
5528.642194692045
7085.454129628837
6927.806163195521
4561.351487148553
5157.583806913346
8046.667991414666
5668.919473733753
6283.251894313842
6316.179887704551
5227.9281520061195
6415.270256526768
7992.604587048292
7606.6158848926425
4960.076978214085
6910.525749575347
6486.0096316970885
4171.4745265729725
7824.948398947716
4929.745968014002
5914.476588003337
4753.1286582015455
5156.299741342664
6412.351009912789
5039.58749043569
4427.6494871638715
5445.690439086407
6841.761739581823
154.40330976247787
110.36315955221653
91.2985538393259
87.23800308257341
126.41805122047663
176.77420967817307
50.02697166055441
118.11227059736848
123.79609321057796
98.91515031084418
80.87249329313636
57.48434643447399
117.61353390291333
120.10521809384227
122.30563543736935
49.3147212266922
113.55302706360817
69.53038220480084
92.92168530076742
108.99767430871725
106.12172239273787
110.92402642220259
124.08168333023787
89.58010461181402
88.65192003920674
84.60350205749273
79.01221200451255
101.42592906579375
113.97988756373525
126.97791142016649
69.54872554540634
139.1637740060687
83.2608432509005
121.65513776987791
92.48336081206799
69.32129495963454
120.26773497834802
96.02476381510496
119.84490616247058
83.55781285464764
90.62724557891488
77.08570445328951
100.68358420953155
71.17022627219558
104.05750343203545
135.9390403702855
154.88843611627817
90.07150179892778
95.13743058592081
94.65736463293433
146.5913994051516
92.28079200536013
109.02342725917697
153.1502170264721
133.0515416637063
121.51582069322467
118.6944287493825
148.916138343513
141.4998298957944
95.64175269007683
109.97540064901114
120.38519382104278
110.75571976602077
70.27968154847622
101.37673078104854
143.062056530267
131.3280077725649
104.71537058055401
104.88198245316744
118.34361140057445
126.53004836291075
74.39309084787965
129.16577694565058
52.39582484215498
103.73117134347558
98.08345824852586
152.63376353681087
151.24228152632713
109.92346019670367
119.00763419643044
133.88410818576813
128.5990810841322
125.88278698921204
172.20590130984783
159.6071091592312
130.90587121620774
145.53981910645962
82.06330202519894
112.79716681316495
94.56158182397485
172.15664137154818
102.91078094393015
128.39413163810968
126.98602536693215
144.7566474750638
119.04535499587655
131.63670359551907
121.4020132869482
114.19169208034873
85.01325023546815
133.03613966330886
129.22352758049965
105.47960883378983
114.47473379224539
77.57119991257787
109.70890920981765
78.09468495473266
107.72911382839084
111.86392053216696
102.11290017515421
100.07313523814082
87.33671787008643
111.28352371230721
114.61004622653127
184.4142741933465
101.11882020160556
101.06943557038903
92.4480059593916
87.89145808666945
145.73305521905422
134.41577895730734
109.32778089866042
105.35968278720975
99.52878514304757
104.06710901856422
145.23920921236277
133.32728682085872
92.48939843475819
99.4556388258934
123.38056990504265
99.34291245415807
197.34700652211905
126.69154426828027
121.02027348056436
107.62877152487636
105.13436833024025
141.56068183109164
154.27949360758066
82.82944975048304
103.71539924293756
126.747971534729
139.76000491529703
128.1672458946705
146.82006224244833
83.38751634210348
113.1956830509007
98.95383285358548
152.3447390794754
85.39227751642466
109.76092538237572
160.5725655257702
124.24635825678706
111.77239130064845
74.35916804894805
100.97847647219896
122.53005658462644
128.95408101007342
125.80451306328177
99.52328856289387
143.17348748072982
163.25035751610994
161.03842637687922
143.46068700775504
158.52635116130114
81.57183750346303
166.43938682228327
90.21093624830246
130.94605553150177
138.25262251496315
136.7240544743836
100.61414965614676
85.02770113572478
88.39228595048189
131.06066263839602
151.40747874975204
100.67106814309955
117.42909647896886
82.2180696837604
137.0341381393373
139.65954974666238
137.20608752593398
134.53358612582088
124.5072338283062
130.22567806765437
115.87807540595531
110.21831846609712
122.47084489837289
145.54985632002354
86.99151990935206
96.88033315911889
128.5004092603922
88.80658411607146
114.65175149589777
125.88326398655772
89.22846373915672
109.93697340041399
94.17722626402974
147.33812204003334
116.77982491999865
90.60894651338458
142.27842320129275
157.45806875824928
171.6148493438959
90.01988122239709
81.57749140262604
155.2509240284562
134.6785748898983
132.01790819317102
110.52089118212461
115.63061430677772
86.20298522338271
135.42148545384407
153.20400313287973
112.11808472499251
115.09293016791344
133.40355151891708
90.16837833076715
97.95285783708096
162.42887815833092
106.65835686028004
146.7456126846373
117.37929797917604
117.14278396219015
38.70528672635555
123.35166830942035
117.42891849204898
138.2130412273109
140.6589174941182
83.7305913604796
106.32623520493507
138.8087901994586
151.74882694333792
114.13432529568672
77.66749953851104
175.27088353782892
95.08513341844082
73.83874816820025
135.05641965195537
116.36032393947244
119.27404607087374
113.45968508347869
125.32254257425666
53.37206141650677
81.31278748437762
84.55903259292245
176.87611334770918
154.84463251382113
108.57870838791132
118.64949317649007
114.82363145053387
117.13194437325001
128.7842634320259
155.69524108618498
94.03258701041341
156.9215503782034
162.79690885543823
124.95841129869223
99.43546605855227
145.30631741136312
147.8520356938243
76.6204030290246
108.95514158532023
138.04008151218295
150.09348814189434
124.16510114818811
105.6337071582675
124.2580114081502
142.326246637851
109.81248979642987
93.4296853132546
107.94357845187187
98.8896608427167
121.02556724473834
88.04665341600776
119.56061947718263
114.82057396695018
103.27484634891152
128.21019967272878
109.35347308218479
126.87785191461444
129.31274806335568
93.24340911209583
105.99133810773492
100.87867625802755
134.55817511677742
164.93764304369688
155.96755098551512
154.08199524134398
154.89543940126896
109.45038601011038
145.98005563393235
114.94594786688685
106.10157876461744
126.36262939497828
89.58650696277618
119.38622072711587
123.22191748768091
138.69964852929115
172.67220256477594
100.92616458237171
209.24048513174057
147.11284029856324
121.86001606658101
171.32355092093349
87.1505964845419
171.4767496176064
174.3759163506329
93.98021793365479
93.90376355871558
126.76325364410877
182.1301357895136
114.79718152806163
117.59586144983768
141.70855271071196
163.83778550848365
121.72372153773904
128.31516113504767
152.8179271221161
116.49928214028478
94.98486841470003
117.26517365500331
130.9345161691308
162.34062825888395
145.4807351194322
168.3066296055913
135.56271328404546
186.508237041533
105.99071160703897
106.18905103951693
136.8540145456791
148.23178495839238
99.12988006696105
77.76206685602665
103.56621723249555
124.6563140116632
189.39667024463415
167.4244064129889
127.23759721964598
48.834894239902496
160.30667189881206
111.21024224534631
133.59082811698318
97.426025390625
67.5144432708621
142.48818335309625
213.96495663374662
164.48420371860266
201.46218613535166
93.77515701577067
127.7005270011723
257.1124222651124
217.45246025547385
205.2063278593123
269.64541575312614
233.9395362958312
206.62495516613126
185.33737970888615
206.21914575621486
208.37429719045758
145.02931264415383
191.07394969835877
153.89682625234127
219.69354997575283
190.0902752056718
223.5556361041963
243.85053306818008
152.84296799823642
226.27998436242342
240.8200324550271
171.07370291277766
165.38856259733438
189.59672624990344
188.04455738514662
238.73910844698548
158.5355743393302
180.55804872512817
236.96507270261645
231.1759541258216
275.01136024296284
210.3691530711949
264.0340515822172
156.63984888792038
178.8654616959393
158.78901412338018
286.666492767632
191.0335866585374
192.22477980330586
213.45213958993554
219.97989761084318
168.77215826883912
214.84853285178542
214.1312000863254
271.96844992786646
177.97258787229657
256.88621278107166
189.9127604700625
171.99182698503137
250.5451009348035
242.90472142398357
220.08895549178123
108.97918859496713
68.56319556757808
130.63384903222322
82.79465072974563
137.65044816583395
112.11849416047335
94.50389381498098
141.78493428230286
76.09615280106664
89.59426573291421
86.49547841772437
104.59764075651765
129.9903453812003
84.97470685467124
87.575792837888
70.86166216805577
115.6078644245863
102.82822547107935
111.47545260563493
123.88815416395664
137.93511727452278
94.39608447253704
125.25472128391266
68.36780804023147
87.06656793504953
131.79680067300797
47.89523937553167
126.64980195462704
122.96762356162071
68.93977105244994
129.24687504768372
108.1877558156848
91.65560792759061
101.62563028559089
108.70051652565598
88.42469654604793
116.9300921484828
108.35396783426404
130.2308915257454
135.72595547139645
109.48699563741684
110.00839786976576
124.43784384056926
103.02467463165522
110.0698321685195
104.11855943500996
122.29248598217964
147.52684868872166
113.34654923900962
85.46051974967122
113.15699816867709
102.79477243497968
159.11666829884052
80.47260471433401
49.643612675368786
75.78016444295645
123.14766776189208
99.2859115600586
35.23002593964338
140.18359058722854
113.33263186737895
116.93950502946973
163.71997635811567
148.76517125964165
109.53514530137181
118.76079825684428
100.44257276132703
105.55438069999218
131.172921448946
102.6754360422492
119.73338103294373
151.8412602543831
95.2595597282052
78.12168689072132
91.71952971071005
105.88091874495149
71.2393810711801
114.89068798348308
95.9045377150178
89.01410765573382
136.44619350507855
140.77855728566647
109.67384301126003
65.54836064949632
124.78075832128525
125.18933745101094
145.59097984433174
84.01772521063685
137.61300640180707
104.87444654852152
137.10067046433687
155.03605157136917
116.9133475497365
95.12613650411367
99.58815836533904
96.96248833835125
157.81278358399868
155.341876514256
101.87855101749301
145.9416444040835
127.13491710275412
116.12044632434845
116.68124252185225
81.72058526054025
110.04194213077426
122.86481606215239
88.52972997352481
122.1234572827816
99.53806135803461
120.5548033863306
113.00332918018103
103.03468123450875
98.08223340287805
142.5046278461814
146.50784844905138
109.92284959182143
121.51152089238167
102.83163499087095
117.92645183950663
95.55082125589252
119.85585613921285
113.64270846173167
146.1069840118289
163.42155366390944
105.95565353706479
90.90256188809872
101.29193976894021
85.29277309775352
121.19839074462652
112.13786009326577
101.27636517956853
94.15218509361148
120.40247798338532
121.85853993147612
75.3852810151875
106.53448336943984
101.92187428101897
68.65482116118073
97.97046076878905
117.01872714608908
125.48482399061322
145.4972362369299
102.88330599293113
104.96418238058686
147.18183804303408
139.06848120689392
144.5831918567419
120.57695223763585
97.6758645735681
105.62619543075562
205.7157757282257
399.5880952551961
352.09281269460917
221.54384974390268
338.78223388269544
282.126000944525
478.7345844954252
265.2944078706205
361.0514758192003
443.5604621320963
369.24452406167984
243.67696135491133
399.62180814146996
161.1122283861041
261.50976487621665
310.4718684218824
313.0745874084532
403.3437130525708
339.78104324638844
246.3365737348795
385.52942848578095
346.18098551407456
292.6025372184813
352.73386896401644
280.0020864903927
391.99493116885424
404.71466635912657
400.0349678322673
214.52809877693653
390.9119120910764
250.00546249374747
396.569990105927
448.2069926559925
356.785376932472
388.7481235563755
314.49016166105866
441.59294954687357
394.70855356007814
346.39902314171195
354.12396517023444
303.20249408110976
373.9866158030927
361.9145464003086
238.15443455427885
336.56799652054906
339.63696640357375
356.15032805502415
422.7081377580762
246.99358201399446
296.81634498015046
121.36886287108064
161.6968887001276
130.20725777745247
197.70560095459223
201.840938039124
225.20179089158773
156.8256052993238
149.97665924578905
137.43258434906602
124.28915909305215
166.33181335404515
155.3368239067495
143.96154180169106
147.23956979811192
120.08631047606468
176.72442209720612
142.56564043089747
163.86818515136838
234.627037294209
117.0638537555933
116.38728641718626
137.043491743505
194.16167230159044
111.02397169172764
173.00489915907383
150.10481959208846
74.97175581008196
152.40121598914266
103.34342778101563
108.09715909138322
170.54167718440294
202.41909629106522
188.9229229800403
133.50177904590964
123.46318406239152
159.00351257622242
151.31760048866272
185.11603780463338
184.81676011532545
218.553915604949
136.6344375088811
167.85006473585963
149.10589393228292
115.83445858582854
188.12619411572814
198.20284785702825
154.08766770362854
126.94857367128134
100.67771036177874
135.74896504729986
223.90404988080263
153.3337785191834
186.55899860709906
255.19274189323187
116.10603491216898
144.13807504996657
142.77023010328412
169.11350748687983
186.0358375236392
242.2763942554593
178.9485974162817
282.5192373022437
176.10878171399236
174.79370909184217
172.39664635062218
167.6821127831936
180.44208684936166
138.8433556854725
185.88758446648717
180.714376475662
144.31332053244114
190.89243614301085
169.822091601789
138.24748297780752
145.15735325962305
206.0101666674018
166.6016060858965
170.67656810209155
173.83686407655478
167.9277979657054
186.36747036501765
201.48857445269823
130.94980581104755
138.54375670850277
226.18894244730473
163.31899386271834
172.9770149886608
138.15475387498736
244.3986220061779
197.62922855094075
220.42425163835287
168.268645696342
234.4494914934039
135.9447602443397
185.49204567447305
168.08579535782337
179.70589880645275
176.83158307522535
234.71405214816332
162.6673095189035
8337.71119209379
7384.279828310013
5355.828499142081
6157.041581809521
6637.811865765601
7919.076720543206
5810.778893575072
5977.866653777659
5967.161639504135
6731.968531131744
7551.752326995134
7260.752846196294
6582.690010320395
6033.952798400074
4826.225074931979
6862.551338367164
5877.242567997426
5747.069283414632
5040.726861532778
4818.0343846865
7496.983660243452
6563.028637044132
5584.412504173815
5788.970757674426
4936.027674835175
6527.988114532083
6881.08415029943
6544.081594225019
4339.218169204891
6568.903255023062
6254.38932812959
6854.206669315696
6082.041300840676
5101.248134732246
6761.73842985183
7217.648368574679
8030.060921266675
7957.0759311541915
4786.5586929395795
7936.300869204104
5772.66452755779
4981.5478546358645
6146.61957648024
4981.567646753043
3907.1340623795986
6069.447819776833
3916.6341028623283
6344.943052940071
6735.124703954905
7265.598942749202
119.82493713125587
136.78203386813402
126.89503090828657
197.48744804412127
162.77500839531422
156.61753515154123
158.48520333319902
156.8428103737533
124.35368241742253
162.96720061451197
204.62941573560238
136.73158022016287
154.79950194060802
134.9197467416525
158.10171080380678
189.1140407472849
185.67576044797897
182.50584753602743
181.25557025894523
115.37986966222525
140.8354087099433
156.37460550665855
128.6172240227461
211.83698850870132
169.19504207000136
161.07527843117714
167.77480810508132
180.98546976596117
99.1874757707119
133.69313886389136
218.79585396498442
130.40736519545317
177.65552474558353
159.2502929084003
160.21997608616948
162.95989947766066
127.27491864189506
183.52820701152086
152.01078924164176
168.15548493340611
174.3259732425213
149.02036088332534
146.14641375094652
148.95141154900193
136.7991044856608
188.72079103067517
153.25786104798317
113.11383322253823
160.86835569143295
121.75259036570787
40.986922949552536
45.94605341553688
24.43783736228943
48.634880639612675
38.16966029256582
36.896446112543344
33.27451141551137
27.41129180788994
42.53618511557579
34.29095582291484
21.19170469045639
32.91263408586383
38.32117858529091
44.1864240989089
35.49035741388798
43.75408373773098
36.28798772022128
33.5677464902401
26.019189685583115
36.817544654011726
42.32582953572273
25.38465540483594
33.95121381804347
35.58015527948737
36.2411733455956
30.553653623908758
42.24185363948345
27.81627794355154
45.28039148449898
29.906011082232
43.30987103283405
38.98714058101177
35.04628103226423
35.138349901884794
37.11034042388201
24.925001490861177
38.64678018912673
36.234830137342215
43.849560998380184
26.057419385761023
49.52610933035612
22.947235107421875
23.615122452378273
45.652935303747654
30.311741027981043
31.67763913422823
30.309649761766195
31.992478534579277
30.11020103096962
29.10942931473255
133.8887288197875
160.30148945748806
118.92275632172823
94.23421333730221
109.56362564489245
170.70681758970022
136.78262008726597
98.5276017524302
115.92991557344794
124.61201037839055
166.88817670196295
73.93299897015095
78.22186779603362
111.88215302675962
106.57759413123131
120.68832783028483
145.6476465240121
80.30049895122647
113.1136231534183
103.37280410900712
128.75674049928784
94.40424907207489
100.09888140112162
98.61282432079315
152.2138018757105
137.08165510371327
92.06820734217763
152.3456880003214
136.60039630532265
138.22747023403645
106.89086244255304
105.26472305133939
68.90081219747663
100.55137427151203
109.78079484030604
147.0093823224306
142.14655981957912
92.74355732277036
162.37046775221825
126.9801123291254
119.54891034960747
106.23116992041469
156.1683575063944
109.13406772911549
132.99011175706983
111.83592041954398
123.0557386353612
105.30239037051797
164.78480277955532
126.85728720203042
140.26623295247555
119.10691840946674
111.39124999195337
103.72877914458513
105.47184578701854
97.80847830325365
110.35749230161309
116.4480247348547
85.71000409498811
74.47553513944149
102.15485113859177
75.07420153543353
96.49569670855999
124.9678051918745
62.85696096718311
134.71030588448048
119.08555031940341
61.065353613346815
80.16623765602708
96.65048242360353
110.96586551144719
127.14878528565168
124.87735031545162
89.81976455450058
124.66370321065187
73.89412627369165
99.79050243645906
113.33284921571612
98.1364951506257
113.2975131906569
96.58392645046115
106.62848092988133
152.2905263081193
67.1671381779015
123.87143356353045
82.49649120867252
63.47175492346287
82.86781380325556
71.19235042482615
88.96760523319244
70.96167943254113
88.94571615383029
112.42789994180202
91.64026794955134
100.37676806747913
87.28400068357587
124.31596280634403
84.68421579152346
142.84671234339476
143.34961590915918
129.20762826129794
319.7488155141473
211.2024454139173
177.88087448477745
231.47096576169133
228.04240430891514
170.0266041457653
207.79636134579778
207.42476964369416
187.508792437613
285.9454970732331
185.0950662344694
155.31926888599992
279.1044191084802
170.60662884637713
250.0190948434174
279.20102451369166
288.5598250813782
92.61540465056896
269.9249565899372
233.85950287804008
304.34399703517556
211.70012357831
292.1522040255368
233.91572871431708
250.48341006413102
291.4477381631732
167.05420335754752
224.06701739132404
224.59879624471068
192.42697928473353
196.16119645535946
193.4288044013083
284.8436791822314
253.89231135696173
242.7199005894363
196.65951266139746
318.87358904629946
278.5041491277516
177.29383724927902
356.18236020952463
220.54705287516117
215.50256368517876
179.7331247627735
231.99160489067435
150.59041390568018
280.4337158985436
202.07555514201522
168.87663476914167
209.35696575790644
133.85119009017944
137.73371613398194
119.12458346411586
88.71880492940545
144.4719266295433
167.42418474704027
130.38376632332802
114.85685654729605
158.56262266635895
203.49218175560236
140.84495879337192
116.71519665792584
195.85366563498974
143.49039881303906
155.26211569830775
127.46910099685192
184.9581502377987
170.90316125750542
149.2940753698349
131.16324696317315
27.615348495543003
143.05359133705497
162.99932791292667
104.10820935294032
161.1975531540811
154.26616746932268
150.05932130292058
120.87331270799041
171.06771852821112
111.17239521443844
100.45273758098483
88.32322660833597
209.83584542572498
155.55744979903102
176.2648799419403
129.96868659183383
122.70912551507354
135.06507055833936
77.19056867808104
147.8723986633122
148.55599950253963
123.10878079384565
185.2105664089322
201.66618520766497
175.7318536043167
139.0020093396306
143.84182074666023
158.42520395293832
150.74721194803715
99.8925017863512
140.27521290257573
197.03214622288942
167.05771201476455
148.39009461551905
134.8366327472031
174.4267896041274
104.96483617275953
164.55722776800394
193.4641589820385
127.42689496278763
128.70233533903956
134.7412388958037
114.89069604501128
169.99747590720654
186.29774659872055
144.40274315699935
146.53515670076013
141.3838421702385
136.8809525333345
95.03920601680875
129.72270540893078
111.95377873256803
166.41009820997715
178.8374261856079
151.28586396202445
154.0311443246901
144.77324077486992
141.74569838494062
148.02471562847495
212.07170516252518
109.77161227166653
123.80965952202678
177.20500960946083
117.3708676546812
125.44439903274179
135.36473681777716
130.0951446071267
143.09774912521243
169.28596252202988
133.70933640003204
166.76201898604631
148.82053577527404
176.5873191356659
119.7072927840054
164.42578471824527
191.76182132959366
200.8896298184991
194.44276398420334
97.26220021769404
108.66814102604985
144.08699943497777
135.40684795752168
140.05403248220682
146.39706314727664
147.8871929347515
90.981466319412
108.36616815254092
186.6823321506381
116.2823449485004
101.40733598917723
146.7777851447463
114.07152074575424
111.15236008912325
90.8505196981132
140.99913772195578
93.3939932435751
84.54932202398777
122.50387183576822
153.2445120960474
153.2761988863349
94.84888050332665
120.37301145493984
95.01565966010094
107.55894846841693
170.7360242754221
100.01555977389216
186.08946224302053
93.38462670147419
81.72158578038216
137.34934917464852
113.77035117521882
112.64198435097933
157.81383975595236
159.12771721929312
101.57921176031232
158.99371095001698
129.6669001504779
109.53491625189781
135.23978412151337
110.69562508910894
86.0444095954299
127.9080013744533
59.60197451710701
127.826714951545
137.55603862181306
154.0235720127821
139.59849854931235
131.980329208076
62.19591472297907
117.4563401825726
131.9421720393002
246.07531627640128
264.1739044189453
229.36513770744205
238.753325201571
276.6027762442827
108.97565872967243
224.78401762619615
186.01794246584177
166.0014976374805
233.95733962580562
237.8424851335585
222.17737383022904
226.34284654259682
263.94460178911686
240.78660345077515
332.07890655845404
148.60976037755609
138.00760853663087
204.8428597599268
123.26476339250803
159.67753918096423
211.97674001008272
208.15947212651372
172.17216595634818
188.291226439178
220.93077571690083
291.3626012802124
253.3794755861163
222.58685176819563
163.80578466504812
169.50255356356502
268.43460749462247
171.86944779008627
245.07327508926392
243.30907175317407
183.00731647759676
241.09038739651442
166.43019612133503
328.2945951744914
239.17089084535837
205.07277701422572
241.85405941307545
255.42094914242625
258.2289059013128
212.90270732343197
153.09527627378702
220.89255786314607
206.3721514157951
254.1989254243672
118.3097331225872
111.18452924117446
142.41284028068185
119.83515118807554
138.0385830923915
130.4832676462829
142.1959680058062
157.53589199110866
156.52158480510116
142.6457278393209
163.0963063389063
182.96054677665234
84.97590615972877
105.36363935470581
170.01056479662657
159.6094349808991
144.7220381088555
150.63574190810323
124.38319916278124
164.64723072946072
151.36356822773814
210.70191323012114
158.4074328802526
167.39142269268632
141.37132378295064
100.82447245717049
183.96607488393784
131.44673459976912
149.51597882434726
117.68321762606502
180.6537358611822
197.2032132744789
136.26242046803236
137.2203668281436
136.24676451459527
176.87005639076233
108.73408444225788
115.80057336390018
179.45464023202658
120.19650842621922
197.74691247195005
129.8793794773519
167.9533148780465
164.9861753359437
111.08602512255311
131.8576136752963
152.29102432355285
106.0027243681252
101.33258331567049
105.48012595623732
150.92226541414857
102.59978012740612
145.6304898634553
152.68045477569103
124.22819173336029
147.3839721903205
153.12102514505386
129.5594582669437
132.94775591790676
121.18906045332551
163.75607695430517
122.82599268481135
174.36244896799326
143.0725972354412
128.54168642312288
116.3578823953867
156.31408467143774
95.2723748087883
113.52072479575872
144.9502815231681
192.71961516141891
159.95540088415146
130.12959313765168
100.24845763295889
123.69360153004527
140.59851256012917
127.49678377434611
111.76800253987312
103.65944517031312
117.38609693199396
111.12831261008978
89.51629885286093
153.44337785243988
144.46453390270472
109.64734496548772
130.80776984617114
147.82526902481914
180.70573426783085
168.80434850603342
106.40906627103686
124.93440091609955
132.96514739468694
141.07821783795953
86.33207699656487
145.12414509430528
107.16213371232152
92.21239626035094
150.85297794267535
123.49745764583349
144.07087590545416
528.6548262089491
548.251972950995
252.14131793007255
310.8808232881129
371.0187312476337
169.07175149023533
508.1118522696197
506.92750833556056
493.8893329165876
466.3031546585262
437.87527623027563
444.51753509417176
660.7566263824701
196.95874721184373
365.5172755792737
399.93612525612116
346.6949408836663
466.7642703615129
273.7512520365417
228.18772336095572
501.6350197792053
325.6310603506863
372.6267779879272
313.17891378700733
442.34473533555865
377.3517504520714
223.9172691591084
318.89879324287176
183.31764642894268
526.8542069718242
393.63089878857136
313.8631598353386
257.209596298635
292.04367227852345
268.29396649077535
502.91738883033395
225.73119392246008
278.77357985824347
563.0681128129363
243.0868683308363
336.7526882775128
290.65812100097537
401.02489222586155
345.15303644537926
526.066582120955
396.1659030690789
523.883182503283
414.3841178789735
343.37873390316963
513.7694487422705
186.65002005547285
180.87880069762468
179.44207786396146
272.8908830732107
232.71688107401133
187.19776010513306
153.0001191869378
172.49349404871464
203.80912671238184
235.91814847290516
172.3953649662435
210.9543319940567
173.1731917336583
95.97401823848486
197.99765045940876
251.61845812946558
177.17294798791409
140.11715173348784
190.5832168608904
189.0577959753573
205.09944799169898
174.1506539694965
215.56390907615423
154.90335877612233
191.52520071342587
165.08106607198715
148.5919564627111
235.17559891194105
198.47209826856852
182.35233252122998
147.7635602094233
121.7996026687324
153.9350178875029
265.02965005487204
111.03365249931812
179.01264152675867
195.57369726896286
236.49029349535704
188.60916178673506
224.95893298089504
177.10216173529625
129.61870015785098
172.0643752887845
122.51430350542068
169.16043887287378
178.6296664774418
185.19290203601122
181.57912351191044
214.56614929437637
184.93175012245774
86.62752376496792
154.53740602731705
165.9299286082387
150.35949095338583
178.96970922499895
93.90068013966084
102.03323974832892
148.7803403697908
98.63047133013606
134.4511322826147
129.84808500111103
166.5357745066285
162.6802238598466
91.65965703874826
148.5627677217126
111.47473992034793
126.97279569134116
109.88681984692812
159.16449931263924
143.54251993447542
151.6466524079442
138.25576870888472
140.81233709305525
192.72251357138157
161.87014707177877
103.32645015791059
87.3320399262011
182.57656574249268
120.6354857198894
161.71578588336706
94.82767847925425
119.83701982721686
149.9718312509358
120.50343686714768
127.58712896704674
153.59884913265705
136.01176404953003
153.15287940949202
138.13358218222857
169.00127128511667
95.98481197655201
107.54168383032084
144.5863839238882
165.7008046284318
123.6723871678114
179.6616015136242
159.8379119336605
144.63809190690517
115.1199316419661
163.14237555861473
113.29110549017787
121.95918168872595
121.42541861906648
67.42056230455637
94.6745627373457
123.82271712645888
52.18103130161762
151.34375408291817
107.71390242874622
166.5514337271452
126.1925750747323
63.6090427711606
140.59162171930075
112.18033624440432
136.86164980381727
96.66096269711852
130.89221835136414
156.62042346596718
76.95208104327321
148.4246819242835
177.30860544741154
123.23507810756564
111.41063008457422
131.5305021442473
124.67273207381368
62.78622964024544
82.47991628944874
97.95460393279791
105.55388137698174
87.0798920430243
109.46573385596275
158.25061509758234
154.4249329790473
90.6462277956307
136.04334393143654
136.80794163048267
170.66014917194843
123.53769697993994
98.4380546361208
112.03042454645038
116.65908878669143
156.3141729235649
100.18341327086091
100.25378984585404
98.58433954045177
94.13774506002665
132.01163983345032
121.15016738325357
102.97545944154263
118.18362985923886
179.14317053556442
164.13166972994804
126.335912771523
161.1402221955359
115.89275361597538
147.54913236573339
118.3984326981008
192.10486540943384
179.25845398008823
140.83032716065645
166.2605373300612
157.02521495521069
69.63463876396418
158.1960772536695
155.72477215528488
148.18831011280417
82.80018480867147
127.51190017163754
198.61937852203846
132.22578224539757
137.55497655272484
125.97424065694213
205.57831808179617
195.79272387176752
203.41648653894663
138.16065086051822
114.19846521317959
179.74653597921133
141.35259002447128
177.36600118875504
229.67303586751223
143.39448798820376
107.40334729477763
150.8838122971356
146.6073162741959
113.88868638128042
108.11703785508871
192.5703212171793
172.75166995078325
160.8113387823105
98.05711669102311
75.68720199912786
142.23404769971967
102.82988073304296
148.66591053828597
183.58285100013018
77.70033154636621
132.47208628803492
177.65900227800012
217.96836261451244
128.93993124738336
176.19112926721573
211.44271375238895
146.23427052795887
163.3480551764369
150.0969500914216
120.17848586663604
172.1231437139213
182.13813830167055
176.28915261104703
98.67848587781191
102.17616181448102
138.05793937295675
167.24390705674887
167.1669429242611
150.8094020150602
161.84656654670835
187.1764773055911
175.29825468733907
136.98022997379303
120.1083434894681
180.12077521532774
176.58965322375298
174.35572192817926
209.12030018866062
184.59434282034636
148.91854348406196
177.21105871349573
162.5990123525262
119.12620581313968
162.41223012283444
172.72843351960182
72.68487422913313
164.6592143587768
172.77733393013477
59.16248659789562
129.8090750798583
141.3523885719478
150.17404833436012
131.67051128298044
191.04124487936497
120.3386264629662
127.98120268061757
135.5478883497417
163.78073492646217
134.2136424332857
174.45832566544414
124.94810441881418
102.2643942721188
225.365796379745
126.66537160426378
147.48584857955575
194.30617909878492
191.72104351595044
168.41744976118207
133.14385268464684
130.01939524710178
145.77476569637656
202.84773326665163
145.69772482290864
202.31985197216272
204.96565188467503
172.83227825164795
166.7803013883531
223.0576701834798
137.0943209156394
171.320491746068
125.82214824482799
179.8453419394791
126.84546048566699
139.04884201660752
239.5180910974741
152.04776035621762
181.40712885186076
174.91238618642092
229.6734088808298
148.18486496061087
166.3474773839116
126.2859986461699
255.19211815297604
141.56625312566757
166.5135896280408
130.70901788398623
192.65795448422432
242.23942644149065
190.14615786075592
219.19239570200443
109.86232528835535
156.8373608775437
164.8729147017002
209.0657353028655
183.67465933784842
238.4153500124812
201.04565864801407
185.4683815948665
179.66524081677198
171.9913069009781
161.54842349514365
168.60740450769663
122.20428563654423
