498.28118896484375
507.1741943359375
529.0030517578125
522.8423461914062
528.4843139648438
432.66015625
474.3138122558594
618.6871337890625
582.2283325195312
518.0169677734375
476.379638671875
675.2186279296875
641.4576416015625
758.2977294921875
648.7621459960938
543.3841552734375
363.8623962402344
498.35040283203125
505.50250244140625
528.4412231445312
616.2951049804688
586.473388671875
511.99810791015625
586.5125732421875
442.2962646484375
625.3672485351562
656.7886962890625
605.1414794921875
543.59765625
555.0753173828125
514.7864990234375
492.0515441894531
555.0800170898438
541.295166015625
580.483642578125
498.597412109375
468.43231201171875
459.0758972167969
737.3026733398438
569.6192626953125
374.9689025878906
446.3685302734375
743.0792236328125
599.7053833007812
537.729736328125
577.42919921875
405.3836669921875
458.32525634765625
373.42938232421875
643.4391479492188
532.2321166992188
485.30157470703125
565.8665161132812
564.1959228515625
665.2305297851562
491.50213623046875
636.8414306640625
556.0535888671875
628.993408203125
472.716064453125
609.7132568359375
628.1907348632812
497.8536376953125
681.2900390625
579.088623046875
551.9707641601562
534.0706176757812
658.7669677734375
478.8892822265625
522.1533203125
623.46484375
413.0686950683594
407.98944091796875
421.03143310546875
506.6390075683594
563.7455444335938
553.6442260742188
641.2310180664062
648.0665283203125
548.0443115234375
409.03082275390625
714.3316650390625
519.33642578125
675.190185546875
471.25164794921875
374.8018493652344
371.70086669921875
477.6336975097656
537.8125
496.0781555175781
639.0909423828125
557.2351684570312
468.5311279296875
479.545654296875
566.2916870117188
649.7852172851562
437.3138732910156
576.6439208984375
495.52288818359375
501.514892578125
554.2685546875
719.636474609375
603.6737670898438
660.6392211914062
506.57012939453125
565.509765625
469.54241943359375
602.1821899414062
469.59442138671875
450.8035583496094
459.79046630859375
397.31500244140625
564.85791015625
637.54638671875
484.1428527832031
645.7839965820312
359.565673828125
592.1831665039062
472.9939270019531
501.04791259765625
549.9998779296875
561.0068969726562
514.4105834960938
551.330810546875
509.8899841308594
482.48797607421875
459.99322509765625
519.345947265625
602.0955810546875
444.550537109375
469.6861572265625
577.8679809570312
437.150634765625
555.4426879882812
563.4118041992188
486.50079345703125
513.242919921875
534.5311279296875
587.46923828125
461.1994934082031
592.0025024414062
440.9454650878906
519.9051513671875
518.1441650390625
589.2169189453125
597.1904296875
491.47967529296875
550.6173706054688
362.92816162109375
678.390625
553.2127685546875
592.6292724609375
545.7206420898438
451.01959228515625
456.182861328125
680.7062377929688
607.0350341796875
371.20904541015625
587.6658935546875
573.361328125
489.82171630859375
659.5763549804688
569.9237060546875
482.8070068359375
300.3537902832031
598.76416015625
691.2009887695312
477.7710876464844
566.2457275390625
601.21240234375
412.7154235839844
514.4219360351562
497.75775146484375
496.77618408203125
575.1541748046875
364.11663818359375
561.5286865234375
514.9613037109375
554.4410400390625
446.82147216796875
495.31243896484375
422.78802490234375
550.6474609375
473.3852233886719
503.32733154296875
570.8976440429688
499.7595520019531
523.1192626953125
474.4360656738281
413.0352478027344
519.9240112304688
645.1378173828125
528.9024658203125
681.6126098632812
591.385009765625
506.9925842285156
529.3846435546875
565.8865356445312
457.23565673828125
354.4148254394531
609.2017822265625
593.2274169921875
601.283203125
512.7152099609375
574.4168701171875
476.3667907714844
466.8009033203125
607.7646484375
582.8387451171875
539.2052001953125
627.38134765625
590.2601928710938
450.8912353515625
596.072998046875
528.273681640625
462.29681396484375
587.9898681640625
429.3728332519531
430.845703125
390.8275451660156
634.2450561523438
555.6259765625
565.5533447265625
516.3035278320312
380.6168212890625
387.8247375488281
589.87744140625
565.548583984375
513.3873901367188
330.8381652832031
509.25665283203125
530.5960083007812
492.67205810546875
400.7684020996094
396.38665771484375
557.57958984375
394.7106628417969
402.1366882324219
570.358154296875
638.2496337890625
742.1658325195312
508.72833251953125
566.974853515625
511.13885498046875
554.47607421875
581.751708984375
502.76495361328125
453.33746337890625
626.5655517578125
471.1517333984375
521.6226806640625
433.9535827636719
482.839111328125
504.4034423828125
473.10546875
503.87890625
539.767578125
557.186279296875
500.6814270019531
508.69195556640625
665.4842529296875
611.7272338867188
448.06903076171875
447.8994140625
503.8995361328125
626.6458129882812
601.3656005859375
568.98681640625
484.3456115722656
538.2467041015625
553.5657958984375
675.5010375976562
458.11138916015625
688.2647094726562
631.2860107421875
433.1902160644531
590.7496337890625
536.1640625
664.9737548828125
657.724853515625
513.8076171875
614.2613525390625
550.8671875
543.9776611328125
463.8207092285156
513.1489868164062
693.48583984375
512.3695678710938
555.9906616210938
424.8704833984375
519.09228515625
511.08245849609375
598.1207885742188
558.5799560546875
763.30859375
545.974853515625
547.3193359375
442.73651123046875
548.2466430664062
534.56982421875
548.7515869140625
580.046630859375
691.427734375
492.88104248046875
524.400390625
558.244140625
423.347412109375
426.609619140625
471.17071533203125
450.3543395996094
551.4844970703125
557.5697021484375
574.9052734375
453.24481201171875
617.3818969726562
459.376220703125
651.4447021484375
542.3388671875
398.13983154296875
652.2106323242188
492.20172119140625
568.94482421875
584.8977661132812
416.015625
483.2375183105469
553.252197265625
508.97979736328125
570.248046875
594.5320434570312
404.13311767578125
459.97772216796875
367.42388916015625
395.0964050292969
574.0211181640625
500.6397399902344
531.7631225585938
531.1080322265625
530.7294921875
530.6599731445312
564.761474609375
604.5527954101562
499.978271484375
501.36962890625
515.730712890625
483.3979187011719
617.8958740234375
506.62774658203125
605.0972900390625
714.761474609375
608.5496215820312
558.1654052734375
495.0130615234375
457.96453857421875
463.23577880859375
528.1336669921875
601.1007690429688
520.1447143554688
476.7896728515625
589.4078369140625
493.9718017578125
440.1981201171875
478.24884033203125
518.3102416992188
463.941162109375
504.7279052734375
493.100830078125
444.6665344238281
386.696533203125
523.6670532226562
440.93109130859375
537.6029052734375
682.245849609375
540.9771728515625
552.6207885742188
523.7117919921875
512.63720703125
663.0338134765625
532.0908813476562
507.610595703125
602.0831298828125
496.3352966308594
546.5926513671875
533.9357299804688
485.6487121582031
606.12158203125
575.67138671875
461.15972900390625
397.3787841796875
626.0252075195312
514.46044921875
537.052978515625
506.72686767578125
545.5096435546875
490.86273193359375
554.2041015625
605.434326171875
462.80999755859375
618.417236328125
495.3131103515625
258.9910888671875
669.563720703125
621.349365234375
458.115966796875
561.454833984375
570.0403442382812
714.6943359375
542.7274780273438
444.65380859375
777.4657592773438
498.6011962890625
444.94146728515625
492.1036071777344
584.47119140625
548.563232421875
571.64990234375
551.06201171875
562.8102416992188
566.8780517578125
518.273681640625
487.1545104980469
581.9862670898438
501.6537170410156
573.6419677734375
453.915283203125
576.930419921875
604.4284057617188
605.4722900390625
355.8333435058594
665.3626708984375
524.255859375
421.8653564453125
432.70916748046875
567.1268310546875
487.8363037109375
471.5916748046875
475.78729248046875
554.37548828125
737.5675048828125
624.45361328125
597.2496337890625
593.8483276367188
502.50299072265625
449.99163818359375
391.3453674316406
390.36053466796875
452.9541320800781
426.9271240234375
429.8729248046875
659.2191162109375
406.9991455078125
489.0914001464844
488.857666015625
444.87689208984375
464.42095947265625
521.18408203125
612.9639282226562
533.8787231445312
643.1583251953125
638.6318359375
489.3050231933594
439.738525390625
591.8433837890625
528.1383056640625
570.1339111328125
427.43280029296875
546.8115234375
577.969970703125
527.4261474609375
541.743896484375
641.2730102539062
517.822998046875
486.861083984375
552.4378051757812
403.4466552734375
444.76837158203125
494.023193359375
307.58380126953125
469.5919494628906
639.025146484375
598.3931884765625
655.4508666992188
407.64984130859375
554.3870849609375
722.962158203125
569.2189331054688
596.94091796875
540.4286499023438
611.6329345703125
563.0523681640625
552.4693603515625
645.9769897460938
507.0399169921875
591.8912353515625
735.664306640625
467.29632568359375
553.0150756835938
565.187255859375
563.5380859375
588.3709716796875
574.0709228515625
433.178955078125
616.1517333984375
545.5845947265625
623.9911499023438
607.8758544921875
446.52764892578125
564.7568359375
573.529052734375
593.6002197265625
582.013671875
656.315673828125
563.7509765625
621.6151123046875
508.82061767578125
746.8827514648438
369.1954040527344
517.3468627929688
643.457275390625
621.4259033203125
556.7666015625
403.37139892578125
648.030517578125
355.38970947265625
545.0947875976562
451.4054870605469
578.44287109375
601.889404296875
492.37860107421875
541.1947021484375
497.8475341796875
445.1205139160156
391.9332580566406
508.23101806640625
606.1533203125
524.1844482421875
515.716796875
639.3465576171875
522.9150390625
439.0796203613281
506.4617614746094
405.72125244140625
553.9146728515625
689.62255859375
528.3272094726562
441.9775390625
551.1333618164062
446.1455078125
647.330810546875
556.5042724609375
454.67041015625
671.2744140625
696.8160400390625
604.1583251953125
467.9571533203125
488.938720703125
661.5973510742188
517.9124755859375
555.7982788085938
491.0528869628906
465.1915283203125
563.9674072265625
526.0884399414062
656.7200927734375
582.3671875
530.8468017578125
477.6552734375
503.50439453125
454.15911865234375
489.1129150390625
477.98046875
511.5198974609375
467.6893005371094
512.603515625
595.452392578125
495.20196533203125
680.476806640625
369.4103088378906
584.6298828125
560.375
424.8018493652344
478.8934326171875
561.005615234375
647.5046997070312
470.2818603515625
471.1308288574219
495.052490234375
654.6375732421875
597.4375
598.9339599609375
755.7333984375
530.9423828125
597.0517578125
652.731689453125
682.6755981445312
454.57330322265625
584.105712890625
466.2242431640625
472.58514404296875
540.9681396484375
499.0385437011719
591.4591064453125
643.62841796875
454.80609130859375
394.34588623046875
588.5874633789062
632.2000732421875
432.2074890136719
628.8621826171875
499.6951599121094
600.251708984375
484.1566162109375
541.1859741210938
541.2657470703125
523.8388671875
491.52142333984375
451.860595703125
592.9622802734375
620.6810302734375
550.5050048828125
336.369873046875
632.1586303710938
486.51434326171875
621.0897216796875
385.2982482910156
602.2357788085938
411.60479736328125
555.8461303710938
435.96380615234375
608.4271240234375
596.0556030273438
608.3750610351562
692.3663940429688
502.9437561035156
700.9252319335938
701.3099365234375
634.9769897460938
676.6882934570312
463.3840026855469
536.7765502929688
643.8983764648438
514.1361083984375
537.6209716796875
473.3424377441406
557.9698486328125
540.5609741210938
629.417724609375
650.6427612304688
613.2042236328125
693.9039916992188
457.1726989746094
514.2655029296875
643.3621826171875
555.3142700195312
543.1986083984375
559.3624877929688
494.356201171875
449.945068359375
608.3804931640625
525.2698974609375
545.5654296875
503.5787048339844
738.5795288085938
478.32684326171875
524.8671875
554.8085327148438
698.8712158203125
560.7816162109375
488.9256286621094
475.15484619140625
655.2996826171875
666.983154296875
494.4498596191406
570.8123779296875
378.45751953125
585.444580078125
601.629638671875
599.103515625
588.3363037109375
552.0164794921875
677.2305297851562
654.4627685546875
550.8816528320312
500.4068603515625
492.4194641113281
619.780517578125
564.2481689453125
543.3505859375
468.0643005371094
677.7705688476562
464.07720947265625
686.1177368164062
563.186767578125
561.4085693359375
386.0665283203125
536.2608642578125
714.904296875
603.77880859375
444.828369140625
484.18206787109375
482.5631103515625
509.8993225097656
530.458984375
561.8014526367188
389.33465576171875
443.7752685546875
587.094482421875
500.5995788574219
411.10150146484375
493.0484619140625
555.3033447265625
415.9488525390625
434.8937072753906
611.816650390625
436.0645751953125
485.45697021484375
441.0357971191406
498.3145751953125
449.18768310546875
569.4153442382812
581.7276611328125
656.7316284179688
337.62237548828125
450.6850891113281
450.53265380859375
389.82940673828125
634.6878662109375
541.670166015625
523.3831176757812
519.27734375
611.2349853515625
501.1858215332031
538.3692016601562
484.25244140625
591.0202026367188
478.4910888671875
511.376708984375
539.1842651367188
498.6269836425781
390.881103515625
381.2652587890625
685.7608642578125
550.9889526367188
517.6810302734375
613.19775390625
502.72088623046875
418.63037109375
478.3574523925781
790.5892333984375
573.43408203125
490.2422180175781
600.5198974609375
585.2469482421875
633.4478149414062
471.85968017578125
537.207763671875
469.987548828125
604.0562133789062
525.0782470703125
506.38385009765625
458.7619323730469
453.66607666015625
423.57904052734375
516.9259033203125
482.384765625
485.88134765625
541.495849609375
362.1393127441406
592.0675048828125
412.16754150390625
639.9515991210938
571.5521240234375
467.39410400390625
492.93914794921875
505.8807373046875
531.79052734375
367.2370910644531
425.17626953125
375.039794921875
685.4730224609375
779.8545532226562
457.28289794921875
619.203857421875
709.1598510742188
611.0496826171875
627.4415283203125
645.4217529296875
493.75494384765625
554.1768798828125
530.22900390625
595.4521484375
558.5040283203125
604.78076171875
545.9037475585938
489.6996765136719
497.264404296875
627.4203491210938
613.547607421875
487.5076904296875
690.8065185546875
462.4090881347656
590.6879272460938
497.17681884765625
500.0271301269531
569.5808715820312
743.9300537109375
564.1666870117188
610.2725830078125
708.7236328125
543.1511840820312
603.553955078125
587.880859375
626.4012451171875
574.3057861328125
681.16162109375
674.876708984375
408.73779296875
567.97802734375
437.242431640625
484.80450439453125
488.2018737792969
626.4957275390625
503.5862121582031
535.7681274414062
560.5221557617188
605.652099609375
458.14422607421875
569.4464111328125
535.9907836914062
470.12701416015625
542.4740600585938
401.4508056640625
534.550537109375
583.8475341796875
570.25244140625
614.1607055664062
532.3965454101562
682.981201171875
517.9440307617188
682.7860107421875
469.4505920410156
607.22900390625
684.1787109375
518.860595703125
455.32537841796875
528.4338989257812
495.3302001953125
388.251953125
586.7396240234375
772.66259765625
702.1842041015625
380.98992919921875
708.142333984375
531.8551025390625
590.095947265625
520.5704345703125
448.239013671875
452.1252136230469
463.9549560546875
648.6671142578125
414.97723388671875
506.5283203125
386.090576171875
688.5859985351562
517.2314453125
514.3186645507812
424.56689453125
649.005126953125
589.3739013671875
501.5235595703125
534.3709106445312
527.9073486328125
423.23516845703125
468.140869140625
564.0560302734375
472.07354736328125
620.265625
483.12335205078125
539.2442626953125
599.3694458007812
570.4937744140625
492.69561767578125
471.5899963378906
521.1875
501.0882568359375
359.6435241699219
457.5546875
595.3983764648438
472.38043212890625
502.6224060058594
492.3970642089844
566.3841552734375
456.2677917480469
578.375
528.3285522460938
553.436767578125
578.0399780273438
587.631103515625
582.0138549804688
487.6466979980469
627.796142578125
451.2601013183594
422.94384765625
585.85546875
607.2691650390625
622.2984619140625
588.5275268554688
538.4434814453125
461.07012939453125
631.73583984375
564.8505859375
741.2262573242188
647.391357421875
620.761474609375
479.94635009765625
548.5718994140625
564.13232421875
532.5226440429688
619.2637939453125
596.59326171875
547.795654296875
646.7613525390625
573.2591552734375
580.3782348632812
570.3179321289062
634.607421875
511.22857666015625
581.598876953125
606.9716796875
422.1219482421875
391.925048828125
382.0464172363281
454.152587890625
635.756591796875
468.521240234375
656.673828125
509.9511413574219
470.2464599609375
613.8717041015625
600.7926025390625
455.23974609375
592.9395751953125
583.6699829101562
523.4611206054688
627.0728759765625
485.69476318359375
577.1610717773438
556.2493896484375
569.9071655273438
586.49755859375
543.7328491210938
505.13128662109375
477.6077880859375
570.8349609375
461.5306396484375
418.6534729003906
498.4464111328125
552.625
436.6160583496094
619.3680419921875
532.8115234375
444.2752380371094
462.10345458984375
444.37139892578125
575.5819091796875
568.0206298828125
583.1168212890625
513.2095947265625
515.8895263671875
403.8105773925781
468.2448425292969
464.1496276855469
527.098388671875
534.7257690429688
422.4508056640625
517.0663452148438
641.42822265625
516.7789916992188
383.0440979003906
624.301513671875
652.4403076171875
565.48486328125
387.5814208984375
540.4454345703125
632.6669921875
734.9934692382812
605.4725341796875
615.593994140625
570.2265625
616.6717529296875
686.3087158203125
381.40081787109375
433.4331359863281
561.70947265625
566.139892578125
423.3066101074219
575.9440307617188
593.6923828125
463.6924133300781
463.6634826660156
595.938720703125
382.1338195800781
570.8624267578125
597.427978515625
579.1615600585938
598.6168823242188
628.6778564453125
468.3724365234375
578.9012451171875
614.1270751953125
675.92236328125
531.139404296875
465.8670349121094
512.0516967773438
503.10394287109375
704.34375
550.8980712890625
529.5405883789062
567.357666015625
530.6795654296875
604.015625
621.494384765625
698.2574462890625
544.2117309570312
506.60772705078125
672.201171875
525.1275634765625
590.7060546875
522.4861450195312
592.6845092773438
504.63665771484375
489.5104675292969
444.18994140625
421.0504455566406
581.777587890625
617.5887451171875
421.2093811035156
441.4270324707031
604.6865234375
469.6209411621094
446.3687744140625
631.1217041015625
575.7642822265625
553.984130859375
473.92071533203125
638.49267578125
474.47943115234375
592.330322265625
398.97216796875
587.9373779296875
448.39532470703125
606.4462890625
576.8126220703125
648.188232421875
484.98822021484375
605.0463256835938
607.0843505859375
581.6433715820312
554.0263671875
351.8106384277344
459.11920166015625
523.7249755859375
544.6343383789062
473.2261962890625
522.4522094726562
516.805419921875
661.8228759765625
337.93115234375
507.064208984375
584.4546508789062
422.1513671875
544.748779296875
563.1854248046875
398.4751892089844
558.973876953125
708.87841796875
436.03955078125
506.6920166015625
674.267578125
484.11846923828125
498.13531494140625
615.8182983398438
451.7657165527344
525.15673828125
615.1448974609375
647.3978881835938
605.7559204101562
603.2847900390625
520.890380859375
456.1408386230469
609.453857421875
597.0889892578125
513.9415893554688
608.77587890625
552.7418212890625
549.1102294921875
615.581787109375
319.6654052734375
490.398193359375
484.4619140625
436.23699951171875
560.8693237304688
613.462646484375
414.590576171875
511.67169189453125
443.7923889160156
408.06365966796875
625.000244140625
545.854736328125
654.2284545898438
529.7329711914062
415.406005859375
683.1956787109375
573.029052734375
559.3975830078125
519.2445678710938
524.4482421875
515.677978515625
558.59228515625
381.865234375
566.9454956054688
376.9505310058594
459.37835693359375
500.8021240234375
551.0975341796875
582.2603759765625
466.749267578125
443.45697021484375
547.6038818359375
575.4632568359375
416.3509521484375
672.4494018554688
543.7793579101562
434.1375732421875
501.54510498046875
575.3283081054688
424.8946533203125
499.653076171875
511.01904296875
715.3262939453125
752.6673583984375
543.9515991210938
542.6605224609375
622.3388671875
649.679443359375
586.6199951171875
616.5313720703125
552.84375
514.1395263671875
721.8439331054688
447.0311279296875
423.548583984375
568.5479736328125
529.459716796875
396.32647705078125
568.015869140625
495.1173095703125
460.3758544921875
486.80389404296875
520.2862548828125
511.412841796875
782.9727172851562
531.9019775390625
543.322265625
447.3397521972656
645.8887939453125
548.128662109375
516.6112060546875
551.8851318359375
637.96875
321.3964538574219
624.6181640625
590.3681030273438
594.5716552734375
412.5162353515625
435.87469482421875
530.2128295898438
595.5750732421875
623.8643798828125
587.9483642578125
502.253662109375
636.3414306640625
614.9903564453125
553.841552734375
516.8509521484375
541.6724853515625
667.2609252929688
551.7133178710938
527.80224609375
663.4539794921875
671.3207397460938
652.8473510742188
588.0245361328125
475.25311279296875
415.736572265625
560.8212890625
607.77294921875
579.9977416992188
646.0980224609375
611.54541015625
583.6918334960938
486.45306396484375
593.2500610351562
610.7191772460938
559.1502685546875
458.97467041015625
556.2479858398438
570.6270751953125
512.3583984375
444.3518371582031
396.1923828125
587.57763671875
688.0670166015625
526.852783203125
643.38916015625
574.9893188476562
495.1487121582031
541.26513671875
641.2919921875
605.5284423828125
550.3073120117188
570.2880249023438
572.1481323242188
498.39794921875
445.49444580078125
672.4429931640625
520.48388671875
606.2971801757812
509.533447265625
750.3900756835938
438.372802734375
606.9801025390625
558.8125
692.7171020507812
585.08349609375
524.4161376953125
365.30999755859375
596.5438842773438
564.189453125
517.115966796875
642.6187744140625
587.9495239257812
610.1156005859375
444.3758544921875
448.3622131347656
493.2425537109375
466.92767333984375
566.4342651367188
663.74365234375
458.9908447265625
596.2109985351562
601.041748046875
479.2745666503906
588.390380859375
463.1037902832031
587.4637451171875
414.1574401855469
640.6522827148438
516.6514282226562
560.391845703125
309.3183288574219
587.682373046875
529.6832885742188
367.00079345703125
595.145751953125
622.048583984375
535.5614013671875
542.5059814453125
346.20562744140625
518.5523681640625
509.0663146972656
520.0091552734375
577.9705810546875
516.1919555664062
468.47625732421875
480.04620361328125
735.3740234375
495.29791259765625
498.833740234375
597.9573974609375
641.9317626953125
527.0155029296875
513.3321533203125
555.0344848632812
535.1897583007812
610.4539794921875
562.897216796875
516.2593994140625
512.4556884765625
246.4251708984375
533.985595703125
478.2085876464844
740.0543212890625
648.202880859375
783.2959594726562
394.70440673828125
445.0964050292969
576.7191162109375
426.7256164550781
565.17626953125
575.2728271484375
442.9801940917969
522.78076171875
506.1021728515625
564.1207275390625
622.1004638671875
563.6484375
627.5570678710938
535.4144287109375
633.0865478515625
490.6229248046875
544.12353515625
611.7298583984375
588.8953857421875
536.0084228515625
581.5240478515625
652.96875
478.96514892578125
486.923095703125
451.568115234375
637.4723510742188
637.6090087890625
615.0380249023438
603.9854736328125
559.2529907226562
523.5924682617188
528.737548828125
671.8184814453125
526.8828125
412.16180419921875
529.9315185546875
444.62860107421875
477.4903869628906
596.4390869140625
464.3432312011719
350.32659912109375
412.53619384765625
694.802734375
415.12188720703125
624.3262939453125
626.1514892578125
517.3009033203125
634.7263793945312
334.1537780761719
747.9349975585938
491.1355285644531
662.5810546875
615.9345703125
542.7125854492188
551.134521484375
661.6279296875
576.0360717773438
618.0421142578125
414.2898254394531
431.5611572265625
541.9117431640625
576.78564453125
622.125
672.4724731445312
427.8493957519531
655.78125
428.0138244628906
682.4299926757812
428.7353820800781
679.9373779296875
422.87261962890625
437.5992126464844
587.0504760742188
512.5639038085938
490.6914978027344
553.607177734375
409.43609619140625
599.410888671875
483.494873046875
535.6364135742188
555.27099609375
670.48095703125
774.6898193359375
546.1424560546875
605.28515625
455.3873596191406
491.8677673339844
691.1170654296875
578.2320556640625
594.4354858398438
495.6139831542969
592.1254272460938
549.2854614257812
465.24017333984375
528.0911865234375
575.5960693359375
354.91461181640625
644.5421142578125
532.9974975585938
515.828857421875
536.1485595703125
565.0187377929688
559.2994384765625
686.4812622070312
535.9678955078125
484.5172119140625
707.0775146484375
391.1353454589844
439.23309326171875
432.73394775390625
524.3860473632812
628.9105834960938
434.7077941894531
538.5672607421875
614.3692626953125
540.2769775390625
600.2842407226562
530.909423828125
514.4935302734375
558.8788452148438
439.1019592285156
682.1368408203125
467.2400817871094
650.1004028320312
515.4525146484375
608.1470947265625
627.20458984375
450.0935974121094
565.79638671875
542.8262939453125
406.84674072265625
646.1312255859375
652.7772216796875
475.57098388671875
506.626220703125
637.9293212890625
524.865966796875
530.7172241210938
619.3428955078125
419.5030517578125
671.2186279296875
583.759765625
568.0617065429688
500.59918212890625
593.0614013671875
588.3843994140625
684.3348999023438
687.0084228515625
419.76995849609375
485.534912109375
725.8661499023438
542.1964721679688
647.8665771484375
496.3721923828125
574.7579345703125
624.9068603515625
669.322509765625
518.7052001953125
737.2608642578125
587.9156494140625
705.3546752929688
638.765869140625
597.5723266601562
669.5261840820312
625.63427734375
514.6439208984375
555.2447509765625
485.7857971191406
452.82501220703125
510.6129150390625
445.03839111328125
454.23516845703125
636.451416015625
501.2813720703125
588.28857421875
385.6932373046875
448.969482421875
636.705078125
550.9390258789062
568.5796508789062
422.57159423828125
564.1827392578125
577.357177734375
567.9729614257812
685.28173828125
670.8741455078125
575.80322265625
481.6956787109375
508.8749694824219
499.8370666503906
550.072021484375
518.0223388671875
535.7115478515625
526.89013671875
461.33441162109375
527.0946655273438
568.1913452148438
469.8984375
516.8416748046875
645.8802490234375
543.8861083984375
631.822998046875
534.5477294921875
573.44775390625
448.142822265625
489.91912841796875
585.0267333984375
368.3056335449219
404.31549072265625
590.5375366210938
656.471435546875
574.135009765625
416.544189453125
537.2677001953125
566.508056640625
597.3827514648438
649.6690673828125
587.5643310546875
538.7219848632812
448.2465515136719
535.8231201171875
511.695556640625
620.987548828125
546.811279296875
457.179931640625
548.4982299804688
514.7083740234375
438.55340576171875
531.050048828125
519.6644287109375
644.1029052734375
522.6318359375
670.1640625
502.12152099609375
489.1080322265625
499.3720397949219
586.83837890625
485.702880859375
527.4641723632812
515.3721313476562
448.414794921875
469.4772033691406
497.5154113769531
570.86279296875
625.4699096679688
456.007080078125
475.5508117675781
625.7939453125
665.4776611328125
513.41455078125
501.9256591796875
598.5165405273438
507.5560302734375
640.1558837890625
596.0099487304688
542.576171875
546.2286376953125
601.6398315429688
521.137451171875
348.7972717285156
665.3536376953125
491.8882141113281
499.25616455078125
581.2256469726562
501.5813903808594
470.4441833496094
675.7885131835938
592.7196044921875
542.307373046875
629.184814453125
561.055419921875
409.4334411621094
586.4517211914062
582.7861328125
666.75732421875
564.3187866210938
506.126220703125
454.7242431640625
550.3189697265625
615.4336547851562
453.1497497558594
482.281982421875
541.2285766601562
646.0155639648438
562.8628540039062
728.7112426757812
491.4571838378906
537.8798828125
631.7186889648438
612.3580322265625
651.1983642578125
560.732177734375
542.2259521484375
429.6881408691406
641.216552734375
633.1015625
651.6468505859375
401.768310546875
586.885498046875
600.4078979492188
524.7034912109375
597.873779296875
402.5316467285156
550.6846313476562
453.4599609375
511.7512512207031
436.55535888671875
547.7195434570312
610.1436767578125
532.829345703125
487.22259521484375
392.50439453125
552.3981323242188
630.115966796875
629.9595336914062
561.325439453125
531.633056640625
670.7379150390625
472.2916259765625
532.8228759765625
516.3309326171875
592.2456665039062
523.0889892578125
563.2501220703125
536.2559814453125
703.9981689453125
534.9142456054688
520.1625366210938
558.3114013671875
565.764404296875
406.2010192871094
607.9176635742188
564.67822265625
464.0211486816406
456.8550109863281
492.4371337890625
689.0791625976562
534.0213623046875
588.9307861328125
521.8862915039062
469.3293151855469
588.4139404296875
714.6949462890625
428.021240234375
572.6161499023438
438.70941162109375
536.8546142578125
528.5150146484375
469.78631591796875
507.1229248046875
313.77923583984375
615.5465698242188
518.7147216796875
606.5567626953125
763.127197265625
585.45166015625
493.4436340332031
620.6099853515625
643.982421875
581.60693359375
428.6778869628906
505.66619873046875
651.166015625
554.988037109375
487.7315673828125
465.71392822265625
584.627197265625
469.38250732421875
604.2236938476562
702.961181640625
536.4032592773438
572.31494140625
592.8267822265625
706.4362182617188
633.9583129882812
417.5953063964844
635.379150390625
507.30517578125
713.4052734375
442.731201171875
486.93768310546875
615.9891357421875
606.49853515625
541.17236328125
636.9131469726562
341.12060546875
512.2721557617188
529.1583251953125
607.7763671875
548.6168212890625
592.9718627929688
524.4417724609375
595.1840209960938
549.997314453125
630.311279296875
427.47784423828125
431.78912353515625
550.11669921875
488.7842712402344
508.27215576171875
576.6484985351562
484.24310302734375
633.078125
542.6610107421875
501.45587158203125
687.9103393554688
652.3565673828125
496.79534912109375
528.57421875
519.3387451171875
440.3119201660156
618.5216064453125
642.6192626953125
449.9759521484375
590.1094970703125
611.8544921875
552.7503662109375
639.2506103515625
624.8964233398438
574.4073486328125
425.5195007324219
581.4967651367188
515.984375
631.177978515625
481.9304504394531
638.2626953125
502.5466003417969
658.819580078125
640.788818359375
651.1968994140625
556.030517578125
497.53961181640625
505.8171691894531
612.0509033203125
477.26470947265625
501.6592712402344
571.8338623046875
292.0979919433594
700.2511596679688
498.5729675292969
535.9036865234375
659.2769775390625
612.6576538085938
608.9267578125
419.377197265625
622.1550903320312
599.118896484375
612.7757568359375
455.46209716796875
633.983154296875
575.0968017578125
581.3005981445312
493.2865905761719
571.2517700195312
497.0317077636719
661.2218017578125
510.53662109375
566.072509765625
464.8034362792969
723.3043212890625
544.136962890625
447.51904296875
537.7724609375
517.2015380859375
447.12884521484375
613.7627563476562
434.087646484375
381.31402587890625
491.43304443359375
425.858154296875
598.220947265625
455.0805969238281
472.74652099609375
581.313720703125
710.7216796875
656.6435546875
516.3838500976562
540.680908203125
503.899658203125
595.9778442382812
552.6010131835938
495.27740478515625
523.8407592773438
612.0989379882812
459.3388366699219
592.7926025390625
361.88116455078125
521.7706298828125
575.4192504882812
561.3509521484375
372.29559326171875
378.50372314453125
477.9868469238281
403.7927551269531
429.54022216796875
433.327392578125
613.8197021484375
419.17779541015625
542.4422607421875
619.7860717773438
698.943359375
721.994384765625
544.4260864257812
495.112548828125
584.8994140625
668.7025146484375
553.47119140625
560.8207397460938
585.1001586914062
474.2516174316406
551.5286254882812
681.492431640625
529.4564208984375
569.610595703125
371.359619140625
541.9766845703125
576.481689453125
574.2273559570312
494.08770751953125
616.2962646484375
602.973876953125
726.971923828125
547.6912841796875
549.1497802734375
476.6562805175781
545.0185546875
545.79931640625
564.2759399414062
586.4087524414062
724.6289672851562
710.881103515625
507.86737060546875
630.7754516601562
461.18597412109375
462.98834228515625
572.493408203125
523.7068481445312
639.39013671875
439.66998291015625
511.942626953125
517.6875610351562
472.5653991699219
716.0882568359375
629.1071166992188
540.5655517578125
395.6712341308594
708.9445190429688
476.3216552734375
630.9734497070312
560.4798583984375
488.2357482910156
658.4158935546875
483.57098388671875
557.98828125
579.3408203125
514.1896362304688
628.9254760742188
627.04833984375
459.42913818359375
427.9118957519531
526.4849243164062
595.912353515625
508.35198974609375
578.6382446289062
537.1578369140625
631.70751953125
519.3839111328125
449.0011901855469
502.27423095703125
506.4290771484375
541.93408203125
515.5573120117188
522.1373291015625
416.681640625
505.2718505859375
411.741455078125
516.8323974609375
414.73406982421875
489.375244140625
615.157470703125
771.6455078125
494.2835998535156
658.667724609375
466.43780517578125
592.5849609375
563.090576171875
630.1463012695312
536.59716796875
648.865966796875
493.52301025390625
579.8380737304688
497.15643310546875
711.7428588867188
490.030517578125
583.6773681640625
481.3945617675781
519.1235961914062
675.2098388671875
474.5350646972656
571.5028076171875
500.8526611328125
573.2133178710938
676.3208618164062
516.6217651367188
532.6256103515625
593.5071411132812
466.4255676269531
600.9274291992188
478.70989990234375
708.6686401367188
645.61474609375
619.703125
587.4383544921875
485.3143310546875
524.7635498046875
428.5853271484375
682.5062255859375
426.3924865722656
541.6318359375
554.935791015625
542.8209838867188
621.22021484375
442.3908386230469
448.8072509765625
695.446533203125
678.4080200195312
644.557373046875
555.3489990234375
627.5220947265625
474.16375732421875
680.6981201171875
583.431396484375
553.1407470703125
602.5546875
510.1317138671875
648.6004638671875
532.989501953125
520.7583618164062
733.5603637695312
485.73419189453125
565.5328369140625
576.2443237304688
570.20751953125
620.6321411132812
420.50189208984375
601.3541259765625
496.2648620605469
551.7891235351562
608.0963134765625
406.6096496582031
451.7194519042969
539.4046630859375
629.9088134765625
748.799072265625
548.4724731445312
655.9878540039062
602.596435546875
542.5504150390625
567.1373901367188
454.2939758300781
455.3740234375
366.626953125
758.4232177734375
571.7026977539062
580.628662109375
717.992919921875
541.677001953125
498.7115173339844
499.3370361328125
578.511962890625
646.9029541015625
500.41522216796875
584.4393920898438
652.5943603515625
448.17889404296875
529.1732788085938
497.5494384765625
580.3248901367188
391.5269775390625
515.1021728515625
357.26226806640625
490.30712890625
630.1610107421875
599.777099609375
498.48101806640625
409.59124755859375
633.3207397460938
534.1077880859375
624.698486328125
479.9427490234375
511.5031433105469
423.43988037109375
526.401123046875
479.4029846191406
390.7261657714844
659.4688720703125
545.9774169921875
413.8447265625
429.8609924316406
596.4019165039062
599.9166870117188
437.75408935546875
476.90679931640625
600.4478759765625
508.69232177734375
572.1493530273438
511.716064453125
458.79547119140625
565.2802734375
542.083984375
477.3375244140625
490.68475341796875
618.5609130859375
421.9872741699219
547.8749389648438
565.1640625
615.662109375
530.1266479492188
684.3021240234375
494.9494323730469
585.67236328125
383.97735595703125
404.10662841796875
494.5399169921875
526.7219848632812
544.0352783203125
517.03515625
519.7824096679688
434.2017822265625
457.19476318359375
739.900634765625
564.063232421875
634.1969604492188
553.8723754882812
495.9385986328125
580.3109741210938
528.6307373046875
590.32275390625
781.403564453125
541.8098754882812
796.9228515625
555.5078125
529.3846435546875
403.191162109375
480.98785400390625
658.2439575195312
712.0653076171875
430.79327392578125
520.727783203125
588.0945434570312
646.555419921875
671.981689453125
613.913330078125
573.7973022460938
451.4073486328125
384.5981750488281
470.46368408203125
560.1111450195312
506.6710205078125
468.8277893066406
589.161376953125
661.0333251953125
543.45751953125
438.29583740234375
590.330322265625
580.08447265625
650.2166748046875
426.9612121582031
518.099365234375
581.017822265625
575.1083984375
528.600341796875
695.090087890625
453.28668212890625
532.0292358398438
568.0689697265625
461.79937744140625
453.70147705078125
776.29736328125
448.1636962890625
486.6087951660156
622.99609375
525.7599487304688
540.9888916015625
627.3367309570312
539.3975219726562
496.115966796875
548.7867431640625
592.27001953125
682.0980224609375
485.15496826171875
689.196533203125
540.4603881835938
496.7564697265625
536.1944580078125
712.9161376953125
635.9168701171875
577.4423217773438
404.75628662109375
462.2182312011719
636.9801025390625
542.7989501953125
717.321044921875
461.1650390625
629.0764770507812
482.7551574707031
347.3576965332031
643.5214233398438
547.1888427734375
644.3619384765625
476.18170166015625
585.4649047851562
490.7489013671875
463.6150817871094
576.9423217773438
638.883544921875
514.1884765625
632.97900390625
530.90234375
488.98150634765625
687.8154296875
613.22216796875
437.1221923828125
442.14019775390625
503.53045654296875
450.88226318359375
586.235107421875
519.8944091796875
559.4095458984375
513.6010131835938
556.3958129882812
456.79949951171875
631.1298828125
641.8809814453125
579.1942749023438
629.3270263671875
677.3179931640625
692.61865234375
426.71026611328125
549.7093505859375
668.6141357421875
634.2393798828125
609.2384033203125
559.3568115234375
680.8841552734375
542.2098388671875
704.087646484375
672.3148193359375
530.9984130859375
572.927978515625
489.2301025390625
434.0380859375
581.212890625
569.08642578125
677.0318603515625
640.558349609375
600.1190795898438
529.36962890625
548.3651733398438
727.1478881835938
538.6924438476562
557.7405395507812
656.0601806640625
530.68359375
472.74853515625
565.7596435546875
569.8080444335938
631.9773559570312
602.1466064453125
353.67974853515625
471.76629638671875
440.2774353027344
600.4354248046875
557.6608276367188
567.8746337890625
578.99755859375
552.20068359375
417.2205505371094
639.012451171875
553.0138549804688
547.13525390625
527.1610107421875
523.3110961914062
599.72119140625
662.2736206054688
567.41455078125
601.7288818359375
631.6810913085938
495.7516174316406
488.4013366699219
547.3576049804688
457.8568420410156
418.53314208984375
551.56103515625
507.8045654296875
627.9122314453125
607.6346435546875
580.0496215820312
467.86907958984375
574.3394775390625
586.2965698242188
561.143310546875
670.5657958984375
587.6953735351562
514.5255126953125
552.8522338867188
541.0509033203125
535.3394775390625
626.9286499023438
614.2687377929688
460.5263366699219
612.5391845703125
421.6098327636719
534.89453125
579.0796508789062
470.1231384277344
520.71875
431.66473388671875
472.37969970703125
416.83642578125
482.57647705078125
553.532470703125
563.844482421875
492.2939453125
494.9421691894531
634.8340454101562
682.095458984375
607.04150390625
568.9013671875
634.9501953125
658.4152221679688
529.4845581054688
557.7782592773438
626.6578979492188
533.1444091796875
364.51727294921875
511.89801025390625
740.1968383789062
662.7200927734375
535.8803100585938
667.4822998046875
430.1417236328125
579.9439697265625
370.0955810546875
651.8143920898438
613.3985595703125
643.98583984375
457.06732177734375
665.3948364257812
551.4521484375
624.9631958007812
468.4933166503906
569.5555419921875
654.6104736328125
557.6837768554688
588.3936767578125
568.625732421875
516.8529052734375
481.547607421875
393.59619140625
613.2745361328125
695.0578002929688
549.4910888671875
476.4613037109375
477.1649475097656
555.479248046875
557.68408203125
541.2021484375
500.29791259765625
556.23583984375
642.4178466796875
626.455322265625
574.9554443359375
535.5797729492188
554.4976806640625
562.7379150390625
643.3563842773438
420.318603515625
518.6251831054688
666.7442626953125
633.14111328125
499.9804382324219
589.514404296875
590.93017578125
524.6929931640625
570.1796875
545.6885375976562
494.55438232421875
509.9937744140625
458.11279296875
667.0389404296875
513.522705078125
551.7605590820312
469.592529296875
474.5318298339844
568.9349365234375
675.8055419921875
536.3111572265625
507.6877746582031
584.9513549804688
606.31396484375
492.0781555175781
746.71337890625
588.4525756835938
574.6322631835938
636.293701171875
471.03912353515625
431.27337646484375
435.2725524902344
633.4144897460938
536.378173828125
482.56951904296875
549.4141845703125
568.9644775390625
603.975341796875
546.884033203125
526.9070434570312
579.105712890625
565.2595825195312
529.9263305664062
402.1522521972656
536.3373413085938
426.7734680175781
379.1714172363281
402.96124267578125
499.5740966796875
496.47381591796875
621.0947875976562
671.6900634765625
572.3077392578125
456.3505554199219
696.3314208984375
491.27203369140625
580.1856689453125
562.780029296875
558.2103271484375
468.0039978027344
527.9605102539062
420.37469482421875
560.462158203125
482.6891174316406
554.3592529296875
625.00146484375
665.666748046875
619.3734741210938
549.12353515625
544.2674560546875
492.8802490234375
532.533447265625
399.7640380859375
715.0748901367188
775.2850341796875
453.9947509765625
658.1918334960938
482.71710205078125
633.6435546875
528.659423828125
373.656005859375
390.5585021972656
394.5341796875
487.8197326660156
576.9606323242188
645.62646484375
674.7317504882812
608.5487060546875
653.859130859375
568.5029907226562
540.796630859375
510.9016418457031
600.0692138671875
639.0940551757812
494.6126708984375
574.8341064453125
424.5086364746094
467.9681091308594
566.6702270507812
637.9404907226562
472.1751403808594
542.7347412109375
494.1760559082031
545.606689453125
601.0626220703125
606.1953125
647.5911865234375
612.47021484375
649.2952270507812
659.578857421875
566.9141845703125
564.567626953125
358.97552490234375
475.8447570800781
635.4280395507812
583.6028442382812
487.5957336425781
555.3790283203125
433.5823974609375
479.4490661621094
549.0596923828125
776.0310668945312
448.4542236328125
582.5603637695312
519.5916137695312
664.26171875
558.5840454101562
509.31439208984375
597.7194213867188
682.9339599609375
595.896240234375
653.0768432617188
534.9573364257812
428.6712646484375
583.62890625
620.0817260742188
406.5238952636719
493.2648010253906
612.9453125
555.60400390625
727.7989501953125
567.1871948242188
469.86114501953125
627.7395629882812
516.7947998046875
580.974609375
436.603271484375
572.0307006835938
756.485595703125
406.75738525390625
484.75018310546875
420.8298034667969
638.9840087890625
701.8058471679688
491.1852111816406
542.6536254882812
582.4465942382812
583.7650756835938
724.8133544921875
509.6315612792969
566.1102905273438
487.07647705078125
554.369384765625
518.3240966796875
467.145263671875
514.11181640625
730.120361328125
630.7693481445312
611.9473876953125
543.0157470703125
592.5167236328125
536.4403686523438
369.2001953125
547.93408203125
571.0308837890625
534.087646484375
430.9973449707031
525.188232421875
484.5101318359375
664.02685546875
575.7222900390625
519.0960693359375
527.6055908203125
527.819580078125
513.3118286132812
496.667236328125
521.0039672851562
350.0209045410156
592.306396484375
554.4554443359375
561.1949462890625
505.16400146484375
651.6270141601562
575.0281982421875
462.36297607421875
655.2201538085938
535.6792602539062
464.84197998046875
336.62384033203125
505.84716796875
419.86639404296875
701.912841796875
649.38818359375
503.48846435546875
699.2201538085938
586.6417236328125
588.4249267578125
559.591064453125
649.6586303710938
612.7041625976562
519.1698608398438
515.7108764648438
555.378662109375
519.2612915039062
596.3427734375
440.873779296875
427.3221435546875
580.65625
345.2303466796875
573.7593383789062
564.60400390625
560.727783203125
678.5191650390625
482.55718994140625
436.11309814453125
678.1055297851562
507.5542297363281
543.3411865234375
638.8676147460938
582.1307373046875
425.769287109375
493.0520935058594
567.3685302734375
575.5553588867188
457.26458740234375
492.66619873046875
516.5257568359375
569.04638671875
463.73748779296875
582.1411743164062
487.9873046875
643.440673828125
624.4354248046875
620.5157470703125
684.585205078125
732.870849609375
489.7235412597656
378.6913146972656
550.2796630859375
642.497802734375
675.832275390625
603.9658203125
598.7139892578125
521.51904296875
473.7180480957031
571.0531005859375
668.8931274414062
585.3009033203125
589.5775146484375
535.81787109375
635.2158203125
582.2911376953125
647.8956298828125
524.43115234375
419.4122619628906
420.8553771972656
392.2772521972656
448.9305725097656
564.27001953125
610.14111328125
563.50048828125
540.7445678710938
593.4057006835938
448.7973937988281
598.7619018554688
424.80889892578125
445.3641357421875
554.5392456054688
386.3665771484375
529.8158569335938
520.333251953125
547.2192993164062
582.5571899414062
605.1807861328125
523.056640625
462.2891845703125
474.1993408203125
529.7454833984375
678.651123046875
577.497802734375
394.0017395019531
446.4766540527344
413.7757263183594
591.797119140625
388.49664306640625
675.8184204101562
486.06591796875
553.3692016601562
603.9913330078125
495.3414001464844
570.683837890625
522.5520629882812
555.2039184570312
410.93304443359375
449.095947265625
620.7371826171875
517.5477905273438
747.5439453125
547.330322265625
497.9181213378906
505.1036376953125
652.0109252929688
574.2310791015625
735.5452880859375
599.5535278320312
512.2431640625
651.1327514648438
411.3196105957031
518.8735961914062
523.0327758789062
554.9847412109375
337.42803955078125
529.990478515625
587.016357421875
528.0052490234375
592.5733642578125
430.1647644042969
582.1311645507812
447.3192138671875
491.53466796875
553.43798828125
558.00537109375
573.8701171875
527.3280029296875
534.6000366210938
601.4376220703125
585.5015869140625
450.10595703125
550.7769775390625
683.3950805664062
586.495361328125
583.227294921875
657.2230224609375
607.1626586914062
566.2115478515625
656.7391967773438
419.89996337890625
555.0109252929688
595.77734375
417.08203125
575.3616333007812
575.8457641601562
410.3575439453125
531.0283203125
512.7838134765625
553.02001953125
493.24542236328125
483.3419189453125
718.961181640625
621.14404296875
417.46746826171875
578.9690551757812
523.017822265625
506.50762939453125
597.2445678710938
592.716064453125
735.8594970703125
534.46630859375
516.401611328125
596.2277221679688
548.09423828125
641.801513671875
522.9249267578125
495.5718688964844
576.841796875
594.6170654296875
537.249267578125
621.6570434570312
541.8935546875
471.52740478515625
487.99798583984375
578.0696411132812
689.5072631835938
735.3211669921875
415.36859130859375
567.97998046875
644.5362548828125
736.5584716796875
570.577880859375
720.7167358398438
557.1282958984375
642.5557861328125
520.9019775390625
560.7701416015625
504.3870849609375
484.2459411621094
726.2340087890625
409.31732177734375
499.17095947265625
617.2086181640625
479.5693054199219
497.3226318359375
543.1343994140625
582.04052734375
505.6820373535156
517.9869384765625
490.7504577636719
647.2191162109375
587.6552734375
513.5237426757812
594.9825439453125
517.8833618164062
500.89105224609375
537.9427490234375
640.2186279296875
567.170166015625
601.1067504882812
471.42010498046875
413.5660400390625
630.6743774414062
631.231689453125
735.572509765625
488.42547607421875
414.4671630859375
698.9755859375
421.6321716308594
562.240478515625
792.2041625976562
596.350341796875
588.969482421875
541.4788818359375
570.2059326171875
470.07733154296875
802.206787109375
563.7265625
468.52093505859375
507.68231201171875
414.4994812011719
435.9251403808594
641.337646484375
556.4302368164062
542.2066650390625
499.1968688964844
649.0084228515625
684.16162109375
532.2794799804688
418.68060302734375
570.4085693359375
604.8416748046875
583.6597900390625
481.1783447265625
464.51947021484375
550.8458862304688
561.6336059570312
562.1574096679688
438.786376953125
558.4357299804688
547.1754150390625
588.3300170898438
396.8838195800781
433.5464172363281
500.7738037109375
548.2686157226562
466.07366943359375
563.5126953125
493.3427734375
612.906982421875
573.8297119140625
676.46142578125
419.97882080078125
517.3092041015625
640.82275390625
404.9532470703125
453.499755859375
448.9345703125
566.3092041015625
566.3778076171875
626.4171142578125
459.0031433105469
494.59906005859375
634.699951171875
464.4285888671875
645.7681274414062
431.810791015625
619.870361328125
549.857421875
611.6885986328125
585.7908935546875
440.59307861328125
552.3132934570312
463.1644592285156
661.0518188476562
589.313720703125
570.7164306640625
360.62701416015625
546.3494262695312
573.3142700195312
439.0870361328125
529.4002685546875
442.64703369140625
508.2830810546875
517.2672729492188
570.470947265625
426.1128845214844
706.1242065429688
529.802978515625
506.151123046875
554.0061645507812
686.2543334960938
496.2823486328125
604.3819580078125
453.3095703125
633.3626708984375
580.7006225585938
467.8693542480469
516.0701904296875
384.9487609863281
595.6414794921875
431.87677001953125
596.4492797851562
547.4783935546875
273.4371643066406
504.8466491699219
613.3550415039062
472.583984375
292.0546875
389.07183837890625
594.4193725585938
602.754150390625
455.02362060546875
512.1121826171875
803.941650390625
487.68267822265625
506.50006103515625
362.3971252441406
492.2225646972656
506.2154541015625
519.2213134765625
436.7855224609375
528.3861083984375
402.4456481933594
667.456787109375
659.62548828125
329.5390319824219
457.8130187988281
752.0543212890625
614.3121337890625
428.304931640625
686.1544799804688
552.932373046875
671.8575439453125
677.0687866210938
591.7578125
532.9740600585938
610.451171875
469.22906494140625
461.30426025390625
479.854248046875
501.2305908203125
637.7814331054688
575.3638305664062
502.0927734375
445.83148193359375
481.334228515625
415.3709411621094
642.8013916015625
514.2186279296875
458.2581481933594
661.4678955078125
559.8494873046875
575.360107421875
471.5191650390625
551.521484375
560.7030639648438
531.39599609375
585.458740234375
479.9427185058594
463.0552062988281
549.2296142578125
617.3500366210938
528.12109375
536.9610595703125
606.427001953125
417.3724365234375
552.3081665039062
663.3963623046875
428.107421875
452.16937255859375
479.574462890625
518.262451171875
548.9656982421875
570.807861328125
558.2420043945312
738.3267211914062
646.4116821289062
489.05499267578125
622.2852172851562
346.8302001953125
689.4019775390625
514.0496826171875
457.8230895996094
555.3612060546875
617.1948852539062
506.0960998535156
600.6203002929688
376.5758056640625
488.3968505859375
479.3985595703125
302.81927490234375
630.46630859375
685.5662841796875
559.9924926757812
535.5587768554688
612.6965942382812
437.95013427734375
431.2464599609375
582.1214599609375
585.5848388671875
490.9068908691406
583.25732421875
430.365478515625
488.9110107421875
417.63824462890625
592.0289306640625
559.1058349609375
655.465087890625
796.697021484375
545.9063720703125
708.26611328125
516.1591796875
602.6480712890625
641.55078125
499.798828125
701.2310791015625
483.2478332519531
476.2046203613281
522.326904296875
517.0506591796875
438.4007568359375
529.2101440429688
605.9720458984375
654.1814575195312
701.439208984375
607.7844848632812
549.1439819335938
645.27099609375
738.3248901367188
666.6444091796875
583.6023559570312
397.9173583984375
462.80950927734375
665.7825927734375
395.6225891113281
389.5269775390625
583.2415771484375
535.864501953125
542.178955078125
573.74609375
586.5301513671875
642.7569580078125
546.308349609375
513.73193359375
697.3358764648438
541.2750854492188
347.21881103515625
708.1681518554688
666.4749755859375
683.2442626953125
628.223388671875
520.0670166015625
528.0537109375
653.9735107421875
381.69403076171875
594.7876586914062
441.39129638671875
460.31512451171875
525.259033203125
376.39239501953125
575.34375
554.3724365234375
525.4107666015625
650.0518798828125
569.9124755859375
447.67138671875
576.0762329101562
826.602294921875
630.1641845703125
744.0194091796875
546.1835327148438
481.5335998535156
497.5438232421875
548.9136962890625
601.6173095703125
525.375
559.8724365234375
535.4315185546875
729.598876953125
617.9215698242188
603.1551513671875
602.6884765625
559.8936157226562
395.68536376953125
460.8631591796875
556.669189453125
516.8895263671875
472.658447265625
463.605224609375
524.4566650390625
364.14068603515625
565.6688842773438
660.1170654296875
522.4150390625
604.7538452148438
523.252685546875
486.7730712890625
441.378662109375
561.8988647460938
629.9368896484375
520.107666015625
458.6747131347656
654.008056640625
530.2181396484375
534.6740112304688
617.6586303710938
625.8165893554688
556.831298828125
497.15106201171875
394.25830078125
657.8733520507812
524.9437255859375
616.6221313476562
466.16766357421875
528.6507568359375
533.8291625976562
632.4324951171875
453.12384033203125
698.2999267578125
588.1669311523438
459.1264953613281
561.87451171875
589.55078125
618.8892822265625
527.044921875
418.78125
547.537841796875
496.68011474609375
491.16522216796875
775.5867919921875
520.5882568359375
665.0694580078125
322.02618408203125
703.3416137695312
620.291015625
501.42041015625
608.1256103515625
442.7459716796875
547.0244140625
655.3116455078125
635.986328125
652.06591796875
458.9764404296875
449.07806396484375
593.7803344726562
709.0189208984375
710.04833984375
783.4711303710938
481.2237243652344
477.154541015625
575.7078857421875
449.23919677734375
598.5991821289062
483.648193359375
413.052734375
522.2320556640625
443.7376708984375
332.6383056640625
502.805419921875
494.0672607421875
708.3895874023438
532.4742431640625
477.8062744140625
636.2618408203125
581.1959838867188
587.0299072265625
569.1165771484375
392.61260986328125
454.67578125
464.4720458984375
679.7086181640625
711.0570068359375
556.35986328125
580.3700561523438
582.0076904296875
493.67755126953125
440.41534423828125
570.7886352539062
583.7977294921875
644.695556640625
540.6542358398438
539.158447265625
576.7872924804688
474.6207580566406
465.98095703125
437.36151123046875
602.0001220703125
331.62060546875
586.5831298828125
555.3892211914062
563.173828125
546.6527099609375
551.0076904296875
586.763427734375
453.0285339355469
574.40869140625
544.1452026367188
481.95550537109375
426.614013671875
633.8357543945312
679.7900390625
508.02691650390625
405.299072265625
528.358642578125
612.795654296875
513.6334838867188
560.5675048828125
560.618896484375
435.9799499511719
447.40582275390625
433.0257263183594
504.156005859375
451.29937744140625
499.41229248046875
609.5003662109375
754.5899658203125
605.16162109375
695.52685546875
643.6512451171875
700.4160766601562
570.6062622070312
684.792724609375
589.5496826171875
662.9837646484375
439.7828369140625
547.1356201171875
632.0845336914062
474.7103271484375
523.594482421875
614.559814453125
439.1756591796875
650.4762573242188
665.3036499023438
634.78662109375
480.55584716796875
518.5841674804688
663.118896484375
337.8559875488281
544.900390625
648.0491943359375
458.24176025390625
569.2325439453125
625.9735717773438
556.4729614257812
470.5379638671875
543.7774658203125
724.9824829101562
606.496337890625
660.65869140625
479.91156005859375
582.50732421875
505.8700256347656
583.5965576171875
509.5920715332031
586.9046630859375
615.0075073242188
667.7442626953125
521.26025390625
569.9634399414062
711.3101806640625
552.2818603515625
519.5297241210938
529.02978515625
588.2063598632812
695.2236938476562
554.4337158203125
649.52099609375
623.1361083984375
510.58966064453125
411.0463562011719
576.4050903320312
584.581298828125
486.2613830566406
533.6742553710938
664.1666259765625
519.6461181640625
564.7100830078125
529.0674438476562
381.0669860839844
567.8533325195312
520.4107055664062
468.6612854003906
500.43890380859375
621.3018798828125
347.2789306640625
545.801025390625
492.8927307128906
531.9210815429688
782.86669921875
461.4669189453125
694.6051025390625
636.2783203125
409.15484619140625
729.2052612304688
636.1866455078125
624.718994140625
616.5001220703125
589.1180419921875
514.954833984375
721.986328125
355.3521728515625
692.6119384765625
583.4597778320312
664.1156616210938
647.6958618164062
591.6982421875
467.42474365234375
562.0849609375
562.395263671875
694.53857421875
552.3267822265625
534.5123291015625
432.97979736328125
581.6712036132812
559.3028564453125
571.740478515625
498.36358642578125
562.8375244140625
749.7659912109375
445.34417724609375
536.173095703125
631.17626953125
545.1276245117188
639.2530517578125
557.75634765625
522.391357421875
512.8294677734375
616.2451171875
475.340576171875
401.0243835449219
570.4154052734375
490.3606262207031
551.433349609375
598.8707885742188
489.5079040527344
440.2750244140625
519.08349609375
621.3020629882812
551.7413330078125
598.94580078125
612.6182250976562
481.7673034667969
620.8331298828125
523.4620361328125
611.9736328125
560.2784423828125
457.4002380371094
573.1463012695312
780.8721923828125
634.560546875
484.52935791015625
454.7125549316406
708.7359619140625
544.8844604492188
697.392333984375
462.3419189453125
491.1119384765625
587.5337524414062
544.954345703125
464.819580078125
573.3670654296875
544.1669921875
662.4156494140625
508.97271728515625
539.031982421875
561.31787109375
452.04156494140625
497.72332763671875
680.8387451171875
441.90740966796875
646.7330932617188
418.9527587890625
393.461669921875
601.219970703125
493.47705078125
565.3335571289062
537.6605224609375
459.23699951171875
417.0617980957031
527.010498046875
552.0457763671875
408.45703125
742.3934326171875
499.15313720703125
640.62353515625
526.333740234375
508.6874084472656
583.5301513671875
493.36187744140625
530.2760009765625
513.82177734375
468.87615966796875
605.2669677734375
574.025634765625
625.0089111328125
558.1107177734375
553.017578125
565.0350341796875
699.9518432617188
446.1224670410156
376.99859619140625
497.871826171875
541.8349609375
654.9659423828125
257.3897705078125
541.37939453125
552.8597412109375
535.7098388671875
652.2826538085938
596.695068359375
651.1825561523438
443.219482421875
486.413330078125
369.59173583984375
539.214599609375
533.7174072265625
522.7424926757812
547.29736328125
444.15313720703125
454.71685791015625
516.513671875
571.5411376953125
568.1016235351562
601.1806640625
538.5880126953125
632.59228515625
627.3180541992188
624.7323608398438
569.592041015625
513.0509033203125
564.2411499023438
512.2412109375
730.320068359375
580.0679931640625
615.601806640625
528.3416748046875
640.6837158203125
546.4879760742188
533.4011840820312
476.15673828125
588.3060913085938
597.9659423828125
420.57867431640625
465.26763916015625
436.5058898925781
659.6199951171875
544.8997192382812
632.9674072265625
554.0225830078125
484.9922180175781
621.5551147460938
637.0523681640625
565.0867919921875
475.0327453613281
675.9898681640625
485.86297607421875
541.2720336914062
439.96240234375
469.24639892578125
598.0606079101562
577.4979858398438
461.7037048339844
659.9581298828125
537.4937133789062
503.33074951171875
433.5028076171875
502.8467712402344
465.38323974609375
564.9786987304688
571.0155029296875
531.2353515625
536.3162841796875
626.1480712890625
524.7171630859375
538.3206787109375
600.9542236328125
402.8838195800781
492.2240295410156
688.3008422851562
526.8245239257812
732.6834716796875
544.7099609375
391.7174987792969
560.1746215820312
543.3207397460938
481.5650329589844
645.2125244140625
572.8165283203125
565.9674682617188
477.75164794921875
556.10595703125
513.8177490234375
400.19573974609375
495.05499267578125
564.7015380859375
603.9706420898438
572.2515869140625
491.27227783203125
708.6181640625
560.0546875
664.438232421875
439.76739501953125
446.9910583496094
536.658447265625
592.3035888671875
492.7616271972656
477.160400390625
347.9273376464844
452.9007568359375
548.1005859375
472.8077697753906
630.9013671875
541.2433471679688
593.75
795.7024536132812
464.83465576171875
382.7269287109375
492.86285400390625
451.8433532714844
649.4122314453125
641.6392822265625
545.2999267578125
572.4530029296875
410.38409423828125
703.690185546875
505.41656494140625
523.6187744140625
441.7114562988281
461.2795104980469
553.290283203125
571.6758422851562
510.3849792480469
450.84466552734375
574.8436279296875
485.2752685546875
617.224853515625
567.0744018554688
633.027587890625
344.16192626953125
655.5404663085938
594.5494384765625
512.8488159179688
603.7852172851562
333.8110656738281
346.5972900390625
661.9873046875
607.9725952148438
355.6873474121094
588.404296875
592.0964965820312
479.30438232421875
609.7593994140625
602.757568359375
457.3221130371094
537.5355224609375
585.4309692382812
548.532470703125
534.2109375
410.4317932128906
423.5224914550781
454.1930847167969
537.1531372070312
632.4512939453125
588.1080932617188
582.7980346679688
607.6954956054688
532.8168334960938
727.6077880859375
390.8410949707031
591.542724609375
511.8846130371094
471.4014587402344
352.3449401855469
477.95538330078125
536.298095703125
506.91778564453125
592.7975463867188
583.7196044921875
535.3331298828125
492.0128173828125
567.3056640625
419.1015930175781
507.6824951171875
540.1036376953125
400.3665771484375
373.89495849609375
538.5423583984375
715.32958984375
472.39459228515625
637.4612426757812
804.1551513671875
419.6292419433594
575.36279296875
491.11083984375
508.03985595703125
614.01220703125
557.791259765625
421.3846435546875
559.2564697265625
523.8201904296875
653.8987426757812
618.0042724609375
474.114501953125
502.3607177734375
558.1397705078125
601.59619140625
511.21728515625
633.6927490234375
513.9671630859375
518.2280883789062
578.7377319335938
526.9052734375
525.70556640625
629.3087158203125
526.2714233398438
615.24951171875
529.9853515625
542.2377319335938
594.6575317382812
608.849853515625
711.0662841796875
544.6292724609375
467.9211120605469
638.167724609375
604.3065185546875
602.9300537109375
599.23583984375
565.9114990234375
474.559814453125
304.39422607421875
689.3131103515625
436.2013244628906
590.1898803710938
394.64349365234375
461.11798095703125
517.9901733398438
454.58074951171875
433.98846435546875
386.4322814941406
635.7440185546875
540.5247192382812
528.4221801757812
605.3660888671875
663.2100830078125
628.201416015625
529.2442016601562
718.32275390625
520.713134765625
712.076904296875
590.2657470703125
376.9244384765625
721.187255859375
560.4917602539062
515.9315795898438
509.8935546875
438.4776916503906
447.45391845703125
575.1234130859375
537.9627685546875
459.0866394042969
306.3968505859375
516.1806640625
646.902099609375
446.7625732421875
543.7431030273438
488.43463134765625
347.3501281738281
463.3911437988281
506.26104736328125
434.5553283691406
522.27978515625
566.2251586914062
504.1280822753906
559.21533203125
570.7177734375
606.822509765625
697.292236328125
444.0877380371094
442.6414794921875
676.599365234375
384.92474365234375
636.2877197265625
462.5555725097656
587.82763671875
594.9821166992188
446.50018310546875
517.447998046875
455.24346923828125
634.2333374023438
365.76934814453125
619.20947265625
463.13226318359375
592.713623046875
599.045654296875
593.61865234375
517.54736328125
528.559814453125
469.5207214355469
583.5823974609375
530.224365234375
447.16162109375
543.687255859375
465.6788330078125
594.723388671875
634.4721069335938
352.29351806640625
626.1473388671875
636.9705810546875
615.5259399414062
686.2071533203125
646.381591796875
632.9469604492188
493.076416015625
676.6849975585938
560.9219970703125
475.705322265625
464.39422607421875
627.66064453125
525.3883056640625
553.288330078125
769.5018310546875
713.4738159179688
538.6046142578125
434.208984375
597.2041625976562
588.197509765625
665.9215698242188
637.808349609375
537.0452880859375
477.96014404296875
512.8932495117188
485.6977844238281
530.7579345703125
399.3011779785156
640.3329467773438
696.8868408203125
469.99761962890625
501.5682678222656
518.2268676757812
580.439697265625
597.0139770507812
503.52606201171875
605.876220703125
544.5062255859375
633.30224609375
525.2132568359375
469.3132629394531
516.4991455078125
496.3314208984375
495.7315368652344
631.3135375976562
472.29351806640625
567.0638427734375
367.41082763671875
681.727294921875
418.6473693847656
597.850341796875
551.5480346679688
532.18408203125
440.51495361328125
767.9979248046875
561.2320556640625
525.6583862304688
346.6927185058594
564.6235961914062
553.2562866210938
603.712158203125
465.7035217285156
532.1937255859375
594.6719970703125
669.989501953125
454.8370361328125
585.7321166992188
580.32666015625
523.3336181640625
533.55908203125
524.7158203125
531.6854858398438
703.6587524414062
517.4849853515625
534.5486450195312
671.8411865234375
659.978759765625
401.0370178222656
277.52362060546875
392.0990905761719
449.5238952636719
632.27734375
608.7977905273438
496.730224609375
580.2821044921875
447.5023193359375
537.6316528320312
548.54296875
489.8885498046875
584.6156005859375
597.3870849609375
587.97705078125
435.704833984375
603.6844482421875
447.2333068847656
420.49468994140625
566.9692993164062
556.7156982421875
521.787353515625
601.7574462890625
588.4464111328125
553.1649169921875
465.53790283203125
542.02490234375
472.618408203125
390.38226318359375
395.00494384765625
418.29864501953125
497.5666198730469
485.4610595703125
630.3110961914062
335.5267028808594
634.15234375
486.1949768066406
502.2545166015625
553.59765625
476.9853210449219
571.974609375
515.2763061523438
536.1619873046875
485.9046325683594
480.4759521484375
480.15521240234375
527.7593994140625
511.78948974609375
516.2335815429688
586.5139770507812
359.46405029296875
712.410400390625
568.2432861328125
501.86431884765625
620.1943969726562
519.6029052734375
368.93206787109375
292.901611328125
620.47802734375
544.612060546875
591.8704833984375
549.23974609375
484.9842224121094
585.7128295898438
560.21630859375
548.4512939453125
549.6693115234375
494.7548828125
477.812255859375
510.53485107421875
472.7493896484375
619.345458984375
284.9696350097656
481.72198486328125
573.5509033203125
667.6542358398438
459.1348876953125
540.8753051757812
473.5055847167969
478.88214111328125
514.66064453125
581.1590576171875
508.46221923828125
523.022705078125
484.3849792480469
518.2835693359375
723.445068359375
603.8695068359375
558.3466796875
661.1143798828125
422.88519287109375
504.1590270996094
575.294921875
651.853515625
645.2976684570312
517.3565063476562
584.84765625
530.23583984375
543.33984375
447.19415283203125
621.986083984375
625.2406005859375
515.4642333984375
507.94970703125
556.4080200195312
329.97900390625
530.9554443359375
492.3787841796875
503.211669921875
466.719482421875
646.6055908203125
395.95269775390625
679.2562866210938
536.1446533203125
647.8751220703125
603.568603515625
524.661376953125
501.75860595703125
529.6400146484375
525.9266357421875
652.61669921875
587.2864990234375
443.57293701171875
436.4759521484375
616.8116455078125
521.423828125
426.7895202636719
583.437744140625
682.4664306640625
586.10107421875
407.33074951171875
571.876220703125
488.31756591796875
508.1181640625
522.6416625976562
535.3977661132812
522.6137084960938
647.6326904296875
450.85919189453125
526.8594970703125
657.898681640625
647.0692749023438
464.1165771484375
614.9263305664062
508.6302490234375
572.7906494140625
468.35919189453125
571.4471435546875
562.3261108398438
517.7164306640625
563.0482177734375
418.92474365234375
430.95147705078125
607.705322265625
398.51861572265625
379.0958557128906
614.5362548828125
488.2257080078125
457.2088623046875
586.8589477539062
540.1737060546875
672.4517211914062
412.3808898925781
566.2066040039062
376.7493896484375
554.8722534179688
472.74603271484375
504.2842712402344
482.6383056640625
497.3021240234375
581.3165283203125
551.0489501953125
381.0926818847656
520.08935546875
456.6566162109375
412.8857421875
528.3920288085938
628.1961669921875
525.7901611328125
553.8663330078125
538.323974609375
470.58856201171875
614.3207397460938
645.3331298828125
651.124267578125
667.694580078125
309.9123840332031
470.4994201660156
498.78204345703125
504.2095947265625
614.1116943359375
314.6743469238281
622.8592529296875
472.7470397949219
583.734619140625
552.7373046875
487.2793273925781
538.8060302734375
517.865966796875
353.30059814453125
532.2169189453125
661.7235107421875
680.4439697265625
501.4659423828125
616.1303100585938
564.2391357421875
612.0084228515625
396.2532958984375
449.1341247558594
683.521484375
558.1333618164062
744.1808471679688
509.80584716796875
465.97845458984375
583.80224609375
596.8026123046875
540.2859497070312
525.0689697265625
404.28759765625
446.88702392578125
587.4766845703125
662.3587036132812
593.8517456054688
575.6514282226562
400.4699401855469
541.364501953125
630.9361572265625
491.29278564453125
597.785400390625
463.72564697265625
608.6947021484375
513.5352783203125
631.281982421875
421.5216064453125
622.8055419921875
574.247314453125
480.89044189453125
642.405517578125
429.50213623046875
455.42669677734375
524.6531372070312
581.0182495117188
562.2899780273438
577.0147094726562
493.42767333984375
472.3382568359375
311.4034118652344
695.1971435546875
643.4033203125
489.46142578125
652.3753662109375
448.90234375
622.2161254882812
459.21759033203125
476.84844970703125
545.23388671875
465.5389404296875
677.3587646484375
566.3024291992188
378.386962890625
609.9319458007812
375.64556884765625
624.7733154296875
580.4801025390625
509.3841552734375
414.89044189453125
475.2631530761719
543.223388671875
474.60498046875
620.9280395507812
518.6296997070312
552.066650390625
605.1009521484375
536.7006225585938
618.495361328125
624.755615234375
577.7420043945312
519.8486938476562
604.6436767578125
460.2319030761719
612.7794189453125
590.291259765625
566.3389892578125
488.6834716796875
768.4056396484375
612.19970703125
373.4246826171875
516.857666015625
699.81640625
666.8088989257812
553.585205078125
486.92095947265625
582.0777587890625
504.77691650390625
549.14697265625
436.6910705566406
607.0951538085938
517.10986328125
423.46392822265625
483.1331787109375
535.7223510742188
638.9200439453125
669.5159912109375
498.4817199707031
521.14306640625
542.0626831054688
572.9632568359375
543.659912109375
465.61175537109375
431.77569580078125
533.3342895507812
622.9512329101562
493.1087951660156
648.590576171875
543.5615234375
652.5333251953125
637.4130249023438
666.794921875
620.1312255859375
501.63726806640625
408.23614501953125
667.0767822265625
406.5757141113281
629.2108764648438
385.0662841796875
528.3406982421875
400.63018798828125
402.5882263183594
567.5970458984375
517.801513671875
476.374267578125
601.9027099609375
608.7158203125
423.3853759765625
694.6004028320312
544.791748046875
583.0543823242188
523.8823852539062
568.1651611328125
413.22613525390625
502.7452392578125
493.89410400390625
509.14208984375
613.0344848632812
619.127685546875
585.052490234375
536.560791015625
484.84539794921875
299.76385498046875
627.0609741210938
515.8329467773438
568.6453857421875
512.5887451171875
541.169921875
578.2208862304688
510.8733825683594
451.7442932128906
608.025390625
719.7992553710938
540.0436401367188
589.8285522460938
655.3965454101562
454.93731689453125
634.1991577148438
604.6649169921875
532.32568359375
427.5232238769531
514.3583984375
534.9842529296875
351.6473388671875
671.8948364257812
276.846923828125
599.394287109375
244.01614379882812
615.4456787109375
682.4821166992188
696.9424438476562
516.380615234375
501.63037109375
654.4305419921875
590.5086669921875
550.4427490234375
475.64166259765625
412.86810302734375
514.8123168945312
387.86871337890625
591.7515258789062
594.8839111328125
493.6444091796875
631.990234375
420.7012023925781
615.9664916992188
598.0681762695312
351.24224853515625
637.45361328125
416.1944274902344
644.912109375
672.383056640625
670.390625
578.2536010742188
578.2890625
501.5442810058594
468.3544921875
695.67724609375
532.9732666015625
577.4039306640625
550.6785888671875
420.87615966796875
546.052490234375
420.89739990234375
503.26422119140625
722.71337890625
615.1964111328125
536.8746948242188
517.4599609375
475.1673583984375
515.1141357421875
491.9714050292969
625.814697265625
672.3162841796875
614.679443359375
588.522216796875
506.77093505859375
467.19482421875
474.07196044921875
428.49072265625
483.687744140625
459.3856201171875
523.39208984375
369.8304443359375
524.4255981445312
515.4915771484375
705.4581298828125
466.3221130371094
454.27239990234375
668.4527587890625
516.9141845703125
840.347412109375
480.9376220703125
407.28314208984375
651.2347412109375
674.783935546875
487.66314697265625
712.076904296875
571.081298828125
451.0101013183594
615.7977905273438
731.1718139648438
474.8912048339844
394.995849609375
614.729736328125
416.5248718261719
468.6241149902344
458.2718200683594
530.4784545898438
697.5682373046875
466.761962890625
454.59320068359375
561.769287109375
732.2017822265625
618.44189453125
465.5351257324219
616.4686279296875
563.10888671875
491.42962646484375
508.19134521484375
569.5128173828125
355.212646484375
563.736083984375
543.8905029296875
475.93829345703125
634.721435546875
720.9117431640625
580.8365478515625
468.85162353515625
420.1750183105469
480.6807861328125
561.7111206054688
544.8035888671875
553.029052734375
451.5592346191406
422.2931213378906
623.4134521484375
607.6171875
572.4945068359375
661.8602294921875
611.9324951171875
742.6597900390625
666.0504150390625
559.60009765625
597.939208984375
575.6873779296875
505.2994384765625
713.533935546875
545.6587524414062
554.9274291992188
569.3258056640625
754.4255981445312
636.974609375
453.0684814453125
391.11492919921875
563.195068359375
525.4345703125
413.6520080566406
594.4827880859375
557.6703491210938
552.8320922851562
648.2943725585938
515.291259765625
509.49444580078125
560.4042358398438
569.3809814453125
595.0927734375
591.2037353515625
651.8356323242188
519.1226806640625
450.62615966796875
660.4091186523438
615.5734252929688
593.1233520507812
460.341552734375
504.74017333984375
525.6024780273438
506.65716552734375
656.3960571289062
552.4481811523438
438.0704345703125
743.6529541015625
505.2008361816406
462.675048828125
558.8035278320312
630.9976196289062
551.2103271484375
612.2608642578125
507.4565124511719
510.04296875
619.9808959960938
697.5535888671875
581.8182983398438
642.4898681640625
514.6925048828125
653.3162841796875
372.111083984375
477.53814697265625
553.064208984375
545.9754638671875
550.6793212890625
614.6109619140625
350.57598876953125
454.88250732421875
567.710693359375
502.6203918457031
435.572021484375
597.0343017578125
324.8359680175781
615.6614379882812
576.0477294921875
520.5822143554688
537.298828125
559.81298828125
636.541748046875
537.375244140625
361.9682922363281
532.4396362304688
547.298828125
532.3310546875
526.1777954101562
492.7176208496094
456.7966613769531
336.5056457519531
555.5424194335938
654.2489624023438
448.1354675292969
533.5884399414062
442.870849609375
535.5926513671875
417.0457763671875
582.4472045898438
527.53857421875
550.2423095703125
565.4094848632812
587.90576171875
508.082275390625
563.8018798828125
621.767333984375
484.6640930175781
534.4688110351562
527.6119384765625
531.2130126953125
565.73095703125
678.519287109375
633.9840698242188
555.02099609375
655.59814453125
434.82464599609375
517.68115234375
531.9446411132812
612.36962890625
507.47662353515625
545.6351928710938
417.79962158203125
536.3145751953125
611.4960327148438
609.64208984375
435.51361083984375
392.92034912109375
633.11962890625
503.6305236816406
484.93780517578125
476.9451599121094
552.0330810546875
653.3301391601562
470.5792236328125
607.1019287109375
477.5738525390625
415.78961181640625
544.049560546875
467.63958740234375
437.38543701171875
515.831298828125
590.1757202148438
640.5186157226562
490.87396240234375
311.8379211425781
547.5888671875
464.0703125
500.49737548828125
513.10791015625
531.4609375
660.9821166992188
482.54443359375
602.8812255859375
605.2086181640625
496.23077392578125
478.29443359375
546.9873046875
554.6538696289062
559.4026489257812
556.6189575195312
567.2438354492188
575.2708129882812
752.3599243164062
553.4483032226562
581.1743774414062
388.00970458984375
407.1185302734375
438.7048645019531
592.2283935546875
546.1212158203125
679.6123046875
477.11236572265625
424.75555419921875
558.7246704101562
527.6893310546875
536.27392578125
636.6878662109375
650.022216796875
576.91943359375
420.9476318359375
663.60205078125
468.15521240234375
716.988525390625
407.064697265625
623.2259521484375
470.7196044921875
510.9710998535156
443.76080322265625
527.1209716796875
462.1502990722656
429.4247131347656
485.98065185546875
597.3935546875
470.8414611816406
422.97381591796875
691.488525390625
484.78033447265625
612.2601928710938
508.9366760253906
659.9276733398438
582.6846923828125
465.3591613769531
512.0178833007812
358.00360107421875
667.3633422851562
513.7108764648438
679.152587890625
656.7242431640625
497.41387939453125
607.8458862304688
440.1978759765625
623.5372314453125
379.0274658203125
469.3848571777344
575.4359130859375
559.088623046875
714.0200805664062
605.8688354492188
583.4700927734375
654.089111328125
430.771240234375
441.31463623046875
605.4339599609375
550.3577880859375
463.9710693359375
659.1639404296875
468.4107666015625
607.599609375
532.126708984375
468.0723876953125
380.5091552734375
544.0574951171875
518.0391845703125
503.994140625
616.0867919921875
546.6619262695312
546.2493286132812
414.02410888671875
471.4460144042969
476.47015380859375
562.1077880859375
630.4522094726562
419.5827331542969
381.519775390625
563.8956298828125
577.890625
560.7119140625
525.3690185546875
560.0050048828125
415.5010070800781
601.9243774414062
518.5928955078125
616.4698486328125
383.6642761230469
395.171875
632.95166015625
532.537353515625
492.4737548828125
527.8450317382812
641.0755615234375
548.3656005859375
656.8160400390625
548.273681640625
422.90594482421875
561.75927734375
597.1109619140625
592.4130859375
610.2319946289062
600.2189331054688
698.1959228515625
690.17236328125
494.9002990722656
450.4610595703125
346.43310546875
499.96630859375
534.5467529296875
664.19384765625
485.14202880859375
511.2641296386719
551.5
625.364013671875
578.1802978515625
608.3194580078125
688.876953125
678.642578125
595.8981323242188
628.6500244140625
613.72216796875
476.78680419921875
505.8714599609375
627.905517578125
461.03485107421875
351.89251708984375
589.8942260742188
555.5108642578125
471.77008056640625
546.6166381835938
611.6782836914062
616.1177978515625
419.29541015625
370.55267333984375
522.2398071289062
511.26904296875
349.057373046875
562.226806640625
605.719970703125
699.9801025390625
498.94866943359375
459.36090087890625
622.45068359375
606.1207275390625
445.06927490234375
609.6026611328125
659.1489868164062
549.154296875
447.500244140625
538.6307373046875
611.7862548828125
654.1954345703125
517.933837890625
528.7003173828125
705.0777587890625
523.4424438476562
611.9622192382812
532.7386474609375
580.4207153320312
551.9541015625
453.80126953125
620.0875244140625
543.4922485351562
457.79766845703125
700.3639526367188
463.8349609375
421.87030029296875
518.20556640625
624.9993286132812
682.9141845703125
647.0169677734375
538.1275634765625
578.116455078125
473.93670654296875
373.0907287597656
556.7532348632812
393.43341064453125
581.6017456054688
534.60986328125
458.05352783203125
581.0029296875
599.5552368164062
496.80487060546875
503.92431640625
617.169677734375
499.0187072753906
726.6324462890625
572.9591064453125
609.9644775390625
523.9166259765625
313.23028564453125
527.118408203125
526.986083984375
520.6324462890625
420.8164367675781
599.5252685546875
527.1241455078125
469.6424255371094
486.1376037597656
598.162841796875
600.7637939453125
704.79345703125
567.1340942382812
433.4051208496094
352.21484375
548.8549194335938
530.769287109375
524.4937744140625
472.7007751464844
453.013671875
574.77490234375
647.134521484375
586.9234619140625
513.6074829101562
547.7139282226562
618.8895263671875
498.5884094238281
583.2005004882812
492.9048767089844
630.8109130859375
485.0115051269531
517.9124755859375
439.0343017578125
657.5418701171875
614.265869140625
564.6080322265625
589.920654296875
486.31365966796875
608.8780517578125
767.4404907226562
486.79779052734375
371.5466003417969
590.6570434570312
640.9158935546875
662.4613037109375
462.70733642578125
531.4146118164062
655.3644409179688
674.1658325195312
525.15283203125
559.7071533203125
453.74761962890625
435.7431640625
547.2928466796875
445.52691650390625
550.3074340820312
658.0926513671875
506.49468994140625
532.7442626953125
579.9207763671875
643.98193359375
618.864501953125
474.50128173828125
616.44482421875
564.8583984375
571.704345703125
464.6328125
376.7915954589844
622.7589111328125
533.658935546875
546.9053955078125
557.852294921875
459.0130615234375
415.04376220703125
619.61767578125
430.97845458984375
433.3340148925781
517.45556640625
709.1179809570312
529.0806274414062
512.0100708007812
493.95361328125
649.3348999023438
622.0099487304688
390.460205078125
475.75494384765625
542.353271484375
561.1197509765625
384.973876953125
448.8785400390625
604.47216796875
455.69635009765625
444.31634521484375
590.1521606445312
574.5973510742188
419.6612854003906
432.8428955078125
417.961181640625
564.4163818359375
448.83575439453125
381.071044921875
562.2169799804688
658.85546875
559.0745239257812
511.0268249511719
580.5738525390625
480.180419921875
535.0712890625
455.10174560546875
599.2594604492188
442.7783203125
509.77545166015625
510.8508605957031
653.6767578125
626.599609375
574.4453125
429.4571533203125
411.99835205078125
575.0060424804688
446.7491455078125
696.0657958984375
545.3836669921875
532.595703125
714.5206298828125
448.5501708984375
640.9097900390625
610.0057373046875
405.4022521972656
604.427490234375
572.19091796875
588.6962280273438
615.03955078125
663.0755615234375
627.4954833984375
742.2393188476562
586.7888793945312
531.6819458007812
514.2064819335938
437.5560302734375
639.5783081054688
522.6815185546875
600.9286499023438
438.14434814453125
681.7967529296875
579.8282470703125
684.7778930664062
527.61962890625
603.21826171875
532.5531005859375
603.8635864257812
571.466064453125
692.80126953125
353.22137451171875
682.2794189453125
443.6510009765625
711.2406005859375
726.1430053710938
536.451904296875
660.9835205078125
647.594970703125
599.4990234375
427.9488220214844
491.00958251953125
471.3513488769531
464.78765869140625
404.8052978515625
506.3940734863281
596.141357421875
519.9830322265625
475.992919921875
459.44244384765625
605.0330810546875
441.62481689453125
535.2402954101562
577.75390625
635.1112670898438
454.2364501953125
618.3873291015625
468.6109619140625
498.30426025390625
592.9183349609375
665.027099609375
357.47064208984375
655.3981323242188
464.475341796875
569.341796875
577.162353515625
507.41522216796875
658.2112426757812
484.676025390625
595.79296875
672.8867797851562
538.8800048828125
559.06689453125
610.0302734375
425.361083984375
689.5216064453125
680.4855346679688
648.4102783203125
636.5491943359375
445.2154846191406
416.8453369140625
539.978759765625
532.968017578125
665.0330810546875
528.377197265625
607.7554321289062
413.85638427734375
458.78973388671875
564.0874633789062
600.0452270507812
493.121826171875
530.3209228515625
458.16400146484375
645.9630737304688
445.8199462890625
555.9415283203125
575.2899169921875
415.4481201171875
594.0702514648438
468.30499267578125
429.90911865234375
579.9105224609375
524.0631103515625
718.125732421875
731.4161376953125
535.5875244140625
545.5840454101562
604.789794921875
355.96893310546875
512.4486694335938
603.4298095703125
379.6324157714844
552.23095703125
612.8739013671875
573.30908203125
586.4558715820312
483.6297912597656
494.3643798828125
559.697021484375
551.7400512695312
355.77655029296875
622.1356811523438
480.21612548828125
483.2210693359375
493.23553466796875
626.1583251953125
526.243896484375
579.7650146484375
470.4529113769531
589.2638549804688
744.0010986328125
609.177978515625
587.15966796875
518.4832153320312
615.3963623046875
428.10418701171875
595.5194091796875
376.43780517578125
449.6522216796875
573.4901123046875
680.3300170898438
520.118896484375
658.13232421875
589.1438598632812
658.1263427734375
570.65087890625
484.02081298828125
669.4697265625
696.5712890625
508.7597961425781
538.8822631835938
516.7883911132812
600.1046142578125
614.9391479492188
302.1961975097656
581.4835205078125
596.58154296875
525.34521484375
681.2447509765625
450.2424621582031
477.97540283203125
444.6815185546875
334.648681640625
697.98388671875
514.2115478515625
718.67626953125
455.3502197265625
446.200927734375
497.2146911621094
450.80133056640625
420.1169128417969
576.23046875
645.3507080078125
578.8347778320312
645.4940185546875
398.486083984375
593.76611328125
703.2496337890625
589.8280639648438
450.48150634765625
525.3287353515625
605.184326171875
603.2420654296875
638.5963745117188
513.3097534179688
493.86187744140625
576.2984008789062
635.8973999023438
600.8850708007812
681.6599731445312
507.3005676269531
484.0447692871094
663.3154296875
591.7145385742188
470.2805480957031
664.6036376953125
547.7940673828125
551.060546875
387.64422607421875
563.2750244140625
561.83740234375
575.6387939453125
460.6026916503906
576.739501953125
571.0198974609375
587.61474609375
455.59051513671875
562.3665771484375
631.0382690429688
532.3765869140625
454.758056640625
427.01947021484375
576.630859375
610.9235229492188
592.3657836914062
515.9255981445312
440.83453369140625
728.3370361328125
482.7105712890625
632.5850830078125
530.2235107421875
461.44891357421875
548.529541015625
516.0731201171875
652.994873046875
623.6289672851562
569.6332397460938
444.711669921875
579.8154296875
478.721923828125
406.4591369628906
435.86334228515625
570.0120849609375
583.2019653320312
411.5303955078125
488.7611083984375
423.89349365234375
523.1116943359375
519.238037109375
491.1455078125
707.9274291992188
557.40185546875
530.520751953125
689.278076171875
556.5126953125
552.6680908203125
623.5150146484375
641.7813720703125
399.548583984375
666.034423828125
451.44427490234375
506.1007080078125
627.7637939453125
571.5689697265625
494.67486572265625
519.9432983398438
682.4244995117188
689.3134765625
470.5376892089844
531.5880126953125
333.0845947265625
542.54931640625
604.4594116210938
515.978759765625
516.1046142578125
529.8983154296875
481.8252868652344
476.3943786621094
497.7267150878906
335.29351806640625
412.2842102050781
474.0624084472656
481.3580627441406
598.8707275390625
441.70294189453125
549.1986694335938
432.564697265625
533.1375122070312
479.75018310546875
612.6207275390625
461.0386962890625
593.871826171875
564.7818603515625
464.16668701171875
382.8282165527344
465.91949462890625
498.2426452636719
652.7918701171875
533.93603515625
520.246337890625
440.6069641113281
543.2730712890625
443.0066223144531
624.88916015625
696.2529907226562
445.6046142578125
598.5617065429688
538.22021484375
483.3262939453125
510.51788330078125
434.33233642578125
462.1885681152344
435.3028564453125
529.687744140625
692.099853515625
642.4328002929688
563.7011108398438
538.2628784179688
447.8930358886719
537.1063232421875
499.3088073730469
533.6881103515625
633.98193359375
421.57940673828125
479.2978515625
391.31439208984375
468.66839599609375
478.99664306640625
621.3623046875
579.7598876953125
705.1581420898438
624.39599609375
544.508544921875
610.9785766601562
556.931640625
720.9266357421875
664.4431762695312
442.0349426269531
598.095458984375
604.485107421875
535.1388549804688
544.7931518554688
601.9921875
502.0042724609375
519.8522338867188
631.804443359375
587.4443359375
750.9466552734375
555.2290649414062
622.3746948242188
598.3929443359375
594.04248046875
465.7008361816406
650.808349609375
443.9375
488.3702392578125
590.9896240234375
423.43927001953125
544.2161865234375
599.6470947265625
501.0167236328125
418.636962890625
567.3898315429688
447.639404296875
583.8961181640625
481.29974365234375
624.8809814453125
485.0411071777344
506.4700927734375
579.8482666015625
498.5913391113281
649.5950927734375
496.45684814453125
600.8406982421875
532.0003662109375
700.8721923828125
496.65386962890625
455.11181640625
673.3397216796875
468.5666809082031
607.3499145507812
