160.0
158.0
171.0
178.0
183.0
170.0
174.0
199.0
139.0
193.0
181.0
184.0
144.0
159.0
181.0
399.0
150.0
145.0
157.0
188.0
366.0
339.0
356.0
196.0
141.0
194.0
279.0
193.0
184.0
153.0
341.0
179.0
140.0
170.0
139.0
180.0
174.0
190.0
158.0
180.0
191.0
177.0
198.0
135.0
178.0
172.0
328.0
174.0
148.0
160.0
153.0
185.0
320.0
394.0
156.0
132.0
190.0
177.0
154.0
160.0
197.0
189.0
182.0
166.0
180.0
384.0
344.0
182.0
181.0
382.0
164.0
168.0
168.0
188.0
354.0
177.0
153.0
179.0
345.0
142.0
155.0
143.0
134.0
177.0
154.0
144.0
168.0
159.0
194.0
148.0
190.0
320.0
171.0
142.0
175.0
148.0
280.0
346.0
339.0
169.0
