1165.3141343444586
1182.7699303925037
1227.076187506318
1212.9736963361502
1331.1970584094524
1135.6248660236597
986.1819722354412
1058.01192933321
1265.051789879799
1224.5290326476097
943.2854931503534
929.268524184823
1197.3645765036345
1117.84581913054
829.9677833467722
1456.4354448020458
1059.1308828294277
851.1450029611588
944.4231898188591
1039.29097366333
1119.502572849393
981.4126089513302
1164.5248256772757
1108.0143859535456
1157.7038573920727
1359.6201320290565
1205.8552137315273
1072.1457826793194
1324.0119322538376
1011.4035689532757
1202.9000391960144
869.5420615673065
707.420165464282
1341.8738426864147
1092.4822422116995
994.2985132932663
886.0917532294989
1311.4717243909836
1036.191398307681
1024.041451126337
1001.5173493474722
890.8931736499071
1053.9722116440535
855.4203061014414
849.765832528472
1340.5516300797462
1111.6810033917427
875.3778838813305
1162.5982996672392
937.0214190930128
