1186.723044961691
1211.5548289567232
1258.4400538504124
1237.593048453331
1352.9221900254488
1157.5103559494019
1004.3274494856596
1071.903518795967
1285.043766900897
1249.7778583616018
952.2449544668198
946.0212204456329
1220.226893171668
1139.8117939829826
844.205816924572
1482.8773990422487
1075.9051925688982
860.8327852040529
969.0749717354774
1057.6608251482248
1137.5647498071194
996.9734347015619
1182.9814982265234
1129.793332234025
1180.4845700412989
1383.2251779437065
1231.8527583628893
1091.4460479468107
1347.3971656560898
1024.486286982894
1223.7865060567856
897.2498374432325
719.451768502593
1363.0543117821217
1107.7511791586876
1008.9270296096802
914.2064897567034
1328.5779203027487
1059.2191622704268
1044.506928011775
1026.753615796566
910.4254747480154
1060.735098272562
875.2776608765125
866.952007651329
1362.741375952959
1132.7219093292952
894.0106750875711
1178.2297593057156
959.3017641454935
1056.3544539511204
1093.502587094903
853.9052623361349
1143.6218277662992
973.5565770566463
699.7831536084414
1173.435491681099
1241.1093187183142
1137.3564855009317
1180.4213787317276
1140.6526323258877
1007.8204666674137
1329.7738005369902
902.2449895590544
1059.079705581069
998.9173765778542
1164.808907046914
1077.3959407955408
1039.054073303938
820.4369931519032
1175.6194916814566
975.5025445371866
898.344554439187
1294.367323204875
1244.4309658706188
1273.4442458748817
1551.2210575342178
1166.7107083946466
962.5348964035511
993.1721381247044
1059.4925781935453
1198.290300220251
1263.763194322586
1423.2041941732168
903.5531797558069
1228.2194030582905
1246.8671505600214
920.3055910766125
1098.1244699060917
991.6346320956945
1043.7253481447697
864.1179382354021
1340.0002286285162
1068.7731399536133
1023.1355319619179
1374.4531223028898
1156.2909773886204
971.8540609329939
1157.2661797106266
987.6611334979534
993.0556605011225
1267.5392819046974
1029.2633828520775
1037.8123844265938
1193.1988385170698
974.5475129038095
724.9073604419827
1125.8725209087133
1027.9200519621372
1227.3778018951416
800.8713667541742
1102.0977619886398
1336.2082750052214
1090.0698364973068
771.3667375743389
1219.2946092039347
844.1025741249323
1069.8359865248203
1095.5470433086157
816.066295132041
1313.1928922235966
768.9000380784273
1091.9529172182083
938.7409603446722
798.5016215741634
1066.1282994151115
1086.7218575775623
946.3682748526335
1168.4913097470999
1283.2261742651463
919.6261653155088
1024.5310173332691
893.4890694916248
1017.4672990739346
1160.168587103486
853.4568703323603
1096.0086271315813
922.0623190999031
901.1391186118126
1288.1344549804926
1277.169694751501
1246.2536084502935
1164.245991513133
1071.6660303771496
1120.505020737648
940.2717817872763
952.9152103811502
1111.6551524102688
1000.4611140340567
1109.4912652224302
1068.6287301778793
1075.336012661457
1040.8102063387632
978.5928496867418
1049.1225925832987
946.2884099632502
1438.7412621378899
947.570104598999
921.6207773834467
1205.932729974389
907.3378610610962
916.0767800211906
1245.9074252992868
1226.8633988499641
1260.7104639559984
812.4360973984003
1211.9593161195517
1288.7222604900599
1073.4587988704443
1200.460973083973
1148.1879047453403
1103.8822912871838
651.7878869622946
1078.281128153205
1275.7003155946732
1391.8998487889767
849.906945720315
1457.3151598721743
921.0267666131258
1250.672891765833
1369.2051871716976
1396.715322971344
1183.1871166080236
1242.1501087993383
757.8024087101221
1034.9885223060846
1338.8240589648485
1064.5196163207293
1177.1662541627884
1057.536042124033
955.6566177755594
1033.2562645077705
1418.1949320286512
1204.6023045480251
1132.3474960327148
955.3180459439754
1125.7478690743446
1320.69538526237
1324.7274851500988
1371.319434940815
1316.1318882405758
909.5875240117311
1206.7757700234652
1075.7119627296925
1250.8350744843483
1217.1709068715572
1109.1075075268745
1111.2522600889206
1113.9143806099892
1041.4195792376995
1224.8789010196924
976.2788898795843
926.8143377900124
891.2050605714321
1125.3764981031418
1431.8787281513214
1007.1966026872396
962.6221710294485
1095.1141542196274
1246.914941072464
902.9277452230453
1422.9482889771461
962.5282205492258
893.3392836749554
1087.4499042630196
996.4436747729778
949.6411258429289
1125.4511895179749
970.53399951756
1028.772184729576
916.220405548811
1263.5148105472326
1044.4540737867355
1120.4930170029402
1061.005498304963
1199.0808898359537
1215.0902365744114
920.9715773016214
898.917406514287
1337.2055736631155
1253.067684724927
1102.4411256313324
1118.2204869836569
1006.660547092557
1237.4105415344238
1192.6209326535463
1000.8841106593609
1093.8950779139996
978.1901293545961
1193.2796299755573
1218.2914164662361
1113.2060970067978
854.5047829896212
1228.498712003231
1026.868357643485
978.3318939357996
767.8413984775543
1023.2212579548359
682.0349311158061
1175.7743994742632
1163.7200126051903
692.3767753988504
991.1191066503525
1138.0286888927221
663.446316793561
1141.2918890714645
1015.5059636235237
913.9631288945675
1104.0019650161266
815.550459370017
1117.8009045273066
1355.2410302460194
793.6599166691303
817.3733178973198
1280.9237323999405
834.425202652812
1018.633159801364
1072.6753102988005
1275.4524748772383
1323.9102949798107
1136.639433041215
1140.7527917325497
1449.5688602924347
1074.0958179682493
924.4260416477919
1110.5020632743835
1003.2154994606972
1194.0784125775099
1031.2503904104233
1317.6287395060062
1417.1168575882912
926.008822530508
976.3007825314999
1050.6829942911863
955.9301398098469
1322.0151104927063
833.6862949728966
1435.1737686097622
1028.09803147614
1058.7769480347633
1024.4005277901888
1363.633131146431
1206.6845047473907
715.8150757700205
1165.899473413825
775.2005126476288
1025.7548867464066
960.8272048681974
1276.8134661018848
1158.2366472482681
833.4457193762064
1182.7758120149374
1174.8936977535486
1272.3656122535467
1053.7444786280394
1260.4639127403498
823.4072118550539
1198.6750282645226
1015.4286554008722
1020.572390973568
1187.7031487226486
1138.9882840067148
1152.5867056548595
1228.0235072821379
1150.107137992978
865.7792428284883
1492.2408238500357
1140.021868482232
1267.144342288375
1195.0892309993505
1117.8588636517525
1187.2758895903826
1267.2621039152145
1100.7879311740398
802.9125672578812
1192.723963946104
1032.2305593937635
1348.7097672969103
935.7590306401253
1120.8445870429277
1135.787992656231
1107.2005115747452
1250.7004030942917
1009.6909670233727
835.4008256793022
787.781748265028
1044.893397435546
934.4558924734592
956.4519126415253
1250.878760010004
1298.474065080285
1018.7916828840971
1021.1349123567343
1005.7789240926504
1147.5494098514318
962.3216483592987
964.9506701827049
924.3784916549921
1254.4058296978474
1105.127178490162
875.8325030505657
1123.5398830026388
1363.6116352528334
1210.6411544382572
1160.426241621375
1005.0339191555977
994.0563457906246
939.7573371976614
1096.7283382117748
1031.0665461570024
889.2262427657843
1266.3483817875385
835.2437019050121
1191.9506457448006
1084.247468367219
993.1976910829544
1004.4082346260548
954.8527932614088
1130.3854719102383
1278.810327321291
933.1354328393936
892.3551911711693
911.3310005515814
1148.6419675946236
1268.3384630829096
1223.206066891551
876.0180496275425
904.2898054122925
1015.1049539446831
793.9963467121124
1165.5568523555994
1278.6913447976112
928.7231047004461
1504.1572806835175
1589.365340396762
951.5029336512089
1134.4147399961948
972.7562474161386
1285.90869307518
1453.8834750801325
1003.49467715621
1338.1995907574892
1059.055572092533
1076.142770305276
1456.461336389184
1201.7633037269115
848.9737025797367
1176.7496597021818
862.588559910655
878.7774308770895
1247.8909127563238
903.3707574009895
1078.1141525655985
1128.2475092411041
1149.827270925045
807.2556491792202
848.2591819018126
975.5130330175161
1145.2155860364437
974.2467168718576
1009.9409563988447
747.8593040406704
951.602573081851
1107.1844594031572
895.0275573134422
1356.1897546947002
1384.4491905719042
826.7393759340048
1321.8861835896969
1149.2084238380194
846.6973953396082
1206.619654506445
1342.2522314339876
1252.632657572627
1200.8087969720364
874.3514711111784
797.8679881542921
1155.3362756818533
1095.857497304678
876.2814370244741
1479.9185100644827
820.2916427850723
771.2961044162512
1023.7948262393475
941.2212978750467
977.2625890821218
1066.673756301403
888.9234833866358
1033.00174549222
1272.4327336400747
1189.1266123950481
1132.3239854127169
1128.1772304177284
794.3684809654951
1544.2461748570204
798.823761433363
769.541736856103
1011.5315882712603
1317.5267630964518
1172.4103070050478
1308.8795106261969
1172.2501240223646
1234.7369788885117
1226.5173530727625
1374.9681806713343
1231.0289624333382
1178.701201736927
701.005975946784
878.738896086812
1364.0728257447481
1398.8299091160297
1097.6410602927208
848.257471576333
1097.2914056032896
912.7517915815115
1228.7912021577358
928.371117413044
1251.3347005546093
1144.82956469059
978.5247013419867
1036.1571145802736
1025.269297927618
1102.4040505886078
952.4064832478762
1488.3384925425053
1273.401726335287
1069.3094928860664
1063.9730280339718
1130.7561689019203
857.088764578104
1159.104975104332
1200.2646469175816
997.8659976571798
1116.4271523356438
1096.4184529483318
1179.6986421346664
1163.587442919612
1051.2750666737556
1205.1022387444973
1315.0145379006863
1352.9419059157372
1274.0429609715939
1000.4965667873621
948.5288344025612
969.2677441686392
1232.8051356375217
1231.8676219284534
1145.668597355485
765.70443148911
1175.0723477452993
1149.6153928935528
1005.2070406526327
886.0309754014015
1201.1785178780556
945.6345869898796
779.2723277807236
1254.4066438227892
1258.8747799247503
743.8570946902037
948.8014685660601
1064.6829475313425
1190.3660044372082
1167.9870323687792
1214.5963216722012
1245.9963469356298
1405.890274375677
1009.5153477340937
810.0422845035791
1118.4004917740822
1089.3568487763405
989.0294900089502
891.1024252474308
1141.829566642642
1279.5646080076694
1331.2567544579506
900.7987285107374
886.3001805841923
1035.6747618317604
730.5350839197636
1231.5738600492477
1352.3621326237917
1183.8819070011377
1597.0350354909897
1441.6653234958649
975.0929957479239
882.7965105623007
1045.3973091989756
821.9565949887037
1158.2495454996824
1277.5430820584297
1159.609629765153
1210.7222559452057
1008.6326942890882
1044.170689985156
1105.8808151185513
1195.1512210965157
1381.910791143775
909.4318894743919
977.8839586824179
1040.5351906716824
1392.2075675427914
886.5691478252411
992.2100580632687
1184.334504544735
1037.0115655213594
930.940300732851
952.2356943786144
1159.3971319645643
1174.9770290255547
932.5499599426985
991.9182551652193
990.722759693861
1234.4086426198483
1137.831173941493
754.5874968320131
1463.18776743114
1318.729469910264
886.6996485292912
1411.2677042931318
1264.4910250008106
910.0844385921955
1062.8800942748785
1166.8279259204865
1098.695719987154
1265.9801295250654
916.7603252083063
836.5446245670319
995.804784566164
992.574563652277
926.2563124448061
838.6525226086378
1212.2447137534618
912.5466616302729
1035.0488055795431
929.949566245079
957.7477427273989
1377.8549385219812
1187.4163130819798
799.9646496921778
1057.3534301668406
1137.312753468752
1102.2465432733297
1023.3060407489538
1156.0371153205633
1080.0726996660233
777.9912787675858
1183.9563760310411
1240.14088152349
1056.234976425767
1232.0174812972546
1276.6452618390322
1134.3114221990108
991.8428656309843
886.2874897271395
1296.6124693453312
1070.8121636509895
1214.125755354762
1063.50960727036
1073.8608614355326
1143.776841327548
820.4075956493616
1258.3658801317215
1218.3766784071922
1026.7201195508242
1042.1264387369156
1141.341724216938
1093.3639946132898
1195.2437849193811
1039.5261714458466
980.0536630749702
1193.304764777422
931.2503213435411
798.9170340746641
1018.5429280251265
1049.6081727445126
1100.0160123556852
1095.1632071584463
1148.8771211653948
1141.9250869303942
1006.2790219038725
922.6634494811296
867.4913146048784
707.7719283178449
1169.7264268994331
1116.9276807755232
953.7350537925959
1217.556841313839
1119.0904324948788
1148.4393538534641
1323.3507269322872
1270.7354614436626
834.058664932847
1027.9161244481802
967.9034304767847
1350.1918661743402
1064.3769240379333
1556.5760461091995
1274.7670436948538
1058.87679541111
1424.5204793065786
847.0364645719528
1085.9663032144308
948.1737618297338
945.3706834167242
1183.2161002159119
1047.208546474576
875.5715523809195
1022.421290114522
1078.4051513820887
876.4843369722366
891.4637552052736
967.8672038465738
1480.8855529725552
803.1822480708361
1236.6755089908838
974.6814056187868
883.9468729645014
989.0127785801888
1190.4677224904299
995.8578296154737
655.7090430259705
995.6905356347561
952.6101905554533
999.5852846503258
869.8209142535925
935.9396094977856
1048.0969442725182
932.1642224341631
775.0897079259157
1107.399805471301
1351.283215880394
927.3283206671476
1093.5209419727325
1420.1497770994902
1257.1603232771158
732.998405456543
952.7570148408413
1255.8629315644503
1246.5547892153263
1050.5715569108725
1296.5278354734182
1059.5267480164766
1186.4971852600574
968.3882997334003
911.6328474879265
1010.150619879365
858.255291596055
1430.8288415074348
1113.8062851130962
773.2578632831573
875.6318558007479
1162.596102759242
1371.9166659265757
1208.956922635436
1344.164492920041
964.0873190313578
1158.8764918744564
839.7556284666061
1192.6323623210192
1336.6720417290926
927.511109739542
1197.957257449627
733.6945418417454
1222.1365276575089
1209.8916910737753
1184.3074064701796
930.8584261387587
1095.093303591013
1214.231818050146
855.6645880639553
1191.3486488759518
1280.6841354519129
1096.9027325809002
1216.6475688815117
1396.4092860370874
1117.823351457715
1079.9437957555056
1348.5271757394075
1063.8576364964247
1008.3798407167196
910.4934767782688
1303.966991007328
1215.0819410830736
653.7770955562592
1087.3333596289158
1648.7183854728937
1115.1137531995773
1106.2289331257343
1221.3798316568136
1149.8162298947573
1014.522777825594
1117.5668947845697
924.3006168305874
1275.331093505025
1478.2805949151516
1150.5554536134005
1251.3374613374472
1135.1512665897608
1040.0073813945055
999.8534011244774
1027.6949975639582
1258.8604051470757
1115.5937651395798
1108.3027701675892
1226.389943048358
1085.8782338500023
1540.5282403081656
804.413279145956
877.1607047915459
1287.3973740935326
1364.218291297555
1178.5165392756462
1207.2102043032646
1234.8028298169374
727.8960964679718
905.9847892522812
917.1108792573214
1070.424683406949
916.7032999992371
1016.0825533419847
1074.5748060047626
1359.1934455186129
1190.0117405951023
1121.6052637696266
1129.734121143818
1205.4645065963268
1148.3752837330103
817.7287115603685
1035.84035910666
1084.2719632536173
1072.39519572258
953.456912457943
989.6855334639549
1434.1684105992317
1194.4466372132301
1441.7725919038057
1191.0209444463253
1097.7667026519775
1021.19561599195
899.6576469242573
1114.0263746231794
1014.3336815387011
1132.1707606166601
1093.6589948385954
835.6788276135921
1248.7631792277098
1185.9910123497248
624.8879442065954
918.8713358044624
1318.5828763395548
950.9686015993357
887.8391260057688
1144.4672196805477
1112.5365272760391
837.9149013161659
1101.1853026747704
949.3860463649035
859.5884388387203
1345.7659605890512
1009.5088958442211
1360.309977993369
1081.2733549326658
863.0186838358641
816.0187417715788
933.5177258402109
1126.5284209102392
969.3366609811783
880.509563177824
896.2332852482796
1060.7130006551743
1030.9772008657455
906.4776370227337
1291.7250420749187
1412.0066626966
1181.9111105501652
1091.9582119435072
871.80268214643
1318.8714207559824
1050.6714021712542
1210.3835985809565
756.4169338643551
1352.9930587559938
840.1499430239201
924.5960489362478
1369.6720721125603
1274.4939860850573
891.1902539730072
1209.8680798709393
1020.8560192584991
914.0252149552107
1246.1731983423233
947.9508586972952
818.9447532147169
1192.3003203719854
1403.678383409977
1129.1855522841215
881.5532761365175
1002.0045551508665
944.4944576919079
914.3837910741568
1157.623209476471
1189.1031824201345
1306.47321857512
1311.1991663575172
539.3934055864811
988.1190868020058
1177.4567155092955
1334.2037874013186
1145.903653293848
1416.5544171780348
1198.05663266778
1148.5973727852106
953.3115748018026
884.3651672154665
1043.6018869578838
912.7437025159597
1149.4482008367777
1215.9519955217838
1428.9756195694208
1051.568164229393
1156.2119724303484
1310.9564790278673
981.6386228203773
1001.0059675425291
869.0141871273518
912.1125910282135
802.143729403615
1161.896119505167
1141.0106703937054
862.4628682434559
1249.257974743843
1175.649358779192
1260.1277993172407
994.3456295132637
960.4219631105661
1077.1010522842407
1382.7117688208818
1004.4114238917828
1078.3775956779718
1029.4470876008272
1267.641199722886
1199.696521565318
1238.157641902566
1519.9077129215002
1266.4673485904932
1025.087891817093
1231.8747255951166
1128.6298594921827
985.0396858751774
1359.842586517334
1138.8918336480856
953.0047102868557
1237.5866160690784
836.6586393117905
1078.6399059593678
1240.8554203212261
972.643779695034
1301.731571406126
1117.6735302507877
1122.6377065777779
1023.1476894766092
1037.9064230173826
1234.1041416227818
862.2616997659206
1089.0993386805058
761.2138136178255
691.5625064894557
1211.7037512511015
1001.0638334155083
1294.068623483181
1127.6916973143816
886.6269534677267
1186.5344033241272
1150.5789760649204
1341.9248955249786
1021.9455584436655
905.9102252423763
771.3883962184191
1018.9358197599649
1108.1443897932768
1142.980164438486
1237.7988377958536
900.477885350585
1165.6937435865402
1302.3208237439394
1437.6846178770065
960.9538704752922
1176.969375655055
1303.2520185112953
1036.9589927494526
1182.4234074950218
998.4202852398157
906.5561201870441
1298.0728197842836
927.2312317043543
1081.7669101655483
1111.6477376669645
950.184734493494
856.0241542309523
813.5539076626301
1150.4499892294407
972.121143579483
934.2949992716312
1236.0103559792042
1137.0530838370323
982.0472965985537
764.9776062518358
1057.6720272898674
1115.6468056738377
819.1202055960894
977.9540544599295
938.6260192841291
1110.371254682541
1019.0799542814493
992.5368466824293
1072.0570659190416
880.9683479368687
908.8908301144838
864.8260490894318
1159.7421963214874
966.555427134037
1218.6843518018723
781.5567120909691
1089.783251106739
917.7281994819641
941.2329907268286
987.7228914797306
1197.7162958532572
1325.739021345973
1232.906121969223
674.1430934667587
1161.5447645932436
1289.373536631465
788.1106678545475
1117.560111477971
1300.3842201977968
942.4251447319984
1033.9390261769295
805.2151348888874
1069.065254330635
1065.2436036914587
959.7021823227406
1267.5451809316874
1240.3265719860792
892.7687355726957
1341.4862393438816
867.580035969615
1336.5970588475466
972.3429337143898
926.2041223794222
839.0598673969507
835.9449692517519
879.9080325067043
1008.1841545850039
944.3013346195221
977.6528182774782
1016.2902882695198
1177.8401911109686
1073.1067640036345
1310.5947508513927
1113.2461678087711
1216.9828619807959
963.2812964916229
1057.821029022336
1424.649900317192
1121.6876005977392
1214.3478689193726
985.532496497035
1255.3121579885483
1193.0349049568176
1384.7616187036037
936.1512910723686
1134.086073666811
1172.6070697903633
1025.3188592642546
1144.0503971725702
1070.5228941440582
1080.943242430687
1056.997114226222
1110.1468943804502
1213.735128030181
907.7599208503962
1176.171725794673
1092.130534723401
1201.8891728669405
1096.0283599495888
829.682820469141
1167.3839951455593
1053.219212025404
1257.5277176201344
1339.162540242076
1131.08567006886
1229.6417553424835
1179.1438303738832
1204.309332460165
1370.5294057875872
883.732173115015
1388.5736174434423
1339.2554385960102
1080.4880642592907
1324.0104359984398
997.8093903362751
1207.4807917922735
1097.9375716149807
888.6310573220253
793.0249874740839
1263.785293892026
1017.8018905371428
912.444990336895
1115.7378679960966
1245.0067755132914
1309.5027183890343
1004.6303824186325
1121.4027991443872
996.92487873137
822.0799419134855
846.0412032306194
735.6650663614273
1468.6265610903502
945.4177722483873
1031.8004893809557
923.4076806306839
888.8735715299845
822.3374588489532
976.6551406830549
1309.3416897803545
1007.4636466354132
1137.5327750593424
1031.481158360839
1115.2328863292933
1230.050473317504
1299.9983799755573
1074.4796917140484
1252.0813126564026
1082.121173530817
1147.4969798624516
1118.380243614316
1160.5653557181358
1279.526687771082
1169.3431373387575
1147.9315215200186
1063.8499108552933
1198.745813086629
1028.591494396329
1342.3616648614407
998.2496068626642
1031.8293039053679
879.3532611876726
1159.5253700762987
840.2508061081171
1115.244232133031
1401.6376971155405
730.5413300693035
1427.0422881543636
812.4868205934763
923.7940102368593
1286.5215511918068
1063.3324918150902
1153.5224876999855
1283.503352418542
1256.736808821559
885.6045623719692
932.4848298877478
993.7328459024429
1092.7282199561596
1103.7069772779942
896.547341644764
958.4085332155228
896.1868631839752
1179.90897205472
1121.917860031128
1224.8355845063925
1138.2102177143097
1149.8142393231392
1292.5482335239649
850.9677260667086
1239.415645480156
1014.669273018837
976.2881967127323
1195.9966320693493
1220.704637646675
980.5257944017649
1039.3877600878477
1247.5352154821157
1017.4452544748783
1329.543643757701
1245.0125959813595
1296.7139453142881
1097.8552789986134
1250.504649579525
1056.6898637712002
1359.1568435281515
1334.3287925422192
957.5089357346296
1117.8626566380262
1061.4306334257126
1143.3263550847769
910.5921726077795
1173.096607580781
947.5891681313515
1070.1558491438627
1163.5451709926128
1089.1599386930466
1040.495474934578
1075.6522559672594
1129.3965485990047
1087.2578782737255
783.2106570750475
1187.91586817801
1229.5810316205025
1248.6980324685574
1340.4740434736013
1391.0538390427828
1027.2941618263721
1006.4674769043922
1238.1771062612534
1255.262235328555
918.2519949227571
1182.1527096033096
940.8376255333424
694.3019193410873
1385.390523031354
1029.8063379228115
836.6799032092094
1070.5029274374247
1334.6377625465393
1222.648736283183
1307.3488696366549
1377.9703456759453
1302.1617832183838
1343.2220886349678
1046.3912018090487
1136.4139205813408
1402.9111056029797
1110.3257506787777
1190.1033150702715
1228.4923013299704
1085.5717479735613
1308.2177487313747
817.2686305940151
896.6305449008942
908.6082039326429
1036.641537860036
1272.837278649211
1205.9117697626352
958.2447125911713
1048.0443837344646
983.1534538418055
1094.4901503771544
1133.3043030500412
1009.8931278586388
733.8425655663013
1192.0145963579416
802.4635975062847
1070.1429921239614
1259.0240032076836
1266.6713254749775
1176.343156695366
1103.3130774348974
1268.3373484611511
1040.9153100550175
1369.779743283987
1026.0532859563828
1023.3017822355032
1187.545558258891
1401.3759962767363
905.0163832306862
1286.5311063081026
748.5652289539576
1529.7267512977123
1107.9282913655043
1205.9787619262934
1119.177272245288
1088.0193012356758
905.695714533329
989.7071664780378
1137.7887598276138
1052.4712316989899
997.2830826044083
1281.3840996325016
935.2137416452169
1016.7892464697361
1094.7546467781067
1140.357232734561
978.729175299406
1061.324005290866
1100.5297237038612
1213.0362719893456
1312.4076532572508
1133.219474568963
952.7805498093367
1147.8701068758965
1297.0538095086813
1027.3743803203106
1032.3650355041027
1267.7581065297127
1237.2476884871721
1039.9455227404833
1268.314533263445
1140.585300385952
1170.0960018485785
1193.0673348903656
1367.5714954435825
1103.5030418634415
910.686843663454
819.9221421182156
1021.2501290291548
929.3941405415535
1295.9163183569908
1086.0952020436525
1052.9718580693007
1096.3438402414322
1394.7318411022425
950.2536274045706
1478.2969247102737
950.3209236264229
1043.44670855999
1028.9948499649763
1299.616622775793
832.5684078633785
982.8044542223215
1268.5578586310148
1175.0668045431376
935.1977568715811
1022.7431060224771
837.7882858961821
916.5296658277512
1023.5970213860273
1262.086292669177
1039.6902839392424
1246.2368498593569
1398.2764417380095
1195.4942472279072
678.7109006345272
974.9422104507685
1198.8953803628683
899.0594164729118
1365.8595705926418
1269.506447121501
1034.1930542737246
944.2921601831913
997.1026512682438
895.971005320549
1010.5469243973494
1205.295277044177
1161.9330778717995
968.7044160068035
973.122739687562
1246.2415312081575
1287.2676941156387
988.2868012189865
982.4868296384811
1304.831190481782
1321.9486714750528
1383.888058796525
909.163985863328
1060.3047729730606
1250.971330806613
954.6160981655121
992.382415086031
707.9750021398067
894.9743653088808
1352.5109056532383
808.5582006275654
662.7325849086046
1237.07755407691
920.5406204462051
1005.7249208241701
1103.8207589685917
1137.2669499069452
1091.493444338441
1206.1253897249699
1078.997953131795
1028.45318646729
1061.2353966385126
820.0244542509317
929.76104798913
950.4565703570843
1208.2351462841034
955.1220063120127
1472.044782474637
1261.602497652173
1021.6753519177437
1289.4997199177742
954.5406835377216
1132.4285076409578
1365.3722706586123
1324.5621832460165
1278.229177519679
694.3717088699341
952.1910845041275
874.9748341888189
847.642637565732
1295.3374081403017
1295.9357312172651
1097.1898096352816
1072.2287428081036
1184.4425872713327
822.0258494913578
1175.861949712038
1285.4544900208712
1387.048820912838
1076.4608033448458
1000.7412356436253
1090.6566412895918
1125.3553382009268
1214.7977697104216
772.0231449157
868.4123644679785
1238.2381356358528
1068.4604990333319
862.3383994549513
1150.097003504634
1002.8027139306068
965.0851636230946
1198.6658082604408
1021.7655518352985
906.8664776235819
1172.6747839152813
1295.113024353981
937.9024018794298
1011.9332060813904
1327.2949215769768
1074.1119656562805
1297.5968504101038
971.6651520580053
888.7501313686371
1060.1197101175785
1257.8813727647066
961.9823774546385
1113.9904380887747
884.1441252827644
1247.3215863108635
1356.5556735247374
800.8497241735458
1465.8211075663567
1023.4224826693535
1200.7015885710716
721.3835869729519
1143.2228279858828
1050.5385867208242
996.9070189744234
734.1229668855667
1283.488306030631
1310.3563830703497
1007.302512049675
1247.5329412221909
1171.6954658776522
1413.135344877839
1102.179644599557
1460.2564264982939
1083.1696593612432
944.1707309484482
1226.8207170516253
1057.4776189029217
1318.9229080229998
1231.506306603551
869.3331433832645
1065.3021159917116
1186.5372667461634
1358.4860830157995
977.1574164032936
1197.2708204984665
937.7097157984972
890.0867329537868
1356.9302735328674
1083.9157458990812
870.6491942703724
849.9087251275778
1188.8788154274225
1286.448347106576
848.7743220180273
1034.8298145979643
1079.8133200109005
1164.7833767533302
1222.4606600552797
930.1375075876713
804.2942678779364
1271.0672306269407
1350.735456302762
1299.4294216483831
936.5569496303797
1265.6696908921003
1207.810864046216
1018.0633445233107
959.0259181708097
1074.6553314477205
1171.6794345974922
1116.096809014678
1124.1714143902063
840.8861303478479
971.5865204334259
1231.3711297661066
1197.7439808398485
1100.7583866119385
1059.539678260684
1157.235143840313
1455.0481094568968
972.1479034721851
1011.2934031486511
1120.0616639703512
1572.4170006811619
1369.0331871658564
957.0952022820711
1085.6908714026213
1145.6815053969622
1209.22225625813
1332.7692777216434
1024.1431563645601
1057.4120606034994
1021.0929139703512
1228.8363400250673
747.9640521258116
1489.5316184163094
798.42952054739
1184.3874658048153
898.1645587682724
1201.1654040813446
964.2997460216284
1308.5276895016432
1011.2069401293993
962.4186506122351
1429.6318818181753
1032.1703053563833
1031.7050700932741
1479.231496244669
1210.1719146966934
1199.1683557629585
1229.460624590516
1049.460583806038
996.9170244783163
1196.3289657235146
941.9143194556236
1332.3796524256468
1238.092296257615
1139.4417407214642
1128.491800069809
978.523759841919
1289.0218850821257
1158.4105743020773
939.3178185969591
774.9126610159874
1047.669036731124
887.2079173028469
1184.102713406086
971.5779447257519
879.4043848216534
1187.851910829544
1043.8640920519829
726.7825695574284
734.0789106339216
1020.3802768439054
1126.132451057434
1031.5230953246355
953.5899836719036
1437.4775745123625
1176.1187845021486
1233.8624491393566
937.5599339306355
933.1141410768032
1255.9337577223778
1116.64205378294
897.8126061856747
1061.6221110522747
1205.2496357113123
1267.9752664268017
756.7560077756643
1273.3062797635794
1099.759390503168
985.6432236135006
1257.4831985980272
1220.7220977395773
1022.4008820950985
1368.7822981476784
1246.782226100564
1048.8966501057148
914.7336582839489
1258.8325658738613
1058.0771587342024
751.2367962151766
802.3918530791998
1275.7130331546068
1023.2083667516708
966.7489398866892
1061.455297127366
1284.9150334447622
1129.711148262024
1112.4689530432224
1207.191683217883
1146.1585030555725
821.6467823535204
1324.6106671988964
739.1851983070374
1424.0306368917227
1119.0718913674355
1067.949828594923
1270.0245172679424
932.0000640749931
1074.593829602003
1094.9029316604137
1227.5305375009775
953.5217479020357
1168.8257557153702
1465.2868386358023
1222.2776238322258
992.4892763197422
1085.8470461815596
1104.6103987842798
1029.025469377637
1008.9072835892439
1034.347892254591
827.2765301764011
1340.9153836518526
1152.4638021290302
1002.86663608253
1161.5211047828197
1155.4481422305107
897.0960085242987
890.6767671555281
1007.3162346184254
1060.9864381849766
1238.8604114204645
888.2036767750978
1016.6974586993456
1209.9751030653715
1328.075690612197
1248.4005779474974
1150.9128630161285
1117.3877308666706
1206.803070873022
1195.548386618495
1050.857656762004
848.2976866066456
1225.795478016138
1027.0819360613823
907.2235144078732
1118.67033842206
825.5932161808014
1098.9389221966267
1322.9083760380745
1135.5634753257036
857.291935145855
1321.5506777912378
1564.9390475153923
909.210875838995
1099.7586540579796
1211.2865146547556
886.2594953477383
1341.9577284753323
1381.6235330551863
1309.596058100462
1060.5772493034601
1103.9962674975395
1219.8349587023258
1011.1939787864685
980.8624333143234
1319.573343321681
1047.5729844123125
1038.4361384958029
1153.6318445205688
990.5108504444361
860.1356485337019
1078.7187850028276
928.5505243688822
1065.9903032779694
780.1231348365545
938.5796971917152
1250.9090542048216
1120.1565400362015
877.9239254444838
971.1832795739174
1105.3972504884005
1055.4169032275677
834.3517728298903
1215.0552798360586
1465.6142773777246
1068.0539425462484
1067.9453233480453
1051.6438277959824
1215.6436735540628
1205.715096861124
1093.3849021047354
1180.3709351867437
806.5445254743099
968.6640743017197
1202.561412423849
1071.8835290074348
1014.8838184028864
931.7345601171255
899.986757427454
1062.4918618053198
978.6548772007227
1022.0980422347784
843.722343698144
1334.4981764405966
1060.67603251338
1118.2716961950064
1070.0281464606524
965.9194429367781
1278.184937596321
1246.3721363693476
993.3588315546513
958.0891980230808
1176.4697166532278
940.1283312141895
1159.219969406724
965.917566716671
1360.2909842729568
973.3957123160362
1293.2200675010681
1235.0474993288517
1291.8540454655886
1053.8504316061735
1184.6377093493938
884.1794407069683
1022.0312538146973
1074.3042502701283
980.0008555054665
859.1994776576757
784.8503734767437
1220.878286331892
1183.7323561012745
1023.423677816987
731.6098002493382
1166.3985399007797
1034.5941794365644
1305.9363108426332
1279.9072302132845
912.7552978396416
1249.3309638351202
1100.6702398061752
957.5803222358227
793.3005417734385
968.839421287179
1237.6805995255709
1231.4592990726233
1210.749662488699
987.2607834488153
1022.424216657877
1380.414082288742
788.2130395770073
945.851715117693
1154.5907252281904
1146.031851246953
1210.1420132815838
1098.9368907362223
905.474042981863
1074.2254311740398
1238.3033048808575
1101.2973330765963
1038.4882000535727
1371.634144216776
1145.7305824160576
1162.890418767929
1148.1173465549946
1092.571783989668
821.9876856207848
846.8997301161289
937.4299832880497
1266.7496547400951
1241.7277509272099
961.6479464173317
874.8771454691887
1035.830403789878
1056.2156509160995
1105.2070814073086
915.1302606016397
1105.5243684649467
1038.8984524011612
1268.7578219920397
983.2421585917473
852.6820466965437
957.4525900781155
1104.159107670188
1262.8569250404835
1340.9822940528393
875.153766900301
983.2162810117006
780.8448613956571
972.3005074709654
674.0067131817341
864.4970237910748
743.4794217795134
1281.603439643979
1102.5345818698406
1104.4244907200336
934.011691659689
1001.5220991522074
1322.0410261452198
896.37714587152
969.4263892173767
997.7603484988213
1073.7073070257902
1268.173189997673
1227.624230131507
1417.0034702122211
1247.250613719225
1292.7817021161318
1307.4585776925087
1040.051341831684
975.3245029002428
905.0953412204981
1105.705479696393
1328.395005762577
800.1267378777266
906.8678204119205
1111.8164928853512
1419.9617776721716
1152.3921952098608
1230.589709237218
1312.224400639534
872.9615234583616
1394.4085732400417
1084.9041695445776
1058.8781245946884
1217.1453930139542
911.1582017689943
1066.9831676483154
1198.776911482215
1366.537254139781
932.5162556171417
1098.4227309972048
1171.3143358677626
1246.9507484585047
1238.1203031539917
1169.0732501149178
1297.0414199084044
1369.2270855605602
1124.7055261433125
1189.2075569033623
1130.2893852293491
1566.3696570694447
975.9852098822594
1164.569968149066
987.5286137610674
1127.2961889505386
1023.1284606605768
1040.3500915169716
835.9665234386921
828.0276594609022
1371.994836255908
1009.8266074061394
1278.6566596925259
1506.482284978032
1036.2374790012836
1330.3695333898067
1344.0888878703117
1286.170051574707
1228.4539402276278
1085.5656761229038
873.2290819734335
1035.9198941886425
1228.6697573512793
1171.367641016841
1368.1494437754154
1220.8071555048227
1199.0981060862541
982.776184156537
806.0291530638933
757.3521856963634
910.349439099431
932.8848475217819
800.158211350441
1134.346305668354
1087.6566414684057
1405.4268530905247
1322.7574824690819
1062.147675961256
941.0643994808197
986.3600569218397
1165.3891234397888
820.0372529327869
1184.81765525043
1058.4218487739563
1460.482273325324
1369.017383635044
1201.6169530004263
797.744208753109
1068.8906494826078
1199.572059288621
1027.1871186196804
830.6725315898657
1228.5787988454103
1180.606226503849
905.2889641523361
909.474150955677
1340.940507799387
1215.3859383761883
1145.4525215923786
904.2821621000767
1310.5990530699492
1159.8802574127913
857.1263757199049
1124.283723473549
1045.2359560132027
1057.4304095953703
923.7022806704044
1010.0535986274481
1014.5144438147545
1224.0982172489166
863.4682464748621
1147.6920926868916
1125.2816516160965
1266.9875299483538
1001.225727930665
1125.093393817544
1130.2525933086872
1296.7862084507942
1321.2407632023096
862.5134334266186
1010.6183972805738
1333.4024063497782
993.4401119202375
939.0239604264498
1042.7236857265234
931.2055629044771
863.6942383050919
1217.3419677466154
1074.0094637721777
1150.859050795436
1044.063170939684
933.0337506830692
1078.1744841337204
1018.799275457859
936.9333852827549
1287.1543527245522
940.832417473197
1106.817514911294
1134.8045821636915
1083.7095194607973
1158.1592440456152
1070.3201595842838
1144.479336708784
1084.9287797361612
936.9681423306465
935.6801600158215
873.1339187324047
1239.112132832408
945.6259403675795
1149.2857068777084
950.4718146026134
1268.2533833235502
1172.7152290195227
804.2334570586681
714.8700352534652
1563.9860398173332
988.7887452095747
1000.9523807168007
1113.0721532255411
740.3600001335144
1341.3584959805012
1146.7950370460749
1203.2503556609154
1160.3784020990133
919.8921081274748
1049.5187948197126
1144.1712525039911
1132.8094408214092
1176.8290744125843
1134.6947048455477
1184.6162333786488
1137.3532692342997
1002.7146543711424
1036.4651251882315
1204.217969596386
1404.8238683789968
1463.3120895773172
1206.5182816386223
1144.996802866459
919.0979177206755
968.6174912750721
1373.56438601017
1048.5562005192041
1040.6226378977299
1163.5225734710693
1064.1712021827698
1248.2789990752935
793.1270631253719
1334.302453532815
1423.0788273513317
904.1304355412722
1199.3804504424334
1182.4588947594166
778.3281528949738
1148.545799806714
708.1396487504244
1002.4331683814526
1111.3520302325487
862.7112629562616
910.5681679844856
1169.728462100029
1219.258432611823
767.7800303697586
1238.6981800496578
1140.7771903276443
950.6147056818008
1207.7716391086578
1410.3069510906935
1395.4450610429049
1232.5540333986282
851.6661339104176
975.4755676686764
1352.703406572342
1181.2857502549887
886.4652451276779
1072.4402550756931
861.7881950438023
1297.2238388210535
771.0290430933237
1120.519231468439
924.162812307477
1008.5092990994453
1064.4561156183481
1201.659838527441
1152.6390202790499
1189.9681589454412
1208.8658713549376
1045.9858569055796
1136.9726206958294
883.4728422313929
967.415199637413
986.7920144349337
1213.9318735301495
1187.0953051000834
1102.2301515191793
1115.4358317553997
945.7397508919239
1176.1649955362082
953.984064027667
1054.7053590863943
1469.3739223778248
995.8838446587324
1106.599811911583
1155.8446693718433
897.9849339574575
1032.566214069724
1056.8880820423365
1164.1869119554758
1368.3542638868093
1082.7633281052113
849.6527114063501
943.090479567647
1046.2529288828373
798.9806555211544
1025.8058625757694
1174.7718093246222
999.0188203603029
1064.5350902080536
814.3392783105373
984.5055797547102
1368.4333952516317
1227.1177067607641
1047.8340244591236
1205.0852311104536
896.7650697976351
1298.8389925807714
1070.3523775041103
1161.6549252420664
991.9135221838951
908.3028239011765
1356.5863361656666
931.0602284818888
1066.7679243832827
1049.5501706153154
1119.0389105528593
1105.8154708892107
957.9829226434231
970.0645593106747
1091.9172292798758
1149.7490245252848
1173.1070490330458
1142.2565693706274
1007.7954129725695
1044.4291284531355
1087.1194472759962
1120.4331314116716
1246.475509673357
797.0243110358715
1278.3537974655628
784.2445539236069
1300.5501859933138
1059.8306636214256
1072.763023942709
1000.9761148244143
1228.0113186985254
849.7319033294916
855.5023206323385
1148.2277069091797
926.5660146325827
1379.7843014895916
1901.4679294526577
2517.6059420108795
2463.0697933882475
1910.95379576087
2567.097174718976
2169.0775054842234
2179.9271458238363
2484.0526093542576
2393.1269379407167
2056.2723415642977
2370.0490915179253
2063.510670810938
2116.968864902854
1624.439917638898
2750.719410225749
2337.8456510454416
2088.5219748169184
2121.6314904242754
2988.897604420781
2212.746852517128
2231.4835032075644
2915.913546487689
2301.015021055937
2670.8552878051996
2109.566702350974
1413.3211023062468
1711.9004151374102
2994.0308683663607
2097.4139235019684
1673.2793200463057
2627.202663704753
2057.426969617605
1965.3413514345884
1942.3115486949682
2673.843456014991
2279.524647921324
1845.95996555686
2434.937424108386
2428.525175496936
2047.6296367645264
1731.089845508337
2335.11662080884
1729.9572661221027
1851.96877348423
2414.6633439660072
2223.886668562889
1887.5351457744837
1497.7084406167269
2064.977344378829
2403.9667296260595
1260.6173179149628
1073.913627102971
945.7079063653946
1473.029003471136
914.305392369628
1100.4819545596838
842.5577412694693
1038.295710787177
1090.170229524374
1189.031040802598
1025.6413088738918
1273.340741828084
915.3594639152288
980.9853024631739
1274.507912531495
1173.246043175459
1031.6598544567823
1286.710561081767
1390.9562143534422
1072.2643497288227
1083.0406713932753
1424.8128906786442
1055.5542063862085
1197.1213141530752
1444.470174446702
818.5024951547384
890.6864993423223
927.5060835182667
1009.3825650513172
952.3177561312914
869.9833393543959
907.574543312192
1158.1126716583967
1225.3668928295374
1075.5357860773802
1033.8195245563984
816.306993111968
1026.030376970768
906.8852767646313
1061.3893272578716
1399.0880093872547
1187.088695898652
1463.9255652725697
996.1029170900583
864.0030920952559
1077.1740787029266
652.5563051253557
1191.2833597362041
780.0505640804768
1141.677843093872
908.6896020174026
1123.9571568220854
1413.3091769069433
808.0779537558556
1103.7298396676779
1531.1677620708942
1064.257416203618
791.8284872025251
1138.956764653325
1137.5597981214523
1008.0361809879541
1388.043271586299
921.239912122488
890.4514619708061
1083.6735509485006
1154.4462143480778
1130.1052754819393
865.8725663721561
1227.1748316437006
976.1514236927032
1002.2295316755772
1033.808981731534
1072.8769784420729
766.393858730793
854.3327769339085
1137.7624024003744
1202.1607198417187
1202.8425984084606
1444.3822803199291
904.0263647437096
1508.2397416830063
1230.1908382326365
1020.1992737203836
962.6858944147825
971.3549926429987
994.2933968305588
800.4754167050123
969.7479701340199
928.3620700985193
1174.4720745682716
1257.623244062066
957.4147633761168
1086.3795120865107
1086.9447420239449
1040.4676516503096
1102.4550968110561
1027.4583379030228
1342.2258795052767
1163.7513989508152
1163.0422073304653
1030.9969450831413
1139.606201350689
1155.6004038900137
1063.9450186789036
1186.467970430851
1001.0394801497459
1323.9378666728735
902.2297749966383
1075.0467409342527
1245.800491258502
1251.3358246088028
877.8316787183285
1059.0248755663633
1155.0649417191744
1314.196971192956
1005.8933073729277
1056.2374983429909
774.6563271731138
931.3894615024328
1127.7726282924414
902.6720881313086
1003.1594613343477
1318.8790112882853
1063.6232621073723
946.1526453197002
1294.0905004292727
1055.7576545029879
1215.3069836348295
1139.4885676056147
1037.200049161911
1074.6901872307062
979.3261944800615
744.7441725879908
993.7258513271809
1185.854797899723
1131.5344397723675
1152.566830188036
913.8429184705019
1164.1442984491587
1102.4660998135805
1159.5685280561447
1410.7778798490763
1154.9821128249168
949.7103418409824
1055.717018276453
1346.3443284779787
1100.831848114729
1052.0954738259315
728.9764952659607
1211.8944054096937
967.9847115278244
1120.033500701189
1009.4005627036095
928.3067617714405
1166.0298008322716
968.8250390142202
986.8273909240961
875.3942667990923
1219.136740371585
1034.4731217175722
1116.9952829033136
1362.7108482718468
1167.6514513492584
1110.183466553688
1073.0741150528193
906.7238188683987
1003.1424753665924
1171.6309746652842
938.4215077608824
955.9967191815376
972.679258197546
1315.10540792346
1367.8994987607002
776.3129258304834
1060.3226585537195
858.3598816543818
863.7174873501062
1041.0850622355938
986.0747690498829
1000.3096291869879
859.0015993118286
1454.0087330043316
1080.2247245460749
1227.322831183672
1266.2986811101437
1181.34741191566
1152.389086857438
1087.1946357041597
1349.7374532669783
1420.3130442798138
1004.9029220640659
1164.5263704508543
1189.0534977167845
785.6469887942076
1230.4642714262009
1382.3040303587914
1030.7064729481936
1098.4629078954458
998.6459237784147
1029.684406325221
1227.8504661023617
902.9465734362602
1160.7352885007858
1222.7988095283508
1468.9196397513151
1236.1750405877829
1230.2261458337307
862.476468667388
1001.2411210983992
1375.4630309641361
1305.8034284859896
1092.5150279700756
1180.294495627284
1124.7197610586882
1113.261314406991
984.7211448699236
1149.8796484321356
1158.834752932191
1055.0887768268585
1099.6636861860752
1074.8325134515762
1113.967249378562
953.5679721087217
1341.254586726427
1069.9332326054573
1106.6363607645035
1115.4815964102745
1075.5774632394314
1180.6118859946728
913.089407324791
939.7358461618423
1213.4098384678364
1134.606613278389
1157.213907957077
1171.3511929363012
1056.2535357177258
547.2791832983494
1269.6641808599234
908.1105395406485
555.4709316119552
1449.8633604049683
878.2011232972145
1132.329516157508
761.654628098011
1265.6902794390917
881.6317347288132
1254.2838899344206
1149.515308111906
1022.8187611699104
1058.1065274775028
1168.0475426018238
1128.4423255771399
1174.084604561329
733.2836003303528
1094.4714388996363
1053.6030253767967
1086.212717294693
946.725431099534
1056.4184820652008
1069.4960386008024
1391.1892841011286
1229.6569507569075
745.0562153458595
1263.3723186552525
886.6770021170378
899.9798424392939
1466.7306312918663
963.1112802624702
1214.0314769297838
1185.2335198521614
1069.2416088432074
1060.2430589348078
931.1943959146738
1026.1144212633371
1119.057425737381
1034.4792332053185
1265.6292621344328
926.6109080165625
1136.0283689945936
909.4263588637114
958.0530225485563
949.0486918985844
976.5691025555134
1060.3975098282099
947.2575940489769
880.8793401271105
924.0243524760008
818.7738455682993
1065.7666539102793
1017.4606140106916
979.8061118870974
1213.5038642287254
1405.1026578694582
999.1616301834583
1329.5217147022486
806.0362924337387
1392.6712493300438
1271.0151826441288
1096.436996102333
771.7216242849827
989.3275071829557
1322.145069718361
1167.1480868011713
1316.1459868848324
1388.604054376483
1050.4075753092766
830.5916157513857
982.5374592244625
1071.770503938198
1426.0940020233393
1104.344469115138
1292.3044181615114
1239.4497910737991
774.704268604517
941.9082233160734
1036.1674125939608
953.8184338063002
1142.2082642763853
1302.1956593096256
1088.6144314706326
993.1272991299629
1191.732489451766
1029.6154912114143
857.7776989042759
1034.5014466196299
685.9972873926163
972.3921938985586
1049.733813509345
1265.1238215565681
1060.3589253872633
929.4350366592407
771.0676042288542
1021.5734215080738
905.9760396033525
1047.4829779863358
1270.882568359375
975.4649275243282
983.4442784637213
946.2125800400972
831.0648100376129
834.7012064903975
1502.7647233903408
1021.0293154865503
998.8705181181431
1331.154103949666
750.5260262489319
1144.7077161818743
1065.4237871021032
1106.79088704288
1093.859725087881
900.1998115181923
1204.1919847279787
1083.0997340977192
998.2660863101482
885.2662475705147
1061.6013441085815
958.7941573858261
1114.651967406273
1273.1120020598173
742.6043695956469
1146.292239278555
1262.0622740387917
827.4858406931162
1323.893758609891
1296.502502039075
1033.3982267528772
977.6247729957104
1145.502956688404
865.0669148564339
1370.7142775505781
1547.070796906948
1235.3433386683464
1185.6495162844658
712.6833578795195
1260.9466465860605
1062.3034703433514
902.2916577756405
1099.889285504818
1064.4964315593243
1086.7750212103128
1355.7933597117662
1272.1323854476213
1125.9873041808605
602.0293465778232
1198.6316291838884
1047.4325945824385
1234.3457652181387
1167.2090448141098
1176.3092916756868
1135.620212495327
1069.0420051664114
1512.5742712020874
1179.6919223964214
1192.9984480440617
993.3777251988649
965.9877080917358
1082.9110898673534
1006.0951440036297
1163.2781921476126
1009.3851675540209
1395.350769162178
1075.1201264560223
1178.529639929533
1586.937534302473
1206.8899582773447
1574.3756111860275
1074.9212189912796
1335.3871651738882
809.9440374225378
1129.0949466079473
1202.9327479749918
1409.3512486219406
1190.6393169164658
1172.312919870019
777.9108449220657
1252.4382118433714
1102.034764006734
964.9905096143484
918.6243721693754
1126.193888321519
1252.228279426694
1165.20601734519
1173.8688995093107
1181.0976626724005
944.3975899219513
1062.444919899106
999.7520587444305
939.5453166514635
1083.4028214216232
1303.522045508027
815.3918964862823
1310.8143341988325
994.9552657306194
1103.048053354025
1289.0135931670666
1287.9724115878344
980.07694247365
975.6434094756842
1044.2454171180725
1095.5358735620975
990.6607821583748
1451.7474124878645
991.359906360507
939.0594016611576
1068.7997442930937
1292.7082573473454
1148.161859408021
1319.4699604660273
1044.6581070572138
1018.0863364040852
976.9681339412928
1026.1564009785652
1295.0413663685322
776.1010330617428
1577.8972177058458
902.9043174833059
792.1369818150997
955.2052187174559
814.5189822763205
953.8822378963232
1385.353328898549
1062.2382125854492
911.7158166468143
1144.271579682827
784.1550298184156
1071.330231115222
905.7307412773371
819.7360964119434
974.7148801237345
1236.3068936020136
823.6095335483551
1265.9081123024225
919.4896917194128
1174.1945929825306
930.4460614621639
1001.7011797875166
1067.5649332553148
899.8896507024765
1018.1613540202379
1192.3009380102158
1084.6217456310987
1242.815478041768
1060.7198867350817
1115.340371221304
941.9105772525072
913.2784797400236
1220.5703479349613
1102.8406378477812
1107.3356142938137
1134.6725695431232
1098.1923312842846
1197.466680765152
905.6068695932627
936.609718605876
985.7127878069878
980.0650883466005
1064.3979783654213
950.647602006793
1119.4126715660095
1185.4737731963396
961.9644949883223
1135.5482538044453
1327.6198253631592
1143.5726498365402
735.7702398002148
1105.7179226577282
1044.3735729455948
1191.157207608223
1076.7324558794498
894.949495613575
1068.5768344700336
887.2029246836901
1319.833854034543
1125.92123067379
1177.2519344240427
1153.7993526756763
1097.6702857762575
1082.223328128457
875.7118834108114
1051.2776869237423
1044.6920067220926
971.421050876379
1303.725062340498
1346.5312491804361
1021.0816912204027
1000.1833354979753
924.9788562357426
853.6035374104977
1262.174984768033
764.6892990916967
948.6360139399767
1247.2181558310986
836.100146189332
1136.6858359724283
1105.9450456500053
1347.927755445242
1392.1762727499008
1015.185523301363
1147.808805450797
1208.250428572297
1216.536902114749
881.2104692459106
1387.2490998208523
1067.1932523995638
1126.3695676773787
1449.2312708199024
1110.624763906002
1146.1830812096596
1153.1733831763268
1046.2128420323133
794.942005187273
1331.009273737669
1074.141672089696
837.8756370842457
1223.8732252568007
916.0358427911997
1274.317638516426
962.0669643729925
911.772042542696
1353.045881435275
890.5586012750864
1358.0282919555902
1025.2532288879156
1124.2520944178104
1089.7332082241774
1187.3237714916468
1275.8973206430674
1155.216154575348
1115.8123389333487
1198.7217033207417
1040.8409427255392
1076.1551591455936
930.3841528594494
1112.4638627767563
1005.4900869429111
717.5081201046705
773.8708560168743
1496.1356083154678
1084.0217342823744
1060.6007482260466
1036.1066021472216
1041.5057465434074
1156.855102583766
1446.9015898257494
850.8109115362167
1193.1955937445164
955.2293547540903
1069.6623411774635
1183.1366110891104
1181.7768591046333
936.6581031084061
1230.174656972289
1080.3575226962566
1023.3088439404964
1131.1066354066133
1150.0063803792
1101.2270242124796
820.7158410400152
1284.1174532920122
1067.5966387838125
904.9300906807184
1159.3835763037205
889.3986724764109
1132.8442605286837
1318.7270227372646
919.9687962830067
948.1980657726526
1166.9723171889782
1114.1290623545647
1279.550004914403
912.501280516386
1156.801841020584
1118.7044420689344
1078.484816506505
1164.8108729869127
946.4395676106215
838.2106773406267
849.4940869063139
882.8995164483786
999.2143450677395
769.8029439151287
1002.3797027468681
1274.3600959479809
895.5049524754286
1073.9002145379782
984.1362926214933
998.6164666861296
1405.9896151721478
1373.9525484591722
1028.607132151723
816.8108489960432
1034.7230413109064
1259.660184726119
1284.7270254045725
1264.5936996489763
1193.0621771514416
860.9764281958342
981.5619715452194
1349.6553123146296
1110.885289773345
792.8267266005278
802.689943537116
1212.137298554182
1404.6071293056011
1121.8397554159164
1181.7231586426497
1211.3176949173212
944.3955918252468
1424.9199570715427
1174.7159150391817
874.0956460386515
1141.2523929476738
768.8520648926497
1035.004895672202
984.8752209544182
912.9150261729956
726.4386425167322
862.1348662525415
1084.6336394250393
1276.5084480941296
990.3358946591616
1071.7955930531025
1492.880428135395
1018.7299630492926
1170.809435710311
1058.0839567184448
853.219803750515
1135.6961850076914
1132.1862085908651
1004.3004826754332
1174.1541849076748
1211.5600929707289
1183.1401380002499
1196.591947287321
826.0638788044453
1007.7620611041784
1094.1534970849752
1083.296401038766
1402.3897397518158
1016.9677751213312
1328.9236007779837
1309.0142392069101
1119.7230616360903
1205.02891407907
1295.5901929289103
836.0937180072069
1054.0217248648405
994.279126778245
1025.1354668736458
948.0947686135769
975.0984457880259
1205.2491982877254
1522.4186038672924
1213.6635973155499
1041.6827924400568
1045.3080024719238
1272.74837975204
1360.024043276906
928.1112412512302
1158.4475088268518
1263.4889064878225
1128.6774282604456
1104.0843890458345
1001.7091121822596
1081.3330558985472
1053.367848455906
1130.1746712327003
881.8143831193447
1240.8195454329252
1276.7778704762459
1022.1196540147066
1067.4678602665663
1021.6426967084408
1040.8947608023882
755.522225305438
1253.2402500659227
715.3502470105886
1156.6766088604927
1321.2915395349264
1051.7445266395807
1132.2884478867054
1149.2782053798437
1348.50933650136
1212.335613578558
1005.5211150348186
904.0299479365349
851.8099970370531
1039.9341566562653
778.6363761872053
763.234551101923
1239.0891285091639
1083.226444169879
1141.2280827313662
1156.1955941319466
913.8889400959015
977.1530895084143
1068.7445229142904
1118.9998746812344
1188.0688976049423
820.1334310919046
1012.777240768075
1187.5523261874914
1193.477344289422
1029.9511260688305
1192.602433219552
1108.9375122785568
1392.6034084260464
1035.2420627176762
1331.2218109965324
1140.9986581355333
1587.2429109215736
992.3869897723198
1175.7779821008444
1092.0478319078684
1134.5833590626717
913.8124281167984
1198.7277971804142
1410.5536286085844
1289.0863822698593
746.7012092918158
1249.2815911769867
1048.9087816625834
1091.1868964135647
1396.2007008343935
829.6580459624529
1412.5308070629835
1044.6794045120478
999.1423862725496
1315.8520060032606
974.8695267736912
869.1468339413404
1202.3152849376202
1207.600358337164
873.8247340172529
1175.7366148978472
907.550375059247
1151.9705316275358
1081.5565700381994
996.2454846799374
969.6299630403519
870.1262054145336
1355.0965710878372
1226.3886056542397
923.8674690574408
1181.6170786172152
1039.057952657342
1206.7917219251394
937.0374315977097
1284.7020836472511
1292.5136059969664
1138.137936860323
1314.1761932224035
1150.793384552002
924.3400758206844
1331.316674232483
1063.633134841919
1189.5558622479439
1064.2655269354582
1050.7596634179354
1339.6455841511488
1172.635848209262
965.290211558342
1369.2197967916727
1164.3552650809288
962.7255186736584
773.7071879506111
1216.6219557225704
872.5426369458437
1008.2288126349449
1122.6303946524858
1187.4643303602934
1076.752303019166
1221.892437890172
1117.7597679793835
1270.4081706255674
1168.2032764256
1132.5647145956755
1056.7044201046228
1243.1781586706638
812.049424290657
927.8436697125435
1197.1216021329165
1013.1734611839056
1098.4054308086634
1107.3964415192604
803.4458594471216
991.62153044343
883.224575445056
1152.3455694019794
1237.4780879318714
1119.5211108475924
1199.689201489091
1476.1007210314274
1013.8909154981375
1123.0564420223236
1042.7591632902622
1198.221953034401
1312.4718310832977
1428.6648247539997
1366.9696718156338
1272.1424337476492
845.8229263573885
897.280511111021
1058.8888757228851
1107.3250813931227
961.887203797698
934.1657371520996
832.0858995914459
1064.784632757306
735.7485232576728
1149.8972948938608
1226.8050854057074
1034.7291041761637
1144.1543618738651
1045.7687430232763
961.446276023984
1320.2915383428335
1053.748171404004
1074.0306659191847
1290.080533862114
804.240298256278
1334.1656898111105
1188.6946987360716
1074.1513804793358
890.8379054665565
1123.0727271288633
1037.305146932602
946.999523088336
1364.886238798499
1252.847929045558
750.6208014786243
1221.782620742917
1033.3500032275915
1006.8151675909758
922.9122801423073
1093.1093177497387
1150.364713728428
1441.0944815427065
1365.7974980026484
1369.3035006076097
1309.1456579715014
968.6862092614174
1153.46392865479
1095.5121599137783
963.8970201462507
1077.154875293374
1425.388989597559
1053.8086034059525
1401.6276554763317
1126.8017129004002
1207.4360937476158
1037.6533445864916
1186.400384992361
712.7351652830839
1249.8879568576813
911.6650072038174
1212.077768161893
1237.3061812967062
1126.4262242615223
1115.604286417365
1161.3651675581932
1045.4710572361946
1363.6878272593021
1077.331679403782
1165.8035182356834
1232.6823257952929
1082.1807802170515
967.4562413394451
1062.6898782998323
1160.830605238676
1016.8941654264927
928.1606289446354
1221.3605576008558
1426.7066075503826
1421.621913447976
1388.2325720489025
1301.0964664965868
1262.7226997762918
1190.6983589082956
673.8529919087887
1163.3969157487154
861.4503114521503
1044.4060130268335
984.3460009545088
686.6305543035269
830.2547092735767
1299.276151150465
1186.720180645585
1329.643486738205
894.2480528652668
1018.2350262850523
883.6493117958307
870.5071479082108
719.5331948623061
1215.6262505352497
1272.021808117628
1352.6410136073828
1123.8622148185968
1290.0127712190151
1065.7960480749607
1138.1501849740744
961.5420559048653
1249.051302343607
1016.6797247678041
1043.2917056828737
1315.00145791471
964.3778024464846
1273.4372447878122
1087.33679997921
980.5905018746853
938.986024543643
1107.288691997528
925.5830992162228
1070.9756250679493
1207.5718093067408
906.8189849555492
992.0000352412462
1206.3775982111692
917.559413895011
779.195969671011
1031.811615973711
1015.5463881492615
1070.0253362506628
1067.7315325438976
1291.1985140144825
1211.2641411870718
1082.1404142826796
1016.7058633863926
1241.7773250043392
1104.0705696642399
914.2820660024881
1163.9951431900263
760.087794855237
834.2006511837244
1297.7213348299265
1136.3970889747143
811.4816166311502
1336.9697977006435
1201.0671308487654
1034.1532557755709
1014.4255864024162
1215.951943039894
1221.800697028637
986.1856310218573
926.1356621682644
935.6569045037031
853.4782488793135
850.6585077941418
1356.6885319054127
1091.0404271781445
1340.8536471575499
1249.2572741657495
1000.6538521796465
1114.2788300514221
1052.1556867212057
1252.620763912797
1153.9843636453152
1140.102176770568
1020.4466192424297
1411.8439473956823
1156.3515511453152
1449.4054401218891
1291.8387432545424
957.630767583847
979.4793722480536
1253.13361184299
1209.8723067492247
869.0705307275057
1100.5388880968094
1054.5423138588667
961.6150028258562
662.0854980200529
1176.169732004404
1300.3882059901953
1170.4969990104437
816.608401760459
928.5152398645878
1031.5588737875223
999.6503802090883
1071.3820461779833
1146.09780369699
1301.2353977560997
1103.0621994286776
1015.2911338806152
1367.8974079340696
753.9554506987333
1101.8779538571835
806.2603430896997
1144.285108730197
853.8449025154114
1051.6548964232206
1112.2377283275127
1278.4199409931898
619.213516280055
891.5975363254547
1129.356276795268
959.3350854814053
1073.3760234564543
1437.210405394435
761.0347243100405
1256.4449809342623
1194.7829311341047
1125.2712443321943
1200.9392769038677
1210.5542779564857
1068.5811463296413
1171.5392649620771
1360.590765953064
1221.2015198767185
1285.2830348163843
1380.1896756738424
994.0309153944254
1199.5435155779123
1172.6960264146328
1082.1977334618568
931.8830789625645
1149.5799071341753
1275.915874376893
989.3203221708536
1217.6960137188435
781.3156460672617
1353.1068635731936
1183.8896147459745
1382.8074829429388
918.1296199560165
1063.0065081864595
732.1106044203043
889.7246768325567
1229.6162226051092
1120.8789651095867
863.6085564643145
1255.8284748196602
920.1790884137154
1205.9975805282593
944.7246757149696
1013.9629660844803
1048.9512009620667
975.0373900532722
1321.3445048481226
1023.5152952820063
1340.2437552958727
945.2859566956758
1172.4705774486065
1058.853100180626
857.4183009117842
977.1886297315359
1197.1213661134243
1033.82280151546
1171.1011476516724
1081.6914684772491
1162.7107877582312
1009.4596136063337
944.8800832778215
1143.7978570610285
1399.8369993120432
1018.5727728158236
1116.6696640998125
1118.508280441165
1279.7720976173878
1250.0853558331728
1107.2930548340082
922.2665528953075
1125.6846291422844
1197.5317976474762
952.7151830941439
860.4954849630594
1188.1820432394743
1181.8707609176636
989.0647992938757
1088.4132240265608
1351.5619383007288
991.4565096795559
835.4717958420515
1286.5658393651247
1061.366632476449
1242.6326878368855
1117.5841216295958
1561.8582636862993
936.8108215928078
762.2120060920715
1046.4672177135944
1268.1033119261265
1014.9572931081057
1108.479664310813
1153.562438428402
1251.4830628335476
1206.0259723812342
1462.0633942484856
1125.5544173717499
1202.301523476839
1279.8602667599916
915.5487526059151
879.8622967451811
1188.0589013546705
1174.2890112996101
1128.0282762944698
614.5623326152563
1214.6286386698484
976.7359810620546
934.8830812573433
676.0722712054849
763.3520036935806
984.167895719409
1264.2871728539467
1299.7729472368956
1149.3427963405848
1182.0695209652185
1486.1780885905027
998.5577531307936
1204.2795923054218
1243.4702567905188
1265.2990650236607
1352.1403812617064
946.6361623555422
968.5700807869434
1077.300040602684
1612.0891166329384
1326.8073015362024
1264.1332934051752
736.0814577043056
1186.034159451723
1137.2637133300304
1557.5153986215591
1146.5753808915615
1323.2333562076092
1152.120976537466
1082.2328445762396
1204.6338942795992
1215.726910635829
938.3891213536263
1001.523872256279
1108.4291943460703
869.0632503926754
1420.8081709742546
1063.3102561086416
943.7866866141558
1058.7866864949465
1277.7972027510405
1258.1370598822832
1150.2310458421707
1198.4815306216478
1236.3010300695896
1213.0384248942137
1123.0094481408596
1158.0512814670801
1041.9835428595543
1151.6485758721828
1341.595375970006
1270.2554287016392
1175.7030978649855
1013.3434474915266
922.9830647557974
897.003467425704
1361.9735547155142
1155.5651247501373
1170.7117037326097
894.3019051551819
960.8543874770403
915.687612876296
1139.8992388397455
1108.3368202745914
1050.0111299455166
989.989052593708
1231.541812285781
1358.1027829498053
1183.7511482387781
1341.6466048061848
803.3446535766125
1012.3235202878714
1022.2978021800518
1171.767814308405
1295.4459618479013
687.2311732023954
1375.3482518047094
1348.716369614005
1121.9260660260916
862.3688939362764
1089.378140002489
1261.3668098896742
1031.3946425914764
1065.0855780988932
884.4351527690887
1342.840207323432
1101.1134565770626
1050.8022629022598
946.8857817649841
1570.4006371200085
1045.4838250130415
1370.4070848226547
1077.2625639736652
922.8979432582855
996.3617638796568
1007.9676360785961
1085.3712853640318
1127.1414762288332
821.8589368760586
822.4490954130888
1198.111057460308
1011.7568337023258
1143.8928340822458
1459.4358400404453
901.7351865619421
1124.2593132704496
1003.756304398179
1168.5451226830482
999.1620642393827
966.1326107382774
959.5105486810207
914.9807056039572
1010.2191130667925
1009.4688108861446
1059.2737271785736
1226.8708233237267
1042.8149928301573
1448.7069794982672
848.0004027038813
1083.1045994758606
1298.3194570690393
1363.8334838151932
1172.6942265480757
849.0995394438505
907.5599269419909
846.1438246667385
944.0049726068974
1301.7907515019178
992.4364145547152
1459.986923545599
1136.4404169619083
1066.0364360362291
1140.4157393425703
969.7517946660519
1066.3642558157444
1138.2962722033262
1023.0362512022257
918.9909276366234
1254.733988404274
1006.0649992823601
1078.572916328907
1091.2538777142763
986.7116018980742
1439.795700326562
1115.949166342616
1064.7334600836039
983.4992727190256
1003.3089892566204
1112.2589769214392
928.3269220888615
922.1962466984987
825.9773064106703
851.7814861685038
1077.375714495778
834.3669051378965
1411.0061058998108
870.8301153481007
1205.3699286282063
799.2396970689297
950.1302620321512
1005.0707798600197
830.28635597229
1041.85685159266
844.4445462524891
971.5380068570375
969.4244017899036
1193.5733657330275
914.7440508306026
1181.983306735754
1268.9421960413456
1268.5995417386293
1104.788094997406
1038.8579404205084
1186.3194817900658
1234.5309259295464
641.0852574706078
1158.794482305646
771.1557055711746
1137.2523454725742
918.5282771736383
1319.8003573268652
761.3129622191191
1153.3729163855314
1143.1445065885782
948.5182527601719
1191.2297368943691
825.5305946469307
845.9624968320131
944.7177887409925
1081.2255461215973
688.6301886588335
1197.738419726491
1105.8017166405916
956.8972056359053
1393.3978931754827
1341.9057034999132
1023.779911711812
837.1640421897173
1064.175955235958
1346.2649610936642
1306.5311850458384
842.8475071042776
911.2949514091015
994.8925098478794
864.5598718971014
1267.377425700426
1113.326291769743
1155.8232168406248
1051.1852456480265
1385.162619292736
953.6134194284678
1255.094458565116
1166.2427773028612
1304.6789064109325
1146.615277916193
1032.4491907954216
626.1432360038161
1262.3642373383045
1017.0387015789747
1289.6930297762156
1488.2405746132135
960.1992301493883
1197.2174294888973
1272.9023956656456
924.87996545434
1316.7374098747969
974.1957311630249
1501.1135599166155
1292.5583627521992
1224.1276563555002
1224.8276838213205
1226.3179756850004
785.5373521745205
1189.5584076941013
1136.998179167509
880.0752554088831
949.1038856953382
986.4936661273241
1160.5717764049768
1223.330470442772
1072.810064226389
1077.128655537963
1216.7735060304403
1352.3329712599516
932.723629027605
1457.7298914641142
1177.43613833189
1174.0476002395153
1331.0133318901062
1116.5405322611332
1130.0853844881058
607.8250519856811
1067.8565726578236
725.7471274361014
1008.141379147768
1108.6380916684866
1061.9363962858915
728.276016138494
1220.359866142273
878.3081147819757
1294.9926722049713
1424.335291415453
1017.8755392432213
1224.7947804629803
1276.8120718598366
1117.1805175244808
893.9976847916842
1088.164799273014
563.7883867993951
1295.2309719771147
935.740769252181
971.127127468586
1352.554142549634
957.1961394399405
1327.0934687703848
951.9085956215858
1259.6292035728693
915.0656769126654
1112.3715559244156
1153.8248458057642
1162.456098869443
1380.1008492261171
1127.028584703803
954.8051559925079
1098.5103874206543
1143.330116122961
971.2471432983875
1087.3306980878115
1135.6522358506918
1047.1665956676006
890.8811257779598
861.8815231621265
880.2993494719267
790.3436729460955
1116.4342895001173
1200.5832656025887
888.4890947788954
1260.5496454685926
1077.395782634616
1054.5835667550564
1288.9703500568867
933.0829804241657
1127.875775590539
1067.2122367322445
1139.9099709540606
1288.8306906074286
1027.9717324972153
561.3291730806231
1154.905649766326
1073.2936486005783
1384.9963586628437
1251.0844543278217
910.8558184355497
1139.6950047165155
834.8009917587042
1219.5433550029993
1107.2484924793243
982.4504542052746
1086.0616235882044
1115.9522833377123
1146.6674987971783
673.677732437849
1022.2917354106903
987.4638692438602
899.6066570132971
1026.617764905095
1222.754448801279
1158.2494421303272
1308.7609332501888
1053.52219581604
1057.7833556681871
1086.6701787263155
1018.6030985862017
960.4834018796682
1191.4889498651028
1262.653646722436
1009.2529149800539
1086.9404284656048
1066.3232697546482
921.916146337986
1355.1775066405535
886.26204174757
1167.7826479524374
986.5529035031796
747.928498879075
1237.0957180857658
944.3610283881426
1116.7357504367828
1118.4504922777414
843.3577968925238
902.3678221553564
1080.9773201197386
701.2797756791115
1224.4366435408592
1307.9378098547459
1095.8083699643612
862.3633727878332
1262.446781232953
1083.8701431155205
861.701272636652
1185.2642741501331
1213.7668573111296
1169.2605399489403
970.5544940680265
999.0750326365232
1117.5135644972324
1371.937076807022
1083.7146435678005
1352.3216274380684
1252.6518889814615
952.866536617279
1089.6876439154148
1439.3862044364214
1056.1028764545918
1175.4886983335018
609.1755126714706
708.3488632142544
1144.3952037245035
1090.2226694226265
1045.43072257936
1129.8735999614
1054.8295949548483
914.0904520601034
923.5064681768417
948.4653996825218
1355.8855056911707
1043.8296298384666
1149.901667803526
1137.1759710758924
962.20428404212
1243.7976950258017
1022.3772087544203
898.2282014489174
1029.8312227278948
830.476778164506
1420.4638733416796
1029.4291444122791
1075.6158729195595
1337.8488451987505
953.8561957925558
1040.7865078002214
981.1136979460716
902.1593870222569
1189.866054609418
1350.2556398361921
1233.7960839271545
1161.169331073761
929.788784340024
1057.9603674411774
1317.8661670386791
970.6901704967022
1151.3823302090168
1060.260702624917
1353.961170271039
1066.4390732049942
1224.3588368743658
1183.5421918034554
1266.9573082774878
1188.0303833782673
1536.004199191928
1296.9138754755259
1134.1988330334425
976.063690662384
1210.5951711833477
1288.20695720613
1264.9106772691011
1054.606293618679
856.0711840391159
1295.8764209896326
1220.176203534007
719.7194763422012
1007.5142906308174
1202.9005034416914
1238.2290057092905
933.3242539763451
893.7450438588858
1234.7323979437351
1203.4472163021564
1241.1148922741413
1006.2642081677914
1023.309048011899
1162.381810799241
1153.180770456791
1057.147841796279
1075.4797590523958
1071.6187640279531
942.1206701546907
1209.1014604568481
1306.0644488483667
761.1851555109024
1239.0288464426994
883.2152563631535
734.3747743070126
1210.7517291158438
1048.975904688239
989.682518184185
954.1856001913548
1088.7623457312584
901.8892943710089
1202.869078412652
1114.199871301651
775.6415479779243
1258.4261440187693
969.7897025197744
1360.3464940786362
1034.5320115536451
1073.0822207033634
1053.2527502775192
664.9894182085991
1002.8673211783171
944.0419785231352
1360.2252061218023
1057.1996927708387
750.0788400769234
1107.8848105370998
864.7639355510473
1290.3857482373714
946.6487118303776
1348.5328353643417
1122.2044110745192
831.6041839271784
1130.3891379386187
796.1310862600803
920.2769173383713
1169.9706059545279
1168.908339560032
1279.7615505307913
1332.1371170431376
1129.041011288762
1073.670052960515
877.8311698287725
1461.1163001954556
841.8285835385323
1153.4278300702572
1036.196138098836
970.876955896616
965.9353321790695
1180.877144947648
1290.1640446335077
987.7598363608122
1016.2217233926058
1183.242529824376
724.0396111905575
1170.9385188370943
1213.5043476969004
1353.5965903699398
879.4946319758892
1048.4168602377176
1100.6178306788206
891.0273974388838
1077.862427085638
1027.714343547821
1208.4608455896378
1175.4127247035503
1132.5412140190601
1315.0570515543222
1125.0779215842485
1031.4508385658264
1003.5258706957102
1027.7275601625443
903.686943501234
869.6313498169184
1055.5168658345938
1117.502287775278
1127.540478169918
997.5800853520632
769.8545889109373
1088.0044345408678
1222.3931757360697
916.8226203918457
1032.8037092983723
1029.95047006011
1062.7012759894133
949.0990772843361
980.2827453762293
1306.1922536492348
1195.517818376422
1319.0025391429663
1078.193696796894
816.9113859459758
968.8858805894852
969.575318172574
1174.12412160635
939.0629208683968
1117.043294802308
951.2026161402464
893.7446113079786
1277.7650172561407
1016.4246101230383
1088.5846514850855
1144.4861211180687
1141.859704643488
886.1029857099056
998.1966586560011
909.2742687016726
1307.0516071170568
1143.0047038048506
957.7675534188747
844.9126831889153
1016.003574848175
1156.6373193711042
899.0783715099096
868.7410075366497
1074.0443730205297
1140.5949808955193
1282.3671795129776
853.0644960999489
834.466942474246
874.5472252815962
1012.6917056590319
1200.6991530060768
963.9667524546385
1324.9513420462608
1138.3135328143835
1099.9305831938982
1000.403207167983
1009.1671745330095
966.70130379498
728.6115142852068
1051.6385531425476
1030.2076790332794
858.8330636322498
1135.1410479396582
943.8824498802423
1259.6822343468666
1380.4203356057405
1057.1493881344795
910.7030020654202
1090.5415960550308
1091.1072367280722
1207.1511851996183
1003.9761055856943
977.7038180083036
1367.553442299366
1103.6598964184523
1176.956338122487
1024.2817951440811
841.6976802647114
1181.432031571865
1182.6528800874949
1169.566712975502
1014.2381145507097
1418.3550762981176
1189.1062209904194
939.5647517293692
974.3150333017111
973.8226945251226
1308.2211991846561
846.3204704970121
1189.5920918285847
1153.5032459050417
1079.5699386000633
1037.6017174124718
1209.7920297682285
1143.2620010077953
1080.8336610496044
811.7906798571348
1062.8989809900522
1233.6459487229586
994.2738620042801
1047.0838581472635
977.1794319450855
1233.592885196209
1081.4792793393135
1122.5247527211905
1345.2719699442387
964.5551671981812
806.2763316631317
688.3579054623842
1047.377982467413
1141.7272224873304
1340.9380212426186
723.994153752923
1208.1347909718752
1149.2896468043327
1144.5571233928204
1022.8040134608746
876.6106372624636
670.5840380191803
1477.8617076575756
1155.6899468004704
891.0321326702833
901.8079895824194
1216.1844548881054
1059.9305526912212
992.5725685656071
1028.6963370144367
1006.0854671299458
1133.2731062322855
1229.8938181996346
1141.0392187535763
1070.488730251789
747.2118214070797
832.6386707574129
1046.02473475039
1296.3711518794298
1347.6900926977396
799.5149167776108
1174.7369290441275
1047.498173713684
1322.4617568850517
959.4191969931126
1270.9810081124306
648.8240272477269
1239.8853896707296
1148.1460305303335
1311.834900200367
986.64226603508
1035.1542134732008
1242.7726819962263
1087.059853926301
985.0480945259333
1114.354635849595
1280.2466470003128
1216.659605383873
1072.1576311439276
966.5043144971132
1160.9586078822613
962.4582919627428
926.5775496661663
1226.5738610327244
1220.585922330618
974.4828428477049
1212.0912115424871
1386.0042771697044
1002.4764595478773
924.8974908590317
926.327455535531
1300.6195728480816
1203.6444932073355
997.6553963422775
844.4785222411156
1125.5910661369562
881.9150796085596
1114.7519136071205
1285.5278271585703
1226.753850609064
1231.3306336402893
1101.4261969923973
1088.0557569861412
1077.6614529192448
1197.5436214357615
1341.4115413278341
933.4253148436546
1265.7301165014505
1171.3114406615496
1228.6480411440134
970.2194958925247
1145.9050402492285
1117.6518247425556
871.4077480882406
946.8587974905968
1230.3700267970562
1291.169144064188
1198.687628135085
1096.6560901105404
1064.2914793491364
1118.4805656075478
1001.8527240455151
907.9030916243792
1072.7176834642887
1026.8267088383436
965.8776667565107
854.4977999180555
828.8873097598553
1040.1340390145779
921.5136510431767
993.7672232091427
1391.284041494131
893.3523898422718
1164.7043461799622
1025.6087732464075
1216.795441299677
1095.4739142805338
1050.5624873787165
930.7107413858175
1099.9062215685844
926.3676067590714
997.1417680829763
1007.9566964358091
1066.2944245189428
1139.4555151760578
1249.4064033478498
1212.0357715934515
911.7395757436752
1151.3173236101866
1336.6555201113224
1074.1733744293451
874.6945714056492
1147.789280489087
1322.5606321692467
923.5139483362436
1150.4068251252174
1436.3111036717892
975.5437644720078
999.0655362010002
916.0050675719976
930.6631987541914
849.6336250603199
927.4306096732616
694.6391434669495
1195.2474536001682
710.7743400335312
958.0875983387232
1131.7731386870146
1184.8832435458899
1273.0965038985014
1031.6379448771477
1034.8250060975552
1334.6873465180397
905.6666862815619
1284.5920835882425
1069.668299883604
1217.044776827097
1181.3971040695906
1339.7553605735302
1305.3397602587938
972.0898279100657
970.46544508636
953.6459712982178
1115.1815826147795
923.8139330297709
1316.409895926714
1109.0449492782354
946.6598515510559
1312.2438703924417
985.7670601606369
1035.838522002101
955.0437498092651
1065.4763064831495
1260.8174574375153
1200.520688816905
1075.3183200210333
1057.986822500825
982.8192899674177
920.1230624169111
973.9704338312149
1087.6429475098848
1113.5360141694546
1118.684301391244
924.4538905322552
1379.5758616775274
1407.7179346382618
1291.7337711304426
1389.9966318458319
1432.9162567406893
1037.7037005871534
911.91796644032
943.0750280171633
1286.5611078590155
1379.434053182602
1180.5594658106565
1269.9279110580683
1391.4613592475653
1495.5410533845425
1015.5652592629194
730.5542961061001
568.5376034900546
785.1361455768347
794.5932620018721
1224.0360061973333
1144.7566646933556
1047.0171464681625
1202.0286171138287
1256.758413553238
1094.1301972866058
854.904821574688
1104.9958571195602
918.3613211214542
1522.6965792626143
1113.576165765524
972.2598788291216
675.3002087622881
706.4487484246492
1223.4152839928865
1140.8913494199514
970.5808494538069
1276.807899877429
493.32259126007557
1142.1349603682756
1218.1366033256054
1096.3961494863033
1383.6586923897266
1267.5519965142012
926.1582635492086
1081.3590740710497
1280.4950954467058
1130.045201420784
1313.326363325119
1360.4562866836786
1335.695178464055
835.2749465852976
1217.0302267372608
1299.2196163088083
891.1333304047585
983.9059669226408
942.1830400526524
1161.9719570875168
1021.1507504582405
980.0128192305565
1264.7802739441395
1090.1102042198181
1052.9652029573917
1316.6095089912415
998.864513412118
1309.4450223445892
1167.1317779868841
971.5110089629889
1034.7137251496315
915.2702416330576
1285.383677765727
1034.4670282304287
1064.9279180020094
975.6179816126823
1028.3699635118246
972.3432391285896
1010.2333063334227
1118.7564225792885
995.7332800030708
787.0953713208437
1044.9110138267279
1094.1851432174444
1063.0131708085537
1069.3003608435392
1264.0326923131943
948.578724488616
1086.7030656188726
971.5173171311617
1111.1061303764582
1324.086510181427
1170.3915824145079
1043.695056527853
852.4800371676683
1305.6853208839893
657.7074945271015
801.522224470973
985.152027964592
926.3433074951172
983.236938431859
921.2496652752161
711.9829445779324
1330.4960037320852
1286.6338059008121
1382.8280297964811
1076.1112745553255
1006.7247331887484
765.9963145405054
1235.2811210006475
849.4785901606083
995.5050831735134
944.9372569024563
1108.1162673681974
1175.896297559142
1047.3479995131493
1033.4399807453156
984.7323785275221
1212.8215119242668
930.7969466596842
1023.9644292294979
1208.3823231309652
782.196613624692
1005.2456828206778
780.2066634744406
1193.6618488281965
1368.9892936348915
1086.0981412231922
1070.5803983062506
1031.2951527237892
1088.038425847888
1264.3333653062582
1230.553785175085
1056.854422941804
1089.7694312036037
1060.8426229655743
1182.8782608509064
1286.073997169733
989.8000118732452
1266.3983782082796
825.5997291952372
1428.5457455515862
758.091956704855
1085.8203126490116
843.7507561594248
1122.7405551224947
1334.9599323570728
1244.7197535932064
621.7081889882684
929.3506565988064
1014.9552385658026
1253.9568651914597
1173.7458659857512
1166.3433935642242
1185.5831481814384
804.7461124658585
1311.4525690227747
841.6392785459757
1286.8519398123026
1318.768303975463
964.5326621830463
942.8512684851885
1153.4319275915623
941.5245443582535
974.6102490276098
1211.4069435596466
968.7874756604433
986.4578162133694
862.2619633972645
1240.8307788521051
1326.9393883049488
1079.9736389815807
849.0277697741985
1085.3837635964155
1099.6812444776297
1000.9702027887106
1195.3683890849352
1059.710354462266
943.4103676974773
988.4281921237707
858.4573685228825
1133.457601621747
1365.770411029458
908.5982929766178
1184.2755305320024
1119.9266875982285
936.5930659621954
1079.075959071517
1200.7642395049334
1002.9781615883112
860.2446992397308
1447.0533735454082
1214.8213882893324
1142.9521851092577
1023.2917060554028
931.1745792329311
866.7670725733042
1098.844329893589
1260.0388201475143
1068.424352928996
956.8745255768299
775.4666293859482
825.9381239116192
1070.05228805542
1173.9828552156687
1132.1849660128355
1100.188222169876
1018.9674466252327
964.1700298637152
1176.3649993985891
1039.4252642393112
1360.3155334889889
626.3097137436271
921.2448897957802
966.9065674841404
1023.2622799128294
1147.2732951194048
1127.073645696044
1221.6479111760855
933.5817465037107
1494.9357466697693
1059.3505885452032
905.3713691979647
952.1128729432821
1301.7690462768078
913.5428386181593
821.0255217254162
817.9490352571011
1133.5283331274986
1234.9568672180176
1293.1136986017227
950.373195707798
1181.0385220348835
1127.9149889200926
1212.1290207058191
927.142466634512
882.3156854212284
849.3744833767414
1048.1311677843332
1139.4318458735943
979.0804624855518
1327.6097462922335
1045.3227481395006
1161.7682572752237
850.1231651753187
773.8499324917793
1198.4955745637417
967.2224749773741
1038.9872446358204
1217.9420246481895
951.0557111352682
919.6537206023932
763.1468683183193
1018.0038214176893
1134.9511102437973
843.3389573693275
1050.509021565318
921.3146886974573
1024.8113390803337
1247.3050515055656
984.58790846169
1008.6781185716391
1211.0180784016848
1252.5110857635736
1397.248850762844
1444.0525683015585
806.2293167263269
854.4766425043344
857.130342438817
1054.057769432664
654.2103806063533
921.9217733442783
1079.3913315683603
853.085646957159
1013.3118673413992
1239.8247707933187
1309.4910414218903
1191.6508218497038
1134.2045901715755
1164.5101470947266
937.5086777061224
1060.108007594943
1245.5300520956516
1218.5975928008556
937.9409863203764
928.0033392757177
1100.371356844902
887.1259981691837
941.7324842065573
999.2984627783298
975.3883773684502
899.529066041112
998.9412035346031
1188.4296671152115
998.198665112257
908.2918937653303
1469.0291261076927
1155.903964459896
1269.2689588665962
1190.5852403789759
792.8797541260719
1264.6813659965992
847.2377709001303
1378.4413938820362
1192.515535801649
1246.6264993399382
1180.9834978580475
1022.1040010303259
1086.5913779735565
1286.4981567710638
1206.1322817057371
1000.1391049027443
770.8992357999086
1266.4226827174425
800.5776484161615
1256.6799377650023
1083.111245855689
1275.068454682827
812.5726637989283
1364.277079463005
1081.0115123093128
1337.7292162030935
1174.2131651341915
1139.1346932798624
1180.5151765048504
1063.8094394207
1368.2625079005957
960.779294475913
1188.670640155673
1299.5523319542408
937.5812036842108
965.3724940866232
1348.8007007837296
1298.5006591379642
1206.9914269149303
1081.2756049484015
765.6904903948307
1111.0493279248476
965.7080242037773
641.0818118602037
1259.7853653132915
1019.3313077092171
940.9984139949083
1099.65416328609
940.0770961791277
1089.4564205408096
1136.0186589807272
811.6068944782019
1270.3733088821173
1290.47890637815
1050.456289112568
1174.5348221957684
1121.5534648150206
773.7737713307142
1034.3998301327229
1225.9307061433792
916.3984667658806
1315.4335158318281
1225.8982408642769
906.713144376874
1221.1688717901707
1180.5246499329805
1071.569637864828
1459.7979541122913
1315.4190535247326
795.6659939736128
807.2403801828623
1328.6427936851978
877.6249157935381
762.8311067670584
1111.1197919249535
1200.506345540285
1068.7824661135674
1025.0797603577375
1054.0851811021566
1054.6401936262846
1138.0168276280165
1051.0638898015022
828.2310785353184
1302.1703494638205
966.817111954093
1027.6680546700954
1023.8806964606047
1026.6225728094578
1016.4094244390726
1125.7317814826965
1123.0909271240234
1050.2125830501318
1039.2813424021006
1161.018563568592
990.7900270223618
893.6165233999491
1160.8894053250551
1183.3530586659908
1291.5922451466322
1136.021471247077
1205.549628406763
1210.4142971485853
1100.1636084467173
845.9941263496876
981.4429900199175
1021.7221374213696
1013.5436762422323
1083.1120305806398
1189.7547658383846
1252.5168181210756
1454.026102423668
1243.2501424401999
713.4932590052485
1034.7421609014273
1463.579627096653
1225.6779028773308
1085.4770125746727
734.5009450167418
843.7960467040539
1097.9939940869808
1235.772477209568
1295.0808178633451
1200.3198281526566
1088.0468387007713
1100.1644524931908
1133.7588507831097
1207.2955909222364
989.8986443132162
908.310459882021
1192.5514224767685
1052.563282892108
950.5099334269762
1061.5766182988882
893.459371984005
950.0364087671041
1006.9635066986084
1390.6947115659714
1188.7083947509527
1292.564262598753
1109.3875617682934
935.405773371458
1110.2552524358034
1048.3414893299341
949.3802469074726
848.8012603372335
1338.9199577271938
857.3935476243496
1184.960924088955
1009.3714167028666
1079.3841868191957
1239.790640965104
1144.363536030054
925.1363573074341
1207.4889804720879
1064.6783622801304
1232.9503052085638
1177.5870483964682
1122.1116096675396
982.7859716415405
1015.7506711035967
1222.6468732506037
849.0411100685596
910.3125252276659
1075.1575399786234
1304.9584292769432
985.618867367506
864.5762746632099
855.0433891713619
1157.0496791154146
1223.8738654702902
905.4463691264391
1144.8375284820795
1164.5202086269855
1068.629469692707
1129.8410228788853
977.6948720365763
932.3307897001505
994.3034029901028
885.6677538901567
1221.0973639190197
840.3164406269789
1171.6633765995502
1003.5405808538198
1208.0720460116863
1020.7926704287529
1197.3552430719137
916.2423751801252
1047.7496352046728
678.5365640819073
1040.749801710248
1055.5065360367298
811.1607193499804
1191.4837318062782
710.1738900989294
1243.4569205641747
1241.16253849864
1080.4899925589561
1274.5669258236885
880.0705855935812
1093.802354812622
1258.5440019965172
831.6359364241362
1038.5475902855396
1277.690415173769
1148.6466608196497
1033.2093100249767
1044.4022120088339
1278.086395829916
1259.913797646761
1296.249741151929
1096.0239202529192
1239.5365689992905
1060.8315607011318
1524.7527264803648
963.4671532064676
926.1449102163315
1200.2082200199366
909.6624990105629
1124.8753699958324
1296.6833735406399
1062.6824512183666
1186.8208964467049
1402.9522369354963
1025.5906264930964
1187.5690312981606
834.5809198468924
980.281813532114
1009.2194261997938
801.1440730243921
1032.0839274525642
1207.6664454042912
842.2260959595442
1121.0522513091564
1320.5271166712046
1202.3724143207073
1014.5479903966188
862.1223036050797
898.2341406196356
1140.9588685780764
1221.350159034133
1263.7183838486671
1240.1539161503315
1259.354898557067
1159.0681009441614
1074.2234027832747
1339.7180739492178
782.6218816787004
1015.6219020336866
1258.745336458087
1328.9944353848696
1250.822441443801
1282.1104752719402
757.7686175554991
1359.9317454099655
908.5004829764366
1287.7239083200693
989.4165865927935
1759.2912906110287
904.923916310072
1484.933339625597
696.806265629828
1233.886345654726
1266.0366230159998
1196.5191419571638
1385.7090615332127
785.3030530959368
769.0410366207361
999.5814554393291
1201.3988499641418
984.3623356968164
1133.0294968038797
898.2045349776745
1088.3239127993584
1027.4482794851065
1463.9316983669996
859.0413149595261
1395.3104081749916
919.1433372050524
1162.8850675076246
1068.1590415984392
952.7974862903357
1149.389823153615
952.4269646555185
958.5459104180336
1361.1369924545288
1005.4217510074377
929.6486405432224
760.1563566923141
1172.4938447773457
986.0194814950228
662.452966928482
979.2887897789478
1374.4096022695303
999.2228404134512
1287.7805071920156
1070.2994676828384
853.9091624170542
1029.7996986061335
1023.8803526610136
979.826183706522
751.4606605619192
1097.5316862612963
1080.6024776995182
1049.3194579035044
1000.778182759881
1021.3093588799238
1085.0218046307564
1125.2234513014555
988.7173610925674
1159.5426419377327
1255.8300949782133
1177.8478644192219
783.4076158702374
1141.5259056687355
1146.2342498153448
983.9675070792437
1382.3547856360674
1096.1659629642963
1183.4497039318085
1265.1676852554083
887.3714019358158
1146.5032572746277
811.8383677005768
872.7675005346537
1109.2454959005117
1076.4371566027403
1142.5226200073957
1077.8885841667652
1222.0780232399702
857.4083811938763
1061.0921994894743
935.2748580724001
1082.7594894319773
1043.3576546758413
1146.044286340475
985.134310156107
1279.9672276228666
952.1221765726805
1081.2511367797852
986.406539529562
1158.6739647239447
1125.0294813662767
1101.3689572066069
1145.5864964723587
730.9391624480486
1207.3854795247316
941.39260853827
1150.8689495772123
1059.4569094777107
1280.9016945511103
1220.670821905136
1030.9987858384848
1088.9775768965483
1249.2399152964354
1087.2419322133064
1274.5678443163633
1099.3420270681381
1418.9093629419804
885.9686953425407
910.4770909547806
898.2023732662201
1016.4973245710135
1453.595193400979
1366.5403941124678
1207.041734725237
1320.897958546877
876.139467433095
730.1878757178783
1335.9791451245546
1484.3918845057487
1189.2352910488844
989.0972965210676
1186.4211347550154
996.5127351731062
1217.5503352880478
675.83515663445
981.7118897885084
984.2854227274656
1003.9863293915987
1242.071887075901
1249.147588595748
1367.7432596683502
1192.6153547167778
716.0878752470016
1052.204619705677
813.6569277942181
1008.707036241889
1358.4868852198124
1066.5492000430822
1044.0875964909792
1068.1816316992044
1007.5054941624403
1215.1091829836369
1140.3514528870583
838.9258498102427
1143.4233327955008
1023.0724691748619
1115.9872694909573
1016.9637261927128
1060.6413208842278
1067.5324856489897
729.3748009800911
1298.7006912380457
1116.7422629743814
1072.3032117784023
1076.6121163517237
1085.8398602604866
1151.937184393406
1169.2517888993025
1424.153301909566
927.4188023209572
1202.3228042423725
1347.6895411163568
1049.4127582460642
888.0718270242214
964.1794743537903
1019.0892444998026
1129.4053248018026
863.0184396207333
1098.5367798954248
1190.0748806148767
936.52878446877
1031.752963796258
1384.0208054929972
958.211212053895
908.4879730939865
905.8868558704853
1106.1232340335846
1232.1924500614405
1267.1550237834454
1280.3710487782955
1227.8377993106842
1032.2442057579756
984.9418314993382
738.7814574241638
1002.2038276493549
871.7829844206572
1376.761474788189
701.8821663707495
1044.663201212883
998.6650771349669
873.7597980052233
1325.6026120185852
1166.6977263242006
1103.4084449410439
894.6976649165154
1117.4700573384762
853.2501790672541
1261.9173002392054
883.018478795886
984.1243015229702
1231.0567607730627
1355.4133050590754
1033.6468719244003
879.6841557323933
1104.3650520592928
1072.5063225477934
1321.4906858801842
981.5954197347164
1151.3302504718304
811.2082244306803
924.3613530248404
1250.4602172225714
1400.4999923110008
1261.9765006899834
893.558115541935
1092.994821101427
912.6638836413622
1183.8544814437628
957.3743444681168
951.786618873477
1118.0869091451168
712.7133261412382
1107.7315801978111
1071.9708438068628
909.51509308815
1244.1338648945093
1057.187052026391
1200.8224308341742
842.811100974679
1190.1974210590124
998.5695589333773
1319.3220166414976
851.4369056969881
1139.0510912835598
969.4271671622992
938.3178543895483
1237.287879794836
769.528197273612
1042.7110334783792
948.5930880010128
957.3469452112913
875.0631338953972
1314.1487744152546
1034.3894279748201
1261.1515641659498
1228.942209765315
1107.4006649553776
1059.1267998665571
645.2107962071896
1022.9237372726202
742.1820013821125
974.4765064865351
1163.3280133157969
985.8018855452538
1075.157402381301
990.1088472902775
1033.635456174612
1214.6965243518353
1265.1035315394402
1187.762978002429
962.4786732494831
1008.6851207613945
736.4648614823818
1055.2308091372252
1275.5930402576923
1215.7273015081882
1098.814968407154
904.8278988748789
864.1435261368752
1189.537488296628
1053.711471915245
1188.7641581445932
1206.4168389886618
1105.4043754339218
810.9665931612253
1270.4914906173944
1261.9949928224087
887.8460175544024
1161.9625750780106
1048.0632204711437
1112.197711378336
752.732061162591
968.951600253582
1118.8353117406368
1383.7947739511728
922.0729688555002
1042.9915033727884
1490.0257008075714
1188.0935564935207
906.3447780609131
1221.1511710137129
1222.3478819131851
1095.6491867750883
1297.3404460400343
655.8264716267586
1217.9574780613184
1125.582717269659
1297.7016881257296
1286.268287628889
1183.7059203535318
935.3059557676315
1180.1182114183903
922.9859326034784
1028.4353525191545
729.0151916146278
957.5387090444565
1053.9591732025146
1171.3656275123358
1052.6031961739063
1197.7137092798948
1412.24738137424
1166.56330665946
1017.5642541646957
1002.1631086915731
1167.5272245556116
1186.3790600150824
1114.7211368381977
1096.8024721890688
1060.3765942156315
724.7018499076366
1320.2919532358646
912.4715470224619
1143.1194662600756
1481.729052245617
869.7068055570126
987.246293887496
1288.5894642323256
861.7699968516827
882.9396162629128
773.4794960618019
838.7771199643612
1249.91174736619
1021.4172424376011
1236.2804866433144
1324.1181069612503
1438.9070822298527
1185.7754089534283
1493.618381768465
870.4297925680876
1205.177095592022
1014.4483533650637
1120.7169279456139
857.9021323919296
1025.1383936703205
984.1385793089867
1455.609439149499
1209.2736429721117
1056.7085778266191
1061.2468692660332
838.7556261271238
841.2962277233601
1196.6828919053078
1222.6663942486048
1208.426990121603
645.8401273041964
1187.1389788240194
876.9048217535019
1128.8169478476048
1225.3576926887035
968.9060997962952
1181.1457641869783
1269.891252323985
960.8775011599064
985.4322931915522
1136.871355354786
1335.4099251776934
1113.1972842663527
1427.5038095116615
591.7946621626616
891.4122181385756
1373.6073668301105
795.6460166871548
717.8391138613224
799.8905934393406
791.3457574248314
1161.714176312089
1218.0532801151276
898.4240230470896
1008.2614028006792
1196.3284240365028
1412.8556753546
1191.139855414629
1206.5195115208626
1087.194499105215
1232.3052552491426
1073.3354101479053
906.9498335719109
1068.9301552474499
980.057960152626
1354.409335553646
900.9555567353964
1033.9559311419725
1394.092821508646
1072.4150242209435
1113.926732107997
838.1524295955896
720.7426683008671
1173.8666299283504
1308.7304840534925
1238.8781868219376
1175.1354693621397
935.0617721229792
1084.9272880852222
956.0904095470905
1127.5527738183737
1188.780748784542
855.9090880602598
1026.016564205289
1332.8873961120844
1145.8776603341103
1192.774012222886
1570.4948566257954
937.1868893951178
1087.608267262578
1340.1611308902502
1099.1427346765995
940.6838046908379
843.5501011013985
