505.01788330078125
683.68017578125
662.5599365234375
639.3818969726562
499.82501220703125
498.43365478515625
503.36187744140625
710.374755859375
379.352783203125
513.4749755859375
513.587158203125
557.537841796875
555.1769409179688
475.60675048828125
464.677978515625
669.4793701171875
659.6165771484375
700.0318603515625
523.9473266601562
604.2411499023438
631.910888671875
652.8275756835938
508.9827880859375
577.1969604492188
614.765625
562.6539306640625
564.80126953125
560.978271484375
582.3034057617188
646.116455078125
639.7044677734375
519.9889526367188
556.0156860351562
569.5672607421875
649.9649658203125
595.078125
523.9017944335938
699.09521484375
718.5860595703125
469.66168212890625
414.4367980957031
659.8533325195312
559.438232421875
374.26123046875
547.2918701171875
659.0111083984375
661.4657592773438
600.357421875
610.7612915039062
648.2839965820312
477.8985595703125
506.3934020996094
611.5062866210938
548.7161254882812
647.3843383789062
626.1956787109375
679.062255859375
656.8109130859375
704.572021484375
500.7969970703125
723.180419921875
650.5335083007812
589.468994140625
664.453369140625
596.309814453125
667.106201171875
486.77984619140625
603.0172729492188
557.8468017578125
621.7515258789062
575.1709594726562
492.6610107421875
588.5751342773438
530.583740234375
508.7462158203125
596.1290283203125
681.7213134765625
391.782470703125
482.8507385253906
487.2362976074219
635.9429931640625
427.2818603515625
441.2559814453125
541.627197265625
390.3329162597656
491.0873718261719
506.81683349609375
554.0328369140625
611.4503173828125
706.99072265625
449.18194580078125
558.7421264648438
387.10614013671875
374.872802734375
620.2535400390625
595.962646484375
588.2650756835938
710.5677490234375
638.0003662109375
531.5279541015625
578.9102783203125
591.5114135742188
555.0982055664062
569.3864135742188
526.9190673828125
706.1227416992188
481.3809814453125
505.77471923828125
568.0665283203125
400.2779846191406
520.061279296875
612.2863159179688
456.4159851074219
396.6697692871094
490.4960632324219
613.145263671875
713.2955322265625
622.6197509765625
410.99456787109375
687.6792602539062
471.79937744140625
511.43157958984375
421.9457702636719
514.5274658203125
493.67218017578125
600.9444580078125
496.22259521484375
586.235107421875
554.1524658203125
611.74462890625
609.7245483398438
488.5896301269531
480.39288330078125
638.539306640625
527.2972412109375
522.8596801757812
448.0302734375
465.0177917480469
636.4082641601562
472.1082458496094
502.13848876953125
443.09521484375
613.9796142578125
543.821533203125
677.580078125
587.0650634765625
557.73046875
474.24371337890625
652.3092041015625
529.3187255859375
403.9592590332031
569.47119140625
533.7454223632812
676.1692504882812
587.26171875
485.2258605957031
635.8868408203125
621.9091796875
516.9852294921875
477.5787353515625
532.227294921875
468.787109375
552.1213989257812
589.589111328125
727.6900634765625
616.6082153320312
731.5969848632812
612.6800537109375
684.1083984375
501.40460205078125
529.6146850585938
683.2021484375
492.3399963378906
495.3316650390625
618.2923583984375
631.2073974609375
447.7881774902344
577.4237060546875
673.1756591796875
523.4579467773438
609.374755859375
480.287841796875
272.42633056640625
466.42901611328125
608.2548828125
423.1258239746094
677.3602294921875
535.20654296875
529.2672119140625
520.3560180664062
470.3814697265625
522.738525390625
667.1972045898438
549.962646484375
547.1856079101562
648.4603271484375
552.1547241210938
585.3798828125
556.3202514648438
521.8137817382812
695.2720947265625
472.0921325683594
615.7723388671875
513.4517211914062
426.7575378417969
595.7987670898438
530.3035888671875
580.0938720703125
555.713134765625
501.835205078125
497.6056213378906
433.7580261230469
738.9139404296875
508.3650817871094
423.9309997558594
571.544677734375
535.2538452148438
525.4754638671875
508.7689208984375
316.4866943359375
534.6988525390625
512.5982666015625
526.5960693359375
553.611328125
655.34619140625
541.4376831054688
487.2640380859375
569.2357788085938
566.342041015625
635.558349609375
401.94757080078125
515.952880859375
595.5137329101562
228.158447265625
578.0003662109375
375.0158386230469
505.5533752441406
531.800048828125
547.7696533203125
535.209228515625
543.6873168945312
408.05206298828125
561.0450439453125
523.1083984375
595.0128784179688
514.3699951171875
526.0349731445312
491.907958984375
438.34698486328125
541.940673828125
590.22998046875
495.67388916015625
648.8729858398438
640.2588500976562
716.088134765625
613.9560546875
658.6346435546875
511.6307373046875
458.7144775390625
544.3070678710938
581.018798828125
574.7833862304688
526.0159912109375
638.25927734375
518.4691162109375
430.89385986328125
694.97119140625
518.927001953125
550.504638671875
688.8251953125
532.3204956054688
424.1778259277344
727.933349609375
426.9806213378906
386.8358459472656
527.1524658203125
399.7137451171875
616.2140502929688
509.653564453125
538.2178344726562
429.69708251953125
475.99432373046875
585.4540405273438
568.3956298828125
503.6246032714844
592.661376953125
452.997802734375
414.59625244140625
576.4118041992188
432.127685546875
552.6263427734375
584.882080078125
693.9732666015625
616.15087890625
752.8248291015625
480.4673156738281
509.7545166015625
606.5234985351562
410.82598876953125
539.7884521484375
543.6920166015625
548.8238525390625
601.1431884765625
539.5984497070312
785.877685546875
585.4549560546875
539.0715942382812
609.81982421875
562.2783203125
630.7245483398438
511.5710144042969
620.2178955078125
587.78125
474.83135986328125
590.1629638671875
641.6783447265625
509.859130859375
613.837158203125
625.7501831054688
499.5587158203125
682.18115234375
516.3585205078125
486.2176208496094
652.77490234375
678.6165771484375
502.1033935546875
615.719482421875
588.9586791992188
526.5775146484375
617.1548461914062
520.9485473632812
703.5934448242188
607.951904296875
702.827392578125
501.976806640625
555.1658935546875
507.6490478515625
372.6346130371094
539.9862060546875
618.016845703125
551.45556640625
400.99822998046875
480.32159423828125
512.7872314453125
640.4873046875
373.80328369140625
592.0560913085938
476.70904541015625
517.834716796875
408.57879638671875
498.9409484863281
536.1286010742188
452.4759216308594
454.95428466796875
591.8175048828125
724.8297119140625
640.8995361328125
673.055908203125
622.81103515625
738.7879638671875
315.2469482421875
582.6380004882812
688.8707885742188
382.4669189453125
601.7965698242188
460.1968688964844
587.3080444335938
451.36932373046875
649.0138549804688
690.422119140625
476.02191162109375
598.080322265625
487.09625244140625
438.13690185546875
557.3493041992188
593.98193359375
590.6343994140625
465.6143798828125
587.8583984375
664.7080688476562
537.98583984375
499.66986083984375
464.642822265625
704.06689453125
534.6512451171875
597.311767578125
454.6189880371094
586.644775390625
612.40869140625
522.4825439453125
382.0633544921875
649.1356201171875
488.7976379394531
454.4286193847656
516.9107666015625
478.76141357421875
638.048095703125
556.602294921875
654.2571411132812
569.2727661132812
610.6105346679688
565.8621215820312
587.7349853515625
546.6616821289062
582.8726806640625
563.4178466796875
709.4854736328125
499.42156982421875
730.26611328125
649.5318603515625
571.2913818359375
544.6944580078125
524.0291748046875
633.588134765625
698.9542846679688
565.197509765625
692.1572875976562
738.74072265625
489.57781982421875
613.453857421875
575.902099609375
423.2725830078125
560.8658447265625
613.5826416015625
479.40716552734375
595.7971801757812
580.2139892578125
558.4927368164062
533.76904296875
647.4305419921875
517.8043212890625
554.931640625
526.9608154296875
594.9357299804688
568.4346923828125
705.3939819335938
502.673583984375
394.50860595703125
579.905517578125
606.2670288085938
546.2007446289062
558.779296875
565.2716064453125
601.3717041015625
581.818115234375
530.80322265625
750.8990478515625
518.7767944335938
631.3001708984375
604.394287109375
413.7453918457031
590.7922973632812
557.7540283203125
700.341552734375
632.5782470703125
686.9888916015625
542.0068969726562
537.2786865234375
763.1737060546875
624.0855102539062
543.337646484375
609.693359375
566.5035400390625
574.165771484375
607.72900390625
546.2218017578125
460.02288818359375
399.96307373046875
543.996826171875
472.4554138183594
736.047119140625
477.61077880859375
404.6607666015625
600.4342041015625
317.2552795410156
567.8411254882812
616.4078369140625
486.5372619628906
564.09326171875
685.6849365234375
611.67041015625
482.3282470703125
581.8528442382812
490.8994140625
610.0670776367188
492.7350158691406
578.2706298828125
657.1522216796875
547.2622680664062
608.0054931640625
608.791259765625
657.33984375
570.6573486328125
541.913818359375
639.1448974609375
542.4705810546875
665.5447387695312
514.2306518554688
627.0130004882812
574.2264404296875
607.1400146484375
709.22998046875
634.3699951171875
524.4306030273438
527.0010986328125
586.2408447265625
521.90869140625
484.6277160644531
542.4882202148438
484.19305419921875
560.8533325195312
447.86944580078125
611.2623291015625
527.9332275390625
500.696044921875
758.0889892578125
539.32421875
532.9981689453125
578.2362060546875
490.12762451171875
628.351318359375
731.3497314453125
373.28704833984375
655.7738647460938
503.68707275390625
663.2177124023438
676.0194091796875
656.647216796875
540.1513671875
581.668701171875
563.6568603515625
430.1716003417969
678.65234375
492.68939208984375
533.6575317382812
622.7344970703125
579.2505493164062
594.1171875
485.17218017578125
630.3460693359375
504.596923828125
800.5511474609375
683.92236328125
610.5459594726562
518.413330078125
544.1751098632812
641.883544921875
499.1791076660156
432.87957763671875
485.6285705566406
555.0103149414062
421.18829345703125
487.16265869140625
519.852783203125
551.3182373046875
659.9385375976562
448.358642578125
384.696044921875
585.3231811523438
770.8716430664062
649.83154296875
787.7379150390625
468.5235290527344
778.2757568359375
608.2529907226562
449.24835205078125
401.79669189453125
554.9235229492188
527.4249877929688
696.207763671875
543.0577392578125
529.9793701171875
317.95123291015625
418.35345458984375
599.9918212890625
509.481689453125
629.6591796875
661.286376953125
628.1336669921875
530.9644775390625
531.5562744140625
668.9051513671875
569.728515625
516.1181030273438
617.0730590820312
460.32574462890625
570.9490966796875
544.6685180664062
496.929443359375
477.561279296875
470.7782897949219
575.2886962890625
584.713623046875
609.1015625
666.6895751953125
518.5478515625
507.9715881347656
664.666748046875
500.30859375
635.729736328125
476.59722900390625
596.9673461914062
585.2199096679688
527.1513671875
631.06103515625
534.3529663085938
612.1312255859375
683.3736572265625
585.029296875
519.875
579.1539306640625
736.148681640625
427.2672424316406
835.44482421875
640.3154296875
524.3527221679688
589.57177734375
465.3478698730469
455.27703857421875
603.1033325195312
592.2443237304688
514.0006103515625
574.2520751953125
689.4883422851562
422.4947814941406
527.503173828125
599.31103515625
485.845703125
556.4017944335938
507.51788330078125
586.3465576171875
429.9706115722656
786.9852905273438
589.4493408203125
536.4500732421875
628.4466552734375
553.861572265625
579.4329833984375
445.3287048339844
587.1383666992188
648.669921875
524.6467895507812
509.48248291015625
454.44415283203125
459.14703369140625
601.2384033203125
639.6004638671875
487.64581298828125
628.2135009765625
571.97607421875
469.33197021484375
492.676025390625
648.7764282226562
483.87750244140625
647.06396484375
584.86376953125
648.6813354492188
538.041015625
653.3231201171875
467.0
442.157958984375
668.4056396484375
684.060546875
566.728515625
778.0009765625
376.8447570800781
514.5293579101562
578.208251953125
613.1329345703125
658.9775390625
439.6559753417969
441.03692626953125
546.22021484375
580.6493530273438
550.6688232421875
687.8685302734375
683.0091552734375
577.640380859375
619.3377075195312
515.8602905273438
414.2186279296875
501.44354248046875
529.7599487304688
446.026123046875
603.5716552734375
566.4568481445312
382.7677001953125
655.3916015625
595.3087158203125
641.6739501953125
650.274169921875
596.9574584960938
583.8705444335938
647.178955078125
670.06982421875
606.4339599609375
474.8230895996094
444.56585693359375
601.3511962890625
540.7147216796875
517.9876098632812
629.180419921875
566.4976806640625
678.5560302734375
548.6690673828125
440.16864013671875
338.5584716796875
523.7953491210938
493.3336181640625
656.855712890625
589.6240844726562
683.8871459960938
568.0758056640625
475.02117919921875
432.7904052734375
502.5991516113281
675.2793579101562
676.763916015625
596.0537109375
745.0137329101562
565.8275146484375
689.4959716796875
566.40185546875
681.7674560546875
643.1661376953125
660.520751953125
617.8433227539062
710.029296875
581.1581420898438
639.013916015625
703.4053344726562
602.7784423828125
632.334716796875
654.973388671875
683.49169921875
526.2161254882812
783.7042236328125
552.95703125
530.8050537109375
579.0894775390625
617.804931640625
567.1697387695312
500.7874755859375
535.2634887695312
596.8113403320312
619.9908447265625
663.2747802734375
535.5691528320312
586.6719970703125
753.0082397460938
481.0160827636719
506.82916259765625
546.3106689453125
538.597412109375
572.7916259765625
540.9953002929688
566.1551513671875
542.7064819335938
602.500732421875
529.5555419921875
764.9154052734375
497.06573486328125
656.6348876953125
761.5570068359375
683.21533203125
651.7894287109375
458.7446594238281
577.3883056640625
404.36065673828125
494.5770263671875
625.7008056640625
541.7612915039062
572.9234619140625
325.86053466796875
558.67431640625
621.17578125
692.4766845703125
403.57623291015625
410.68121337890625
622.7242431640625
449.83251953125
453.33709716796875
507.3250732421875
593.266357421875
622.1732177734375
564.8419189453125
598.4336547851562
534.6508178710938
726.0750732421875
571.529296875
637.0084838867188
661.9099731445312
525.2288818359375
662.156005859375
432.0000305175781
632.6135864257812
644.5889282226562
563.1763305664062
596.9052734375
673.3048095703125
413.22808837890625
494.98046875
508.7970886230469
583.431640625
449.00421142578125
519.1007690429688
630.7745971679688
465.2872314453125
546.2015991210938
639.2208251953125
579.9132690429688
761.9366455078125
521.6615600585938
379.70123291015625
553.9734497070312
581.43505859375
494.6270751953125
583.6846923828125
467.68255615234375
612.43701171875
516.4872436523438
367.7955322265625
583.468994140625
503.51629638671875
634.47509765625
590.2281494140625
624.3272705078125
458.3387145996094
486.26800537109375
594.9772338867188
609.0335693359375
489.86248779296875
721.1121215820312
575.57177734375
702.6509399414062
393.1838073730469
608.8587646484375
586.27685546875
679.2281494140625
776.15869140625
675.4862060546875
626.3570556640625
472.14288330078125
511.5777282714844
456.3857727050781
523.6876831054688
534.6633911132812
421.72735595703125
529.242431640625
677.9217529296875
413.4934997558594
583.4122924804688
440.1551513671875
433.53448486328125
429.34954833984375
707.9140625
458.4147644042969
590.1224365234375
640.737548828125
580.582763671875
540.3070068359375
479.5538635253906
454.678955078125
477.9613342285156
710.9236450195312
349.7582702636719
526.688232421875
660.5548095703125
409.2491455078125
432.5653076171875
665.7770385742188
538.874755859375
587.4833984375
571.2657470703125
642.4703979492188
527.4873657226562
478.9228210449219
489.23675537109375
408.6297302246094
543.121826171875
443.67694091796875
589.106689453125
496.3951416015625
499.7294921875
658.6266479492188
459.5418701171875
573.715576171875
567.396240234375
508.60833740234375
532.459228515625
638.7010498046875
465.7187194824219
507.6963195800781
639.3025512695312
620.4420166015625
561.1339721679688
473.39459228515625
650.00927734375
623.0657348632812
486.14337158203125
621.843994140625
529.819580078125
741.934814453125
530.0648193359375
576.0322265625
473.5777587890625
366.09326171875
642.8191528320312
588.8861083984375
570.2717895507812
644.4912109375
517.063720703125
476.4493408203125
404.1405029296875
551.2905883789062
521.37451171875
546.6416625976562
606.00341796875
627.544189453125
622.9683227539062
604.1693115234375
544.104736328125
594.0690307617188
552.6292724609375
473.50189208984375
439.989990234375
562.949462890625
428.7780456542969
593.6014404296875
439.09259033203125
625.2696533203125
442.56329345703125
420.0687255859375
455.4162902832031
661.7337646484375
568.6044921875
596.905517578125
540.4421997070312
467.3756103515625
594.9805908203125
466.4078369140625
568.666015625
602.818115234375
559.53076171875
600.5883178710938
546.8404541015625
522.126708984375
660.3988037109375
635.495849609375
617.56689453125
675.6957397460938
483.2630615234375
695.7529296875
525.7464599609375
553.0067749023438
541.0777587890625
511.2563781738281
470.49969482421875
655.893798828125
546.52294921875
435.69586181640625
599.951416015625
533.7320556640625
559.85595703125
663.6553955078125
566.0478515625
692.4691772460938
534.3497314453125
715.8057861328125
567.908203125
535.3203125
777.1675415039062
657.2835083007812
460.25469970703125
462.82952880859375
566.3848876953125
449.734130859375
505.1381530761719
648.9263305664062
710.6951293945312
606.3868408203125
583.6635131835938
691.5347900390625
534.4865112304688
459.9992370605469
332.4892578125
570.9737548828125
484.1465148925781
498.302734375
528.5166015625
556.6450805664062
787.439453125
600.0447998046875
658.642578125
462.03533935546875
511.7279968261719
601.9111328125
613.5183715820312
552.6739501953125
566.7708129882812
495.1116943359375
591.0969848632812
633.201904296875
508.47760009765625
428.0559387207031
550.2764282226562
536.2435302734375
687.0501708984375
549.2567138671875
525.100830078125
419.676025390625
597.5086669921875
577.8490600585938
489.0159606933594
552.8843994140625
403.58624267578125
632.4044799804688
570.3900756835938
636.28662109375
456.37322998046875
619.1787109375
450.6441650390625
584.6024169921875
529.3411254882812
707.2173461914062
469.39276123046875
698.3701171875
487.58087158203125
477.38031005859375
429.9086608886719
501.8348693847656
662.92724609375
514.1624755859375
537.657470703125
511.725830078125
542.0330200195312
580.3497314453125
744.931884765625
593.0960693359375
573.712158203125
489.18511962890625
599.382080078125
662.2252197265625
516.275146484375
576.6468505859375
661.6300048828125
473.60601806640625
487.56109619140625
466.5806884765625
626.0115966796875
614.8867797851562
595.0787353515625
563.0331420898438
578.17578125
592.538330078125
537.7962646484375
546.798828125
552.8375244140625
594.3378295898438
678.5096435546875
455.1900634765625
566.9576416015625
459.34844970703125
507.687255859375
582.6552124023438
505.4685974121094
587.7918701171875
503.2255554199219
618.00732421875
603.5011596679688
440.7380065917969
670.1224365234375
565.0985107421875
501.3884582519531
515.84912109375
615.717529296875
501.6187438964844
612.4063720703125
575.690673828125
610.268310546875
547.8938598632812
680.4057006835938
450.73883056640625
634.5040893554688
676.961669921875
452.30572509765625
455.07403564453125
687.5194091796875
574.915771484375
524.0321655273438
665.4447021484375
613.6543579101562
611.060546875
441.9017028808594
565.1644287109375
560.5369262695312
613.1934814453125
603.3292236328125
501.47991943359375
434.93804931640625
519.8858642578125
522.6083984375
593.1337890625
611.8253173828125
595.908447265625
507.25421142578125
642.4718017578125
674.9459228515625
627.0249633789062
554.3165283203125
562.1546020507812
721.0950927734375
633.5538940429688
580.056884765625
387.22357177734375
632.0249633789062
531.4537353515625
463.29766845703125
613.6202392578125
608.3515014648438
574.8914184570312
507.94476318359375
485.6044921875
660.1129150390625
707.7503662109375
518.4096069335938
621.3345947265625
561.8615112304688
466.57733154296875
602.4315185546875
420.8599853515625
555.8690795898438
495.12640380859375
717.2357788085938
628.1937255859375
612.9649658203125
661.14453125
577.3779907226562
640.10791015625
668.0523071289062
640.93603515625
651.7731323242188
445.29241943359375
576.9971923828125
664.2535400390625
485.12835693359375
478.789306640625
546.4954833984375
742.9605102539062
522.2119140625
527.924072265625
391.805908203125
515.2290649414062
593.1666259765625
638.317626953125
382.3711853027344
481.3269348144531
814.1051025390625
477.11334228515625
716.4932861328125
472.0233459472656
537.517822265625
522.669677734375
566.9091796875
718.8394775390625
480.51153564453125
364.14520263671875
667.910888671875
602.080810546875
576.8299560546875
698.6610717773438
559.65234375
669.7047119140625
773.1904296875
644.6819458007812
609.6612548828125
504.9549560546875
579.9331665039062
630.53662109375
368.4541931152344
392.26361083984375
423.5814208984375
651.389892578125
530.6031494140625
469.32330322265625
451.6015930175781
593.1614990234375
669.4664916992188
430.1119079589844
656.877685546875
422.0880126953125
648.0045166015625
470.58697509765625
621.4080810546875
624.8251953125
710.6788330078125
499.24713134765625
489.8825378417969
599.519775390625
590.2787475585938
631.3451538085938
598.4942626953125
503.69720458984375
587.3323974609375
573.7615966796875
690.9852905273438
484.0489807128906
622.3753662109375
611.96826171875
517.2188720703125
566.9766845703125
516.8973388671875
620.158447265625
692.8264770507812
371.46575927734375
604.3291015625
629.166748046875
530.44384765625
521.7392578125
593.195556640625
698.0829467773438
634.003662109375
635.8724365234375
558.6246948242188
648.853271484375
639.701904296875
564.6396484375
391.71527099609375
636.5195922851562
588.5130615234375
558.5491333007812
467.81268310546875
401.59979248046875
404.2825927734375
612.311279296875
620.6064453125
688.8667602539062
513.748291015625
355.5150146484375
604.7095947265625
560.6719970703125
681.2672119140625
522.2406005859375
480.26373291015625
610.5789794921875
417.9439392089844
521.7422485351562
393.2812194824219
538.43896484375
564.6444702148438
485.1347961425781
568.346435546875
530.4063720703125
503.66717529296875
480.83245849609375
484.18475341796875
627.2601928710938
390.9058837890625
659.221435546875
600.056640625
508.281494140625
634.0113525390625
719.0401611328125
729.452392578125
519.482421875
413.9251708984375
619.78857421875
606.6217041015625
562.89208984375
491.02545166015625
545.3992919921875
586.560546875
660.44384765625
617.5083618164062
465.16162109375
513.80419921875
422.00201416015625
575.5706787109375
475.0082092285156
542.1041870117188
553.3539428710938
603.177490234375
394.3331604003906
468.98675537109375
473.58319091796875
623.97900390625
297.6064453125
481.54071044921875
656.3444213867188
618.3563232421875
676.5255126953125
711.3097534179688
512.713134765625
393.3518981933594
557.298095703125
676.1972045898438
691.5103149414062
523.74560546875
475.9395751953125
574.4295043945312
549.99462890625
653.1399536132812
389.159423828125
500.2103271484375
562.9432373046875
410.3785095214844
735.4916381835938
480.588134765625
551.0062866210938
517.7896118164062
492.8307189941406
591.7589111328125
486.24462890625
493.26507568359375
738.8463134765625
621.1087646484375
729.6279296875
488.09967041015625
680.145751953125
608.5910034179688
700.539794921875
560.16845703125
674.59375
483.50909423828125
465.34197998046875
532.6934814453125
595.23974609375
495.4480895996094
740.2749633789062
615.6641845703125
545.0003051757812
514.19189453125
623.45458984375
540.3538208007812
497.3912353515625
450.2559509277344
441.39276123046875
519.22412109375
529.5357666015625
449.35302734375
660.159423828125
667.19140625
520.09423828125
636.66455078125
549.2786254882812
589.426025390625
602.9019775390625
478.05621337890625
492.8583679199219
501.395263671875
517.2089233398438
692.0078125
434.2606201171875
453.731201171875
559.954345703125
473.18695068359375
444.0362548828125
605.8360595703125
551.483642578125
524.6678466796875
434.0916748046875
594.5763549804688
519.9505615234375
537.4669799804688
580.7284545898438
560.7909545898438
663.2753295898438
501.4842529296875
613.424072265625
484.5382080078125
708.8482055664062
654.8541259765625
527.0736694335938
473.3829040527344
530.5822143554688
462.16534423828125
558.6854248046875
742.7744140625
494.20037841796875
446.7027587890625
797.4609375
560.1416015625
501.75006103515625
788.048095703125
431.6622619628906
464.33880615234375
446.832763671875
450.95477294921875
504.0457763671875
583.1265869140625
520.5614013671875
625.9969482421875
615.9700927734375
540.0172119140625
562.2554931640625
634.5228881835938
694.55224609375
583.465087890625
489.86920166015625
698.3089599609375
595.90283203125
529.5919189453125
594.719482421875
503.08685302734375
609.4108276367188
663.4423217773438
614.2042236328125
399.845458984375
646.3560791015625
646.9494018554688
686.7341918945312
457.6475830078125
641.643798828125
485.5418395996094
325.3421630859375
474.8087463378906
465.42523193359375
495.7014465332031
591.7904052734375
685.253173828125
429.5521545410156
608.733154296875
534.4697265625
610.8974609375
680.4281005859375
524.970458984375
673.751708984375
629.9880981445312
559.8359985351562
663.1195678710938
568.555908203125
685.31201171875
606.29541015625
433.6025085449219
626.0570678710938
451.632568359375
398.872314453125
583.1373901367188
633.3950805664062
515.3187255859375
774.0032958984375
497.10565185546875
544.1080322265625
543.1536865234375
543.593017578125
709.2011108398438
491.35333251953125
598.4891967773438
565.4462280273438
358.6012878417969
652.245361328125
437.8291320800781
573.568603515625
507.5645446777344
568.5828857421875
497.22613525390625
487.59814453125
610.552490234375
468.86810302734375
495.6512451171875
566.1543579101562
692.6405029296875
531.5753173828125
569.8150634765625
700.8795166015625
521.357177734375
632.8028564453125
414.65582275390625
581.1253662109375
639.64306640625
540.8389282226562
551.8941650390625
800.9818725585938
495.4244384765625
602.9263305664062
671.1700439453125
593.496337890625
439.8839111328125
514.4779052734375
457.98193359375
557.1094970703125
514.2080078125
424.23394775390625
610.9078369140625
547.7850341796875
535.1700439453125
502.19091796875
541.6053466796875
496.9124755859375
517.7537841796875
672.3104248046875
496.77044677734375
609.2947998046875
663.718505859375
533.3937377929688
605.482177734375
635.4537353515625
534.5269165039062
489.6228332519531
598.268310546875
621.7916870117188
561.0101318359375
395.97833251953125
487.41961669921875
530.3424072265625
585.72509765625
563.1241455078125
559.72119140625
512.7236328125
608.7073974609375
690.926025390625
354.4012451171875
552.3399658203125
576.1231079101562
593.1181640625
643.2099609375
459.38934326171875
357.49237060546875
661.5244140625
543.7225341796875
432.1941833496094
615.9684448242188
531.6467895507812
643.1898193359375
516.520263671875
552.0901489257812
564.9529418945312
680.3006591796875
670.7427978515625
567.6087646484375
579.7745361328125
520.3788452148438
510.8263854980469
613.0092163085938
617.85888671875
498.23956298828125
522.4439697265625
676.9440307617188
482.712158203125
374.47442626953125
538.731201171875
626.3826293945312
654.1095581054688
546.0958251953125
633.1229248046875
681.6099853515625
484.15802001953125
672.218994140625
515.3828735351562
554.67041015625
572.5350341796875
528.9923095703125
501.0862121582031
595.038330078125
617.2991943359375
423.4549560546875
590.6343994140625
501.67230224609375
388.8150329589844
742.5145263671875
580.193603515625
604.6414794921875
514.715087890625
499.36029052734375
572.9755859375
612.046630859375
492.85723876953125
552.8206176757812
556.2108154296875
468.68798828125
578.3934936523438
674.8533935546875
669.5623779296875
581.0366821289062
413.4002685546875
654.5330810546875
426.378173828125
472.953125
472.96331787109375
500.5011291503906
654.0074462890625
476.32672119140625
455.2909240722656
707.1712646484375
401.2344665527344
447.4183044433594
607.0592041015625
625.9118041992188
443.41424560546875
324.13763427734375
557.9139404296875
655.977294921875
368.83673095703125
539.0713500976562
479.85601806640625
533.1820068359375
467.4427490234375
456.99554443359375
419.5633544921875
553.61083984375
575.7761840820312
638.1051635742188
499.89166259765625
423.11468505859375
541.8089599609375
629.8762817382812
483.22576904296875
630.3316040039062
393.932861328125
664.5248413085938
453.4981384277344
618.8516845703125
702.862548828125
603.4482421875
467.3484191894531
587.5029907226562
660.783447265625
455.873779296875
612.60693359375
520.8677978515625
538.9334716796875
466.5662841796875
592.817626953125
602.507568359375
539.0283203125
504.7298583984375
497.719482421875
498.74664306640625
590.1195068359375
661.2510986328125
625.0093383789062
464.33203125
560.0230102539062
528.0970458984375
501.891845703125
616.5610961914062
637.8255615234375
654.2281494140625
594.344970703125
567.1082763671875
605.0469970703125
642.5869750976562
671.8890380859375
570.4541015625
560.453125
730.3245239257812
372.2665100097656
500.5986022949219
424.9649658203125
529.3193969726562
606.0631103515625
539.492431640625
669.1903076171875
514.19921875
648.8596801757812
582.983642578125
599.5533447265625
488.23455810546875
629.8927001953125
445.84521484375
481.8394775390625
610.2508544921875
443.9060363769531
418.2735595703125
428.9078369140625
487.22235107421875
489.5932312011719
594.7081298828125
715.9188232421875
658.7824096679688
595.9069213867188
625.3275756835938
534.3985595703125
442.0770568847656
665.2606811523438
506.94622802734375
481.4488525390625
439.7806396484375
532.8858642578125
685.1484985351562
443.5496826171875
569.0748901367188
706.7391967773438
655.3966064453125
610.8663330078125
529.983642578125
507.38006591796875
505.8746032714844
548.5499267578125
614.2255859375
550.7021484375
494.8744812011719
515.2564697265625
439.140380859375
561.2665405273438
520.3565063476562
708.55908203125
621.484130859375
505.05078125
403.3966369628906
558.2532958984375
639.2256469726562
540.2366943359375
426.87689208984375
627.337158203125
500.2752685546875
582.931884765625
434.2305603027344
724.178466796875
485.3749084472656
474.7271728515625
584.8759155273438
426.67181396484375
366.9217834472656
645.9146728515625
566.6668090820312
545.45947265625
604.0623779296875
555.9686889648438
457.90386962890625
404.46917724609375
553.535400390625
606.7589721679688
500.30572509765625
334.9263916015625
536.1749877929688
403.632568359375
414.3802795410156
521.65087890625
414.7088317871094
493.9385986328125
514.31640625
589.3216552734375
603.5677490234375
541.1231079101562
479.356689453125
587.08544921875
493.43682861328125
323.62701416015625
711.2174072265625
590.5240478515625
566.099853515625
664.2830810546875
601.4456787109375
738.39306640625
666.140380859375
476.9932556152344
578.0289306640625
550.9859619140625
524.195068359375
640.84912109375
523.8193969726562
531.1458129882812
504.7016296386719
532.3089599609375
523.9287719726562
647.5660400390625
434.070068359375
753.77490234375
625.5147705078125
585.2351684570312
518.0772705078125
570.3814697265625
531.9857177734375
459.7051086425781
515.3790283203125
628.6800537109375
440.72393798828125
574.4151611328125
575.5921630859375
582.9326171875
523.4326171875
620.462158203125
510.136474609375
537.0553588867188
678.86328125
474.94561767578125
518.0848388671875
621.4732666015625
426.35400390625
535.78955078125
629.2890014648438
547.1795654296875
489.2773742675781
571.3819580078125
553.7219848632812
577.5772705078125
725.731201171875
294.9305419921875
612.7890625
639.76318359375
508.65216064453125
520.7672729492188
404.92535400390625
697.5742797851562
614.8539428710938
555.2711181640625
540.0894775390625
584.75390625
486.19732666015625
552.4546508789062
592.5174560546875
522.4093017578125
591.995361328125
621.3554077148438
553.6806030273438
541.6729736328125
470.38232421875
443.1600341796875
519.5719604492188
493.0757751464844
536.314697265625
560.1800537109375
578.6090087890625
562.9617919921875
632.8521728515625
609.0205078125
666.4661254882812
608.5801391601562
590.6729125976562
663.3226928710938
452.21539306640625
612.3300170898438
487.4095764160156
552.4171142578125
474.63287353515625
609.4942626953125
546.9967041015625
588.541748046875
448.6637268066406
657.3155517578125
483.657470703125
639.2647705078125
517.1481323242188
432.98602294921875
577.87451171875
581.4122924804688
483.6539611816406
595.9768676757812
536.940185546875
514.8221435546875
632.7860717773438
533.3194580078125
577.64501953125
327.74853515625
409.743896484375
695.4371337890625
722.320556640625
321.2518310546875
532.066650390625
555.9244995117188
671.4395751953125
545.2434692382812
597.9715576171875
407.8294677734375
605.266845703125
569.7821655273438
614.3935546875
530.9190673828125
663.556640625
552.5647583007812
639.0380859375
508.60791015625
558.799560546875
506.6224670410156
636.1648559570312
610.16943359375
521.6728515625
713.013427734375
392.144287109375
275.47491455078125
528.1431274414062
584.64794921875
475.015380859375
526.1494140625
554.0445556640625
622.5906982421875
622.752685546875
606.9478149414062
786.2215576171875
555.7401123046875
521.4423217773438
469.40655517578125
502.8674011230469
436.8012390136719
461.802734375
686.7542724609375
420.9573669433594
546.7966918945312
694.6997680664062
521.7352294921875
469.92852783203125
494.00048828125
576.0535278320312
498.45751953125
748.8018798828125
577.0044555664062
580.2977294921875
714.2548828125
545.9590454101562
675.30419921875
477.19317626953125
599.69873046875
442.52978515625
535.7096557617188
391.9757995605469
423.6048583984375
691.41357421875
629.2869873046875
627.8374633789062
563.8173217773438
489.74017333984375
549.951416015625
625.4799194335938
559.9862670898438
601.6006469726562
602.02001953125
602.7561645507812
506.6548767089844
660.1897583007812
462.40185546875
476.6855773925781
470.80908203125
598.32861328125
595.9205322265625
650.0291137695312
552.6905517578125
457.53216552734375
605.6280517578125
617.021728515625
470.9185791015625
585.7508544921875
602.364990234375
611.72802734375
544.22412109375
598.7657470703125
561.4910278320312
542.3941650390625
420.7827453613281
450.7266845703125
720.2587890625
444.55126953125
632.032958984375
655.78857421875
525.79931640625
590.741455078125
359.73602294921875
486.4437255859375
657.3656616210938
569.9118041992188
566.2203979492188
695.5347900390625
508.47113037109375
546.7093505859375
607.7488403320312
586.8609008789062
587.739013671875
567.2531127929688
479.3294677734375
718.8751220703125
561.6652221679688
669.0576782226562
581.1011962890625
475.066650390625
534.4282836914062
557.263916015625
539.864501953125
572.875244140625
511.7073669433594
672.074462890625
503.3388977050781
626.485595703125
634.0697631835938
597.342041015625
817.5859985351562
485.070556640625
409.28765869140625
514.627197265625
643.5272216796875
536.6524047851562
366.59869384765625
604.6011962890625
517.619384765625
568.2669677734375
535.0265502929688
457.8936767578125
493.77728271484375
562.3612060546875
705.8795166015625
716.3341674804688
512.6213989257812
706.77001953125
552.5308837890625
533.5386962890625
497.6947021484375
621.5400390625
625.5892944335938
421.6980285644531
509.9573974609375
549.7955322265625
549.1151733398438
691.0420532226562
580.95703125
516.7117919921875
655.474609375
634.503662109375
506.665283203125
426.4652404785156
587.5428466796875
583.5960693359375
574.5722045898438
524.8921508789062
576.2681884765625
551.2510375976562
639.169189453125
672.2984619140625
655.149658203125
496.2879638671875
562.4642944335938
576.1781005859375
639.1943359375
741.384033203125
396.5615234375
680.3141479492188
521.655517578125
575.9107666015625
506.65386962890625
663.4681396484375
606.86279296875
606.46728515625
534.0135498046875
669.1646728515625
633.3037109375
449.0354919433594
511.736328125
590.8485717773438
553.1648559570312
590.9347534179688
608.550048828125
479.4586181640625
419.59222412109375
580.194091796875
322.650634765625
459.18609619140625
586.0321044921875
586.8758544921875
490.2414855957031
545.5654296875
536.15087890625
510.102294921875
641.2420654296875
447.03948974609375
541.0042114257812
584.4076538085938
560.3378295898438
477.5307922363281
401.0148010253906
578.10986328125
474.673095703125
445.9590759277344
670.7623291015625
626.02685546875
558.5052490234375
536.681396484375
495.54107666015625
511.31103515625
493.0509033203125
545.7200927734375
547.61328125
444.38262939453125
540.80908203125
606.302001953125
534.0046997070312
622.781005859375
623.4685668945312
748.1948852539062
515.3762817382812
350.97686767578125
559.2319946289062
484.1153869628906
693.9532470703125
622.964111328125
647.6351928710938
480.6654052734375
526.9315185546875
619.731689453125
630.2550659179688
583.295654296875
637.5235595703125
458.66729736328125
590.4322509765625
803.8421630859375
547.0555419921875
601.5911865234375
593.0885620117188
582.0421142578125
547.5776977539062
521.763427734375
749.3682250976562
612.8008422851562
452.4872741699219
619.2244262695312
487.67437744140625
528.2594604492188
738.9986572265625
449.124755859375
432.81976318359375
483.29052734375
585.8221435546875
479.710205078125
472.8379821777344
661.2196655273438
682.9783935546875
561.634521484375
617.3714599609375
595.3587036132812
514.6275024414062
528.597412109375
566.1303100585938
589.7240600585938
534.790283203125
490.83111572265625
489.77337646484375
614.0908203125
549.2890625
549.18359375
294.068603515625
566.4742431640625
501.89935302734375
405.1097412109375
668.4669799804688
688.4588012695312
501.0405578613281
667.7276000976562
501.0737609863281
681.667236328125
535.5244750976562
515.9778442382812
350.3798828125
671.7408447265625
713.67578125
635.3893432617188
455.96417236328125
675.4725341796875
551.2758178710938
605.37353515625
574.4832763671875
486.9809265136719
348.69873046875
573.6571044921875
580.687255859375
738.7618408203125
533.9215087890625
469.03021240234375
533.4095458984375
504.53741455078125
544.6572265625
397.26885986328125
615.7836303710938
573.7635498046875
439.75689697265625
419.39276123046875
593.619873046875
488.11181640625
499.4516296386719
590.8065185546875
516.9321899414062
501.291748046875
482.169921875
402.6640625
548.2032470703125
583.4314575195312
655.7366943359375
517.47998046875
390.80615234375
601.7334594726562
455.77783203125
573.2085571289062
550.8468017578125
466.4384460449219
482.74395751953125
593.7144775390625
447.409423828125
598.287109375
361.91693115234375
372.52935791015625
338.4709167480469
552.9178466796875
486.8016052246094
605.8380737304688
620.281494140625
731.548583984375
681.3594970703125
529.2620849609375
518.0389404296875
646.4093017578125
414.3245849609375
591.8910522460938
673.7048950195312
550.076171875
640.02685546875
576.5794067382812
509.975830078125
576.914306640625
729.112060546875
545.0745849609375
565.3374633789062
679.907958984375
770.537109375
430.113037109375
701.00634765625
556.9567260742188
553.9320068359375
436.33856201171875
617.2069091796875
547.284912109375
578.6293334960938
587.8284301757812
673.08447265625
665.177734375
692.4481201171875
571.11474609375
658.1380615234375
561.922119140625
585.40625
525.7716064453125
543.1214599609375
563.2897338867188
545.087890625
624.6571655273438
497.1280822753906
590.9244384765625
635.0537719726562
480.0014343261719
503.8505859375
564.85400390625
418.4784851074219
449.86541748046875
517.276611328125
610.5400390625
492.1097412109375
703.4625854492188
624.0487060546875
490.2862243652344
504.91552734375
481.953125
518.8114624023438
537.0281982421875
704.0135498046875
464.67059326171875
658.849609375
591.2215576171875
644.7725830078125
524.6080322265625
563.843017578125
535.7113037109375
782.493896484375
584.3048706054688
643.406982421875
586.7674560546875
546.59130859375
707.168701171875
346.688720703125
499.7489318847656
584.3133544921875
650.6138916015625
409.82958984375
637.1241455078125
544.42724609375
568.2535400390625
562.5491943359375
564.8905029296875
454.3839416503906
291.09027099609375
525.9014282226562
618.9176025390625
525.869384765625
500.5675048828125
499.7118225097656
455.7060852050781
585.331298828125
671.9654541015625
720.6103515625
488.44256591796875
787.6683349609375
479.162841796875
585.103271484375
408.2191162109375
478.1893310546875
404.01629638671875
574.7484741210938
559.213134765625
346.99224853515625
661.1550903320312
640.13818359375
538.912353515625
508.03228759765625
600.9515991210938
550.1299438476562
696.3385620117188
462.1507873535156
432.8076171875
803.8828125
548.13525390625
589.3242797851562
502.530029296875
758.0789794921875
727.865966796875
614.5111694335938
625.8756103515625
516.517333984375
456.3237609863281
350.55291748046875
657.59326171875
675.287353515625
608.7452392578125
602.34130859375
673.886962890625
492.6178283691406
525.5125732421875
506.7615051269531
632.0723876953125
658.9150390625
406.83648681640625
640.509765625
664.3282470703125
501.6754150390625
504.8527526855469
777.39404296875
721.98388671875
628.8964233398438
502.87994384765625
671.0159912109375
465.48150634765625
484.2565612792969
598.3397216796875
395.3173522949219
592.09716796875
526.2625122070312
549.11669921875
458.9325866699219
582.2813720703125
474.91552734375
598.8101806640625
486.4476013183594
539.5616455078125
523.5020141601562
452.03289794921875
544.2617797851562
519.75537109375
686.3450927734375
463.7665710449219
581.4310302734375
474.60076904296875
529.981689453125
750.9697265625
625.8313598632812
582.1465454101562
674.001708984375
481.59429931640625
620.4710693359375
593.6635131835938
572.5872192382812
658.5146484375
616.624755859375
561.7838134765625
465.7403259277344
562.0696411132812
522.0780029296875
537.1492919921875
557.3070678710938
514.4783935546875
591.3114013671875
627.982177734375
486.1949462890625
498.39752197265625
415.2129821777344
448.45703125
353.43389892578125
463.8009033203125
607.5247192382812
543.1146850585938
479.6788635253906
486.2308654785156
610.7039184570312
497.5312805175781
560.9786376953125
638.5037841796875
363.10595703125
558.76123046875
477.3060302734375
665.456787109375
539.1875610351562
575.8026733398438
554.6126708984375
585.79833984375
506.30841064453125
685.60595703125
443.92547607421875
587.8726806640625
493.31024169921875
579.224609375
643.6905517578125
479.2880859375
496.3404541015625
552.8597412109375
373.2435302734375
526.755126953125
659.9166259765625
508.8245849609375
675.8284912109375
495.32659912109375
711.3843994140625
568.8162841796875
489.2701416015625
401.2772216796875
489.6317138671875
545.1988525390625
529.8695068359375
489.9453125
458.4638977050781
669.3818969726562
502.56182861328125
608.0972900390625
435.9991760253906
444.7463684082031
624.495361328125
551.1484375
494.647216796875
466.81890869140625
616.1170043945312
373.205810546875
646.8538208007812
715.7377319335938
662.4144287109375
605.869140625
565.8423461914062
501.77850341796875
581.0908203125
590.4315185546875
600.2505493164062
437.4943542480469
592.7263793945312
495.39984130859375
542.0996704101562
599.3650512695312
671.5672607421875
614.8737182617188
479.41400146484375
616.573486328125
501.4912109375
600.663818359375
662.4263305664062
420.55291748046875
446.8424987792969
460.3224182128906
568.8355102539062
386.1038513183594
541.819580078125
500.0418701171875
602.58349609375
661.8157958984375
493.91949462890625
388.31121826171875
618.2337646484375
615.2303466796875
684.661865234375
625.82373046875
529.7261962890625
671.783203125
621.8305053710938
543.5584106445312
565.27099609375
524.388427734375
455.691650390625
590.5137939453125
691.313720703125
479.98516845703125
598.5335083007812
435.4061279296875
448.0872497558594
569.9276123046875
549.5299682617188
559.763671875
495.02667236328125
552.3233642578125
538.2174072265625
490.98529052734375
560.4028930664062
717.11572265625
536.6688232421875
687.4993896484375
595.97509765625
703.3759765625
664.0968017578125
567.0463256835938
536.191650390625
587.6262817382812
620.5316162109375
484.72955322265625
594.1981811523438
407.50439453125
528.3681640625
610.701171875
663.6447143554688
648.6197509765625
444.7386474609375
642.6738891601562
545.6197509765625
669.7604370117188
504.84722900390625
394.75799560546875
582.1085205078125
471.2210693359375
421.8332214355469
438.705322265625
437.4869689941406
678.5335693359375
629.7367553710938
561.8247680664062
337.6085510253906
494.34307861328125
489.4287109375
658.710693359375
515.456787109375
515.7780151367188
529.9195556640625
478.95599365234375
573.976318359375
549.9722900390625
617.4556884765625
418.2021789550781
555.129638671875
515.6329956054688
576.087158203125
561.5978393554688
606.3931884765625
629.5859985351562
729.5877685546875
606.532470703125
692.589599609375
517.206298828125
551.6932983398438
498.11236572265625
439.5743408203125
656.3590087890625
645.0046997070312
565.50634765625
474.83160400390625
561.5016479492188
552.6583251953125
534.1888427734375
639.0902709960938
549.450439453125
556.3794555664062
602.7120971679688
429.502197265625
568.091064453125
645.5765991210938
467.471923828125
539.2916259765625
532.1414794921875
604.7320556640625
427.69012451171875
589.2175903320312
590.7764892578125
589.6613159179688
474.7975158691406
499.3128967285156
417.1997985839844
591.4190673828125
648.7893676757812
627.83154296875
500.9200744628906
673.6209106445312
487.29339599609375
699.112060546875
621.788818359375
515.6654052734375
693.1689453125
566.2743530273438
659.7211303710938
531.9879760742188
502.9539794921875
355.188720703125
454.08740234375
600.8121337890625
458.9622497558594
501.06573486328125
666.792724609375
464.13568115234375
650.7884521484375
456.2074279785156
474.37969970703125
582.813720703125
549.8255615234375
532.93408203125
657.9567260742188
557.6880493164062
621.0505981445312
400.57635498046875
649.3712768554688
437.697265625
438.6156005859375
509.3748779296875
471.42230224609375
583.1575927734375
527.8092041015625
540.0016479492188
464.9191589355469
537.8505249023438
696.7078857421875
463.40130615234375
460.3492736816406
461.73834228515625
468.6284484863281
494.7381896972656
422.5480651855469
613.4022216796875
610.6070556640625
525.8740234375
496.35986328125
432.7829284667969
377.8387756347656
535.69482421875
525.8856201171875
687.19775390625
703.1785888671875
562.798095703125
447.0684509277344
462.8822021484375
598.2747802734375
518.2825927734375
548.98681640625
472.0477294921875
535.5504150390625
414.06341552734375
563.0498046875
854.010009765625
628.1641845703125
519.525634765625
478.46142578125
583.2252197265625
510.0960388183594
561.483154296875
627.849365234375
694.890380859375
373.7374267578125
505.40509033203125
569.417236328125
577.3682861328125
496.193115234375
532.896728515625
712.347412109375
420.0323486328125
649.775390625
675.7396850585938
460.3112487792969
571.5133666992188
557.1019897460938
643.3885498046875
830.7628173828125
426.652099609375
528.6104125976562
653.3389282226562
666.1026000976562
558.799560546875
636.9435424804688
487.97222900390625
565.1121826171875
648.2610473632812
483.9954833984375
458.7386474609375
414.60302734375
632.122314453125
598.8359375
480.02093505859375
521.5537109375
567.79541015625
628.1156005859375
651.661376953125
491.7498474121094
553.79833984375
490.7694091796875
565.66943359375
592.1082153320312
576.6173706054688
478.84368896484375
450.4538879394531
434.827392578125
468.4708251953125
454.130615234375
454.8053283691406
546.2476806640625
509.39825439453125
515.7706298828125
432.43719482421875
503.4273681640625
608.1199951171875
441.2108459472656
501.97650146484375
559.4002075195312
569.8338623046875
518.8169555664062
413.4128723144531
730.4867553710938
677.7598266601562
551.5911254882812
605.2378540039062
513.5146484375
639.4786987304688
588.365966796875
680.653564453125
568.8240356445312
738.8598022460938
488.23486328125
490.331787109375
725.941162109375
565.7452392578125
518.295166015625
532.7145385742188
548.5269775390625
672.2760620117188
485.75787353515625
455.2225036621094
529.3484497070312
539.5281982421875
455.0037841796875
548.3857421875
594.1381225585938
428.35980224609375
600.7861328125
633.0181884765625
517.160400390625
510.2734680175781
771.6690063476562
309.9455261230469
599.3519287109375
433.69354248046875
647.8251342773438
544.2105102539062
564.0590209960938
645.614990234375
556.109619140625
477.83551025390625
444.5609130859375
568.059326171875
688.7022705078125
607.8680419921875
705.433349609375
703.0931396484375
572.4484252929688
626.18017578125
493.44244384765625
532.897705078125
543.0191650390625
593.7628173828125
391.33013916015625
500.36846923828125
540.6741943359375
609.7593994140625
534.1410522460938
547.8134765625
560.328857421875
617.25
618.8525390625
387.7418518066406
587.49755859375
530.569091796875
489.9515380859375
557.607421875
737.0130615234375
717.39453125
482.57550048828125
535.593017578125
502.638427734375
564.2863159179688
575.9503173828125
434.2747802734375
463.3150634765625
609.0870971679688
558.48291015625
643.7977294921875
535.1913452148438
625.5869140625
449.5606384277344
686.5071411132812
408.5936279296875
554.2578125
689.7300415039062
561.5145874023438
772.6205444335938
734.4874267578125
567.0463256835938
546.6767578125
757.7439575195312
504.14447021484375
602.6757202148438
720.78173828125
725.680419921875
385.84552001953125
734.0555419921875
607.432373046875
554.538330078125
667.7549438476562
649.7706909179688
473.60565185546875
617.8779296875
443.27471923828125
646.8983764648438
736.0247802734375
526.8436279296875
666.487060546875
454.7491455078125
653.3087158203125
601.8682250976562
601.5430908203125
525.173095703125
577.1499633789062
508.9849853515625
481.47259521484375
551.5054931640625
511.2199401855469
508.021484375
504.1773681640625
598.2138061523438
549.134765625
502.43499755859375
707.298583984375
554.34423828125
490.5271301269531
427.210205078125
699.0328979492188
568.6455078125
544.1597900390625
608.83740234375
423.1867980957031
620.558837890625
611.8068237304688
704.9146118164062
558.814697265625
529.9903564453125
643.4503173828125
468.80145263671875
395.4258117675781
603.5126953125
585.8106689453125
501.1083984375
600.3035888671875
556.4564819335938
405.077392578125
621.6414794921875
527.27783203125
429.2870178222656
651.7994384765625
691.5232543945312
434.3780822753906
599.7734375
653.1228637695312
587.6625366210938
648.6854248046875
734.9793701171875
698.40966796875
648.281005859375
529.7075805664062
716.3558349609375
545.5651245117188
536.056640625
597.191162109375
382.0858459472656
512.9935302734375
338.9009094238281
617.5252685546875
495.9398193359375
617.4273071289062
413.28057861328125
548.57177734375
579.197998046875
530.6688842773438
669.60498046875
506.743896484375
471.4163818359375
717.5204467773438
711.3804321289062
488.13787841796875
374.8685302734375
540.6250610351562
620.0573120117188
580.17431640625
780.8887939453125
412.2099609375
525.6929931640625
679.5933837890625
506.8380126953125
503.31744384765625
665.5341796875
654.78515625
486.88226318359375
476.60260009765625
604.8403930664062
624.7664794921875
558.73779296875
462.27349853515625
537.41015625
584.6013793945312
559.70556640625
448.7410888671875
556.7354736328125
517.4114379882812
560.23828125
459.12994384765625
380.82403564453125
606.4525146484375
567.2744750976562
496.53802490234375
536.227294921875
586.2667236328125
561.3239135742188
638.2662353515625
461.4645690917969
718.8482666015625
689.2359619140625
369.03839111328125
859.47412109375
675.13525390625
502.8866882324219
589.9589233398438
641.872314453125
594.5407104492188
768.5460815429688
659.9939575195312
660.4685668945312
424.3177490234375
580.4366455078125
468.39190673828125
531.887939453125
512.695068359375
618.4119262695312
748.6544189453125
598.65771484375
599.363525390625
637.3202514648438
665.6212158203125
537.7618408203125
433.8723449707031
677.3511962890625
744.1231689453125
562.8776245117188
559.8079223632812
523.056640625
543.6921997070312
406.2020263671875
516.3162841796875
574.6978759765625
760.5936279296875
417.529541015625
502.22528076171875
675.63232421875
384.51397705078125
388.147705078125
462.6728515625
544.61328125
547.7081909179688
425.92559814453125
553.84130859375
568.4846801757812
593.3336791992188
517.1769409179688
514.3148193359375
476.830322265625
643.1533203125
780.2333374023438
560.619873046875
432.81072998046875
526.7755737304688
640.876220703125
629.9595947265625
647.50048828125
592.1064453125
516.019287109375
698.6100463867188
635.6717529296875
461.07611083984375
676.3946533203125
609.7776489257812
503.5157775878906
483.6673583984375
466.14593505859375
565.6173095703125
590.5809936523438
617.911865234375
618.4447021484375
630.9049682617188
567.1403198242188
478.859130859375
525.6680908203125
475.41070556640625
618.8057861328125
661.0557861328125
605.8591918945312
547.8106689453125
638.7315673828125
487.6701965332031
538.6209716796875
590.40576171875
637.8502807617188
557.029541015625
628.0023803710938
557.8631591796875
472.69390869140625
708.6945190429688
481.5369873046875
628.1931762695312
570.7775268554688
495.5645751953125
527.370849609375
494.1701965332031
558.939208984375
687.7789306640625
548.4490966796875
447.75006103515625
620.3519287109375
466.3316650390625
334.1528625488281
721.9468994140625
577.02392578125
567.1461181640625
620.0877685546875
430.5223388671875
512.869873046875
572.473876953125
495.61151123046875
581.53466796875
466.502685546875
500.95233154296875
632.870849609375
503.57623291015625
613.2933349609375
546.3662719726562
479.31927490234375
483.652099609375
575.9464111328125
508.59002685546875
595.927734375
458.443359375
551.79638671875
625.6129150390625
468.4953918457031
527.5928955078125
648.8116455078125
606.4998168945312
558.7510986328125
538.7077026367188
663.811767578125
314.7325744628906
593.6019287109375
537.18017578125
438.02764892578125
617.2938232421875
426.687255859375
459.6462097167969
620.2174072265625
524.3934326171875
636.007080078125
562.8927001953125
444.6327819824219
559.1190185546875
708.4234619140625
689.130126953125
574.981689453125
513.4556884765625
596.548828125
572.1458129882812
540.5623168945312
521.1373291015625
442.96673583984375
623.174072265625
659.1311645507812
589.3035888671875
635.1580200195312
564.9097900390625
477.6023254394531
458.659423828125
621.334716796875
523.2254028320312
473.29296875
753.8008422851562
536.7857055664062
433.7245178222656
653.4658813476562
614.7216186523438
383.0406188964844
409.846435546875
565.2969970703125
549.9702758789062
603.8839721679688
489.3570556640625
409.50933837890625
657.419189453125
655.1829833984375
563.6414794921875
765.1602783203125
555.9815673828125
389.556640625
513.4202880859375
515.9993896484375
622.1054077148438
623.8687744140625
628.4228515625
441.4699401855469
401.5572814941406
710.687744140625
516.8876342773438
577.138671875
577.3783569335938
569.4318237304688
761.527099609375
649.829345703125
519.401123046875
506.19091796875
689.5162353515625
650.48974609375
374.7550964355469
444.5594787597656
535.329345703125
550.97119140625
434.0985107421875
598.83056640625
635.92529296875
341.753662109375
637.24560546875
688.0275268554688
518.0482177734375
494.16265869140625
494.2069091796875
559.22607421875
486.4425048828125
627.2252807617188
524.3722534179688
625.6271362304688
773.018798828125
533.0257568359375
558.695068359375
594.4150390625
418.4378662109375
599.688232421875
488.212646484375
542.5064697265625
729.914306640625
566.483154296875
518.1261596679688
454.7622375488281
643.776123046875
687.456298828125
546.3766479492188
575.7269287109375
598.9463500976562
642.8871459960938
604.33935546875
478.53076171875
503.64410400390625
531.6506958007812
297.5660400390625
485.4555358886719
664.0477294921875
597.0283203125
538.697998046875
651.8986206054688
594.2940673828125
536.2215576171875
350.4075012207031
574.4459228515625
466.1724548339844
487.5188293457031
534.0595703125
322.48773193359375
632.0213012695312
612.8948974609375
334.1041259765625
654.8978881835938
403.7591552734375
478.12908935546875
546.90673828125
556.1867065429688
478.0116271972656
493.78826904296875
537.349609375
648.06201171875
580.146728515625
575.3306884765625
533.5586547851562
714.0734252929688
514.3505249023438
498.2862243652344
481.6834716796875
614.0980834960938
643.6671752929688
456.53033447265625
474.2226867675781
719.273193359375
497.0718688964844
505.135986328125
602.1624145507812
710.9134521484375
663.6625366210938
438.5992431640625
723.3892822265625
565.603515625
498.9349365234375
526.85107421875
487.24481201171875
600.1499633789062
590.4744262695312
549.3062133789062
446.5439453125
489.657958984375
571.96630859375
529.052978515625
507.45220947265625
603.1754760742188
587.162353515625
596.7894287109375
416.5941467285156
422.4627380371094
520.2030029296875
587.5509643554688
455.4070739746094
463.58209228515625
393.21295166015625
448.5474548339844
714.7703857421875
472.6604309082031
429.0523376464844
519.439697265625
553.2644653320312
497.44598388671875
610.543701171875
553.917724609375
444.1803283691406
425.72137451171875
492.00286865234375
459.49658203125
459.5218200683594
586.237060546875
381.94671630859375
580.613525390625
560.6854858398438
571.128173828125
705.3812866210938
676.4718017578125
371.65252685546875
402.1434631347656
482.0749816894531
611.8990478515625
509.2464294433594
561.262451171875
755.0362548828125
688.4262084960938
573.1624755859375
439.4159851074219
598.0648193359375
561.7333984375
506.5009765625
570.44873046875
629.4796752929688
700.3162231445312
549.6046142578125
484.16680908203125
622.9098510742188
546.3497314453125
554.603515625
626.284423828125
538.7357177734375
593.2765502929688
399.6741638183594
569.791015625
572.676025390625
517.959716796875
567.9827880859375
656.0093994140625
500.68890380859375
486.96844482421875
628.2479858398438
579.8573608398438
586.4278564453125
483.2251892089844
658.4705810546875
535.730712890625
569.4691162109375
747.24365234375
591.93603515625
607.9327392578125
671.81494140625
554.2534790039062
529.7020874023438
520.109619140625
563.7022705078125
571.1246948242188
612.0244750976562
428.7994384765625
470.80413818359375
503.058349609375
473.9947204589844
432.7948913574219
630.9129638671875
610.6077270507812
452.92889404296875
566.304931640625
559.2347412109375
402.09881591796875
729.6756591796875
429.5992431640625
714.7175903320312
531.6516723632812
418.81500244140625
480.34637451171875
410.44537353515625
665.4353637695312
582.3750610351562
583.6146850585938
560.1854248046875
657.7113037109375
592.4660034179688
568.0734252929688
640.2772216796875
481.81805419921875
572.0311889648438
583.2874755859375
685.4112548828125
554.1865234375
553.5167846679688
518.714599609375
636.2540893554688
526.974609375
595.9483642578125
481.669189453125
459.4501953125
557.0601806640625
697.5679931640625
630.77099609375
467.356201171875
395.09661865234375
577.0003662109375
478.25927734375
571.35302734375
511.6533203125
693.1137084960938
484.1221923828125
539.8088989257812
624.8506469726562
694.8509521484375
605.2822265625
617.9442749023438
754.7412109375
545.716552734375
594.2916870117188
646.1622924804688
632.4429931640625
518.6434936523438
547.707275390625
642.3033447265625
603.3192749023438
465.499267578125
582.5833129882812
580.1747436523438
753.4973754882812
545.047119140625
587.1621704101562
631.2279663085938
572.1871948242188
547.2071533203125
460.6936340332031
672.1777954101562
667.7005615234375
557.0977783203125
651.39404296875
548.9625854492188
625.466796875
638.209716796875
483.4964599609375
577.2958984375
479.5911865234375
581.7256469726562
570.2772827148438
592.7968139648438
532.3745727539062
614.733154296875
440.5096740722656
457.3575744628906
448.4327392578125
699.5333251953125
604.2845458984375
636.9346923828125
665.9239501953125
636.5687255859375
561.629150390625
434.66888427734375
506.727294921875
674.9132080078125
451.04656982421875
645.5443115234375
505.9827880859375
552.8292236328125
393.4331970214844
377.4179992675781
609.410888671875
653.8880615234375
669.7449951171875
623.276123046875
615.044921875
614.3397216796875
646.6060791015625
503.0494384765625
471.2430419921875
651.6810302734375
751.16259765625
473.0373840332031
542.03662109375
421.9595642089844
562.423583984375
589.005615234375
607.5263671875
625.63330078125
409.93798828125
587.9923095703125
604.6827392578125
510.54119873046875
459.312744140625
456.04254150390625
576.3228149414062
479.937255859375
640.3104248046875
637.3944091796875
536.9862060546875
603.3536987304688
689.833740234375
387.11676025390625
614.3360595703125
487.8862609863281
530.38525390625
568.1895751953125
492.863037109375
449.5599060058594
648.9312744140625
559.588623046875
446.1357421875
700.39501953125
655.4122924804688
483.411376953125
469.7085876464844
555.6160278320312
614.52490234375
578.2225341796875
557.652099609375
626.0665283203125
619.6256103515625
572.6539306640625
511.3781433105469
731.2648315429688
524.9993896484375
574.2967529296875
525.8677978515625
568.9097900390625
600.1063232421875
607.0680541992188
544.171630859375
611.8482666015625
517.4647827148438
476.76568603515625
591.217041015625
393.22332763671875
625.8389282226562
420.7830810546875
751.133544921875
727.7276611328125
461.6849670410156
558.7835693359375
468.0994567871094
672.2271728515625
585.007568359375
424.4178771972656
411.9158935546875
536.94775390625
677.8209838867188
504.50653076171875
597.529052734375
528.8086547851562
539.0428466796875
494.076171875
661.33349609375
681.7521362304688
510.7448425292969
452.80633544921875
756.84423828125
555.06201171875
529.2774047851562
595.7609252929688
514.5660400390625
477.70709228515625
576.013916015625
420.435546875
409.2674560546875
522.6773071289062
574.1639404296875
670.4700927734375
500.0468444824219
648.6092529296875
573.7893676757812
612.7939453125
495.6929626464844
666.76318359375
639.7506103515625
407.7284240722656
465.54083251953125
539.3850708007812
454.34564208984375
557.6651611328125
612.8798828125
548.698486328125
552.02783203125
627.2376098632812
428.27587890625
567.5309448242188
722.8627319335938
435.2348327636719
561.3797607421875
610.6993408203125
608.2335815429688
681.122802734375
483.9886474609375
531.2738647460938
496.06280517578125
410.5814208984375
600.3980712890625
463.65008544921875
670.25439453125
613.197021484375
581.228759765625
503.599853515625
539.9752197265625
532.63427734375
510.4879150390625
587.1795043945312
552.05712890625
608.2822875976562
698.2411499023438
561.1886596679688
644.2928466796875
609.2069702148438
674.4458618164062
595.87451171875
739.2645263671875
646.0880126953125
489.2861328125
624.4617919921875
471.2803039550781
483.5066833496094
516.8494262695312
608.2939453125
543.690673828125
645.9362182617188
504.123291015625
551.7543334960938
481.51324462890625
548.4285278320312
671.6705322265625
515.73193359375
444.3267822265625
653.5593872070312
674.21240234375
401.347412109375
517.4656982421875
574.00146484375
560.2810668945312
617.5918579101562
532.3528442382812
639.72509765625
606.0367431640625
597.1376342773438
434.99053955078125
655.0794677734375
433.9156188964844
622.001220703125
550.3853759765625
588.2266845703125
472.0514221191406
637.6724853515625
657.7362060546875
695.0659790039062
622.5603637695312
530.7410278320312
424.646728515625
456.47821044921875
607.2286987304688
580.2703857421875
530.4451293945312
507.21209716796875
419.9243469238281
490.54730224609375
477.34564208984375
526.5433349609375
668.488037109375
601.9955444335938
658.8990478515625
414.88494873046875
506.14019775390625
504.4652099609375
633.2108764648438
399.26531982421875
757.5750732421875
570.8380737304688
602.6175537109375
606.1826171875
571.437744140625
489.96142578125
381.6202697753906
571.2804565429688
662.5633544921875
528.6591796875
552.424072265625
546.102783203125
620.0640258789062
393.05584716796875
562.871826171875
685.0286865234375
402.6817626953125
618.3558349609375
616.5484619140625
656.8121337890625
468.8995361328125
587.56298828125
477.11468505859375
638.8890991210938
505.7366943359375
541.6320190429688
444.783935546875
383.8338623046875
538.0200805664062
667.126220703125
556.764404296875
503.21417236328125
615.1253662109375
537.027099609375
500.69915771484375
664.3853759765625
396.12591552734375
638.612060546875
545.6871337890625
521.9088745117188
499.0267639160156
695.8287353515625
383.4847412109375
582.3304443359375
384.6401062011719
598.30126953125
462.7864990234375
582.0457763671875
475.8907470703125
458.15301513671875
551.8336181640625
640.638427734375
477.0179443359375
574.3709716796875
582.38330078125
652.70068359375
668.69287109375
627.995361328125
558.2379760742188
516.13037109375
567.8779907226562
551.876220703125
402.55413818359375
585.6481323242188
591.3798217773438
723.077880859375
634.6119384765625
358.954345703125
583.224365234375
596.02587890625
543.0574951171875
437.3958740234375
579.7921752929688
558.8357543945312
490.4178466796875
608.91650390625
467.01275634765625
558.674560546875
583.3623046875
495.95849609375
631.7566528320312
478.98358154296875
420.6905822753906
537.184326171875
719.0850830078125
606.2162475585938
551.8841552734375
680.591552734375
606.697021484375
597.3147583007812
769.127685546875
553.1892700195312
630.7085571289062
566.3535766601562
551.630859375
486.926025390625
635.77392578125
642.5445556640625
368.7303466796875
473.9293212890625
511.0295104980469
592.1193237304688
646.9207763671875
524.362060546875
605.0282592773438
644.53125
650.32958984375
492.8486633300781
515.7486572265625
495.2653503417969
411.738037109375
607.4036254882812
487.12506103515625
542.7921142578125
601.2987060546875
707.6094970703125
537.130126953125
602.664794921875
543.7984619140625
502.6804504394531
608.4695434570312
623.8978271484375
479.47113037109375
415.5867919921875
545.5699462890625
479.5180969238281
626.711181640625
616.979248046875
500.1924133300781
524.4857177734375
487.5755615234375
448.30938720703125
616.4757080078125
471.21771240234375
486.78179931640625
520.0678100585938
579.7998657226562
463.81671142578125
648.072021484375
557.081787109375
523.3479614257812
609.6778564453125
693.7852783203125
550.8056640625
646.0409545898438
574.8129272460938
309.24920654296875
590.0789794921875
584.6474609375
625.3555908203125
451.3806457519531
428.112548828125
618.671142578125
512.33447265625
508.72747802734375
502.77362060546875
592.737060546875
496.8092041015625
536.0625610351562
450.5370178222656
576.4469604492188
511.0047607421875
596.0083618164062
395.58770751953125
432.0579528808594
545.521240234375
658.4127807617188
432.12689208984375
632.29248046875
455.4234619140625
479.91412353515625
549.21875
542.0698852539062
637.4737548828125
662.7987060546875
622.60546875
439.3795166015625
534.58056640625
542.22802734375
526.9647216796875
554.248291015625
502.45172119140625
557.218505859375
593.2681884765625
491.5003967285156
386.0487060546875
615.71826171875
352.61871337890625
516.0827026367188
591.5362548828125
430.1787414550781
509.6292419433594
643.707763671875
601.7267456054688
571.4471435546875
619.6146240234375
644.5308227539062
581.5042114257812
712.9876708984375
578.273193359375
607.0562133789062
570.058349609375
368.498046875
565.7047119140625
471.2421569824219
336.630859375
687.5751953125
655.3794555664062
549.30712890625
632.2244873046875
387.141845703125
542.568603515625
581.8892822265625
506.75616455078125
422.914794921875
383.9992370605469
542.515380859375
555.4070434570312
580.5404052734375
411.510986328125
647.1838989257812
467.886474609375
608.8509521484375
648.6299438476562
533.3621215820312
533.4868774414062
493.1910705566406
493.95831298828125
424.8753967285156
391.1611328125
584.05615234375
615.7408447265625
571.5421142578125
515.0116577148438
543.3031005859375
597.1840209960938
675.5655517578125
703.7774658203125
583.677978515625
767.0889892578125
625.7899169921875
372.4375915527344
520.255126953125
775.2792358398438
496.89825439453125
575.6754150390625
556.5535888671875
670.125
563.7738647460938
632.941162109375
690.0936279296875
545.8760986328125
713.5780639648438
595.6602783203125
682.4466552734375
684.04541015625
582.7305908203125
666.5729370117188
492.943359375
580.2320556640625
508.3824462890625
550.32470703125
382.4237976074219
476.8228759765625
769.1373291015625
558.432373046875
649.38818359375
804.9332275390625
624.031494140625
497.7872314453125
569.9837646484375
482.60400390625
631.0963134765625
588.292236328125
627.7525024414062
665.3843994140625
625.9468994140625
497.07611083984375
516.8525390625
607.1244506835938
555.47412109375
586.8121948242188
537.7562255859375
330.015625
469.91943359375
470.78472900390625
583.3245849609375
549.3193359375
498.12396240234375
662.26123046875
560.1793212890625
556.5914306640625
461.8324890136719
358.0009765625
614.2168579101562
520.13916015625
601.5196533203125
602.0299072265625
635.71533203125
634.7127685546875
574.845703125
532.3886108398438
500.52532958984375
601.385498046875
740.1773681640625
487.35498046875
504.6648864746094
591.1532592773438
575.8814086914062
687.5625
526.5894775390625
588.5350341796875
539.126220703125
568.9686279296875
553.620361328125
616.2418823242188
489.17822265625
555.0299072265625
613.2579345703125
764.1150512695312
603.26904296875
725.468505859375
582.40478515625
636.2711181640625
506.3829650878906
530.6663208007812
661.272216796875
581.142822265625
586.8756103515625
452.959716796875
540.174560546875
452.2845764160156
540.2828369140625
507.49700927734375
662.8026123046875
468.27545166015625
606.723876953125
744.7276611328125
508.8626708984375
573.754150390625
611.5989990234375
508.30633544921875
524.5361328125
418.02886962890625
468.5172119140625
612.3134155273438
619.8112182617188
620.41943359375
692.1231689453125
501.5615234375
404.4100646972656
458.7440185546875
546.3604736328125
561.22314453125
324.8994140625
495.7178649902344
556.3206787109375
533.1571655273438
663.8333129882812
476.60345458984375
373.1239013671875
622.735107421875
411.03485107421875
486.7967529296875
686.9483642578125
499.73114013671875
631.5379638671875
550.61572265625
439.7337646484375
493.4190673828125
607.717529296875
500.8631896972656
520.2000732421875
345.1496887207031
542.8240966796875
617.41259765625
537.726806640625
645.453125
528.8060913085938
523.43115234375
362.56817626953125
497.3789367675781
589.2432250976562
506.337890625
644.1882934570312
555.1795043945312
732.10400390625
462.0296630859375
469.53094482421875
504.9645080566406
545.1712036132812
446.9332275390625
604.7896728515625
570.3300170898438
577.4976806640625
688.3218383789062
595.89794921875
552.8192749023438
549.9740600585938
551.6841430664062
447.66552734375
667.85205078125
633.025390625
673.74951171875
568.9864501953125
606.1823120117188
482.5919494628906
619.4874877929688
454.4896240234375
540.2784423828125
474.0101318359375
507.170654296875
557.3303833007812
615.4857177734375
549.2368774414062
534.9801025390625
831.0589599609375
755.0105590820312
601.0205078125
601.9527587890625
775.94140625
670.1939697265625
723.7127685546875
472.0654296875
431.1430969238281
749.1646118164062
562.8656005859375
545.142333984375
478.313232421875
491.5616455078125
541.8231201171875
472.862548828125
550.69287109375
386.8134765625
496.0491943359375
533.227294921875
720.3253784179688
366.01898193359375
501.7786865234375
601.997802734375
517.6968994140625
369.726806640625
520.2186279296875
590.9454345703125
465.389892578125
486.77325439453125
560.2771606445312
602.4014282226562
635.6824951171875
594.712158203125
543.4215087890625
528.517333984375
731.7476806640625
590.27294921875
624.9853515625
577.7010498046875
573.73388671875
540.080078125
578.8910522460938
610.9649047851562
508.5013427734375
572.9803466796875
478.3419189453125
507.1331787109375
555.0171508789062
582.730224609375
611.6251220703125
537.0198974609375
558.0068969726562
582.750732421875
607.6319580078125
500.6588134765625
612.4344482421875
698.455078125
440.71087646484375
506.2652282714844
445.10272216796875
467.382080078125
419.9440612792969
509.3300476074219
539.6953125
657.22509765625
568.9000854492188
492.10955810546875
595.4227905273438
411.5317077636719
544.3080444335938
627.584228515625
600.298583984375
644.08203125
353.09814453125
618.1250610351562
627.5582275390625
495.44384765625
535.8704833984375
538.0526123046875
373.8300476074219
410.93218994140625
823.6365966796875
421.119873046875
488.5126037597656
548.72802734375
486.1482238769531
663.4754638671875
533.8385009765625
483.8043212890625
571.4423217773438
552.11865234375
450.8285827636719
513.5941162109375
558.071044921875
521.7240600585938
530.2554321289062
435.26123046875
592.5635986328125
379.0179138183594
552.7709350585938
695.19677734375
546.173095703125
554.8087158203125
325.8709716796875
509.1168212890625
510.969970703125
465.5244140625
490.64404296875
649.0941772460938
459.1788024902344
553.1820068359375
430.1353454589844
509.0560302734375
568.3018798828125
494.4744873046875
577.1995849609375
500.86370849609375
565.7503051757812
663.960693359375
461.27734375
589.2348022460938
618.3655395507812
510.65521240234375
439.28936767578125
555.0952758789062
446.087158203125
618.6957397460938
528.8949584960938
698.1431884765625
514.8626708984375
569.3040771484375
425.0057373046875
442.7252197265625
620.5999755859375
526.791015625
486.9289245605469
457.754638671875
573.3697509765625
649.2605590820312
693.8028564453125
551.408935546875
605.5924682617188
431.40087890625
801.3258056640625
448.74542236328125
673.8766479492188
466.7738037109375
609.3424072265625
582.7589111328125
617.1028442382812
530.8909301757812
587.343505859375
543.8881225585938
536.5470581054688
339.2875061035156
774.3575439453125
571.2268676757812
427.30584716796875
466.3609619140625
541.62158203125
470.139892578125
451.1020812988281
479.8473815917969
662.1522216796875
665.39208984375
585.7793579101562
527.1565551757812
506.3402099609375
604.10009765625
600.1753540039062
692.64990234375
629.4461669921875
613.895263671875
491.6749267578125
638.99072265625
591.6806030273438
596.536376953125
492.81292724609375
412.64849853515625
600.3727416992188
597.955322265625
545.587158203125
534.9063720703125
570.404541015625
473.27996826171875
564.79931640625
541.0706787109375
699.6018676757812
665.8682861328125
525.7900390625
361.2225036621094
598.4932250976562
708.0985107421875
574.34228515625
547.2904052734375
587.4798583984375
523.923095703125
560.0340576171875
567.6822509765625
576.6355590820312
518.1512451171875
546.0289306640625
452.3370361328125
511.80535888671875
820.714111328125
565.98193359375
359.80816650390625
470.1282653808594
602.6488037109375
746.4892578125
529.249755859375
464.6631774902344
480.50762939453125
550.6993408203125
506.9521484375
347.719482421875
577.9869995117188
514.4698486328125
593.9918212890625
518.4923706054688
531.2218017578125
547.6185302734375
606.5858154296875
590.9896240234375
556.3580322265625
433.64434814453125
545.475341796875
587.7554931640625
552.819091796875
577.0321044921875
490.678955078125
553.0751953125
456.88543701171875
624.22705078125
500.76513671875
620.6817626953125
557.302978515625
615.677490234375
401.66656494140625
637.6138916015625
456.8092956542969
514.6689453125
519.0118408203125
667.2623291015625
530.150390625
543.0955810546875
694.917724609375
489.904541015625
485.3070068359375
538.3076171875
443.7408752441406
475.68603515625
647.7080078125
525.088134765625
577.4349975585938
611.3153686523438
535.26123046875
469.8320617675781
689.6283569335938
479.6773681640625
472.8043212890625
530.3074340820312
611.64501953125
504.2890625
511.85406494140625
358.7133483886719
512.705810546875
481.34906005859375
426.47528076171875
516.4342041015625
469.4189758300781
533.228271484375
389.770751953125
629.2030639648438
457.3127136230469
504.29193115234375
462.82501220703125
387.7110595703125
572.74169921875
582.3343505859375
505.514892578125
411.9383544921875
480.6604309082031
615.9673461914062
573.0177001953125
570.2509765625
520.3104858398438
536.014404296875
556.875
669.44140625
486.7787170410156
505.45611572265625
531.1708984375
476.03839111328125
615.8898315429688
640.2286376953125
566.3601684570312
619.8325805664062
728.78125
615.576171875
590.4225463867188
735.1088256835938
607.3545532226562
752.1843872070312
657.728515625
468.36529541015625
541.4238891601562
457.9786682128906
679.1815185546875
507.0231628417969
512.0126953125
414.3304443359375
488.6889953613281
446.2113037109375
369.3332824707031
422.34521484375
527.1099243164062
415.9920654296875
656.8624877929688
506.54193115234375
622.7466430664062
590.7916259765625
722.2249755859375
505.661376953125
626.1423950195312
617.979736328125
546.452392578125
676.1668701171875
729.1949462890625
421.21026611328125
395.02655029296875
468.6260986328125
501.88409423828125
550.2991943359375
616.2164306640625
527.3407592773438
593.5457763671875
391.0470275878906
556.80615234375
589.449462890625
743.23779296875
657.9566650390625
505.8401794433594
636.0293579101562
493.6467590332031
560.2595825195312
413.9482116699219
596.61328125
416.98492431640625
640.7132568359375
489.96820068359375
508.1899108886719
565.7379150390625
573.9246215820312
633.655517578125
622.2880859375
554.3719482421875
496.37310791015625
594.6334228515625
665.6072998046875
533.147216796875
612.132568359375
789.3671264648438
475.3304138183594
475.48077392578125
628.7262573242188
587.1278076171875
567.0370483398438
642.28369140625
515.6038818359375
613.6216430664062
669.1862182617188
502.7193908691406
477.24481201171875
578.034423828125
424.45269775390625
458.8850402832031
552.6805419921875
622.3031005859375
647.9900512695312
549.77880859375
509.38983154296875
594.8955688476562
616.0503540039062
711.701416015625
493.07037353515625
456.84228515625
691.0301513671875
729.0659790039062
521.730224609375
623.6187744140625
482.2935791015625
527.3779296875
506.3046875
508.95550537109375
435.0433044433594
662.4422607421875
484.8668212890625
483.47064208984375
513.565185546875
748.8253784179688
475.879150390625
510.549560546875
811.6143188476562
551.7811889648438
610.7056884765625
612.908447265625
303.48382568359375
671.380126953125
522.8297119140625
747.1124267578125
404.31158447265625
598.211181640625
538.7114868164062
421.07373046875
449.9035949707031
661.018310546875
421.1314392089844
387.65252685546875
525.3729248046875
454.1144714355469
606.68017578125
530.677734375
336.0560302734375
659.4354248046875
474.3274841308594
598.987548828125
639.7327880859375
415.28094482421875
656.4179077148438
616.7401123046875
495.7727966308594
655.4982299804688
431.6732177734375
320.08697509765625
501.265625
428.94671630859375
454.0369873046875
617.4759521484375
481.80804443359375
716.3366088867188
483.25701904296875
624.1070556640625
621.623046875
683.0348510742188
469.986083984375
487.73175048828125
572.078857421875
483.24383544921875
444.93670654296875
551.7322387695312
613.0533447265625
498.615478515625
300.810302734375
523.3748779296875
452.3000793457031
433.75750732421875
471.714599609375
545.6702880859375
454.536865234375
645.7412109375
522.7753295898438
513.3499145507812
498.8593444824219
540.4876708984375
434.89471435546875
408.0741271972656
505.1260986328125
498.07403564453125
623.741455078125
416.69903564453125
399.8335876464844
477.72381591796875
577.402099609375
591.6290283203125
600.1832275390625
597.1116943359375
560.5743408203125
427.1145935058594
458.8815612792969
536.2161254882812
573.1234130859375
695.1558227539062
629.9608154296875
543.690185546875
628.75439453125
658.1639404296875
647.7841796875
682.370361328125
607.4215698242188
449.7298889160156
554.9111328125
404.952880859375
652.7098388671875
661.32373046875
614.6650390625
558.2305908203125
697.256103515625
540.5721435546875
474.7995300292969
616.21630859375
571.243408203125
469.91937255859375
464.5509033203125
675.142578125
693.286865234375
654.9349975585938
469.79254150390625
674.46337890625
396.7449645996094
419.68182373046875
435.2288513183594
662.1864624023438
525.25244140625
324.0052490234375
606.2117309570312
609.6338500976562
614.54345703125
555.7794799804688
575.2117309570312
649.40966796875
589.766357421875
502.7922058105469
584.7673950195312
679.2904052734375
578.0315551757812
626.25146484375
420.41693115234375
597.2930297851562
680.10791015625
592.3790283203125
404.61090087890625
569.220458984375
657.005859375
697.6956787109375
577.5340576171875
565.35400390625
417.81280517578125
524.3172607421875
744.3004760742188
419.45709228515625
650.5440673828125
623.5870971679688
571.8892822265625
556.95068359375
533.2890014648438
702.3856811523438
560.9679565429688
662.0071411132812
691.6817626953125
504.868896484375
596.2164306640625
671.468994140625
507.24835205078125
566.1207275390625
711.62939453125
409.8728942871094
666.35986328125
528.386474609375
546.13134765625
611.1837158203125
650.716552734375
588.653076171875
664.6969604492188
534.8373413085938
459.23065185546875
598.5321044921875
616.0572509765625
515.9163208007812
647.878173828125
485.7844543457031
508.68621826171875
584.8363037109375
722.5162353515625
573.797119140625
580.0316162109375
672.31982421875
409.8631591796875
723.2424926757812
503.80621337890625
718.490966796875
520.32666015625
401.22564697265625
649.2245483398438
473.88214111328125
692.3184814453125
564.0447998046875
451.21246337890625
579.435302734375
589.0660400390625
561.043212890625
442.724853515625
640.5692749023438
593.624755859375
575.8555908203125
397.94256591796875
528.3848876953125
688.148193359375
605.905517578125
659.89013671875
594.3583374023438
584.2547607421875
575.1845092773438
460.6876525878906
713.0028686523438
600.9083251953125
513.88623046875
442.1844787597656
585.67626953125
600.8385009765625
646.2743530273438
501.23626708984375
505.7763671875
581.660888671875
532.3980712890625
651.6578369140625
495.16058349609375
603.7127685546875
353.0441589355469
416.798828125
495.4469909667969
453.93951416015625
464.97021484375
542.1830444335938
641.6130981445312
458.75750732421875
629.7581176757812
529.1654052734375
634.3067016601562
444.596435546875
667.6812744140625
409.9211730957031
632.3031005859375
530.057373046875
560.717529296875
639.5138549804688
557.1676025390625
511.6618347167969
640.999755859375
577.5790405273438
339.4359436035156
665.3682861328125
379.78070068359375
634.86669921875
463.149169921875
509.929443359375
509.81317138671875
418.012451171875
631.6820068359375
662.4640502929688
641.2450561523438
604.17431640625
453.5364990234375
478.64617919921875
588.1634521484375
448.7357177734375
575.18359375
691.9440307617188
323.2481994628906
451.4938659667969
555.1852416992188
526.1091918945312
509.52288818359375
474.2926940917969
547.302978515625
468.9505310058594
665.898681640625
691.157470703125
620.9618530273438
568.57080078125
632.3167114257812
570.0160522460938
427.0736999511719
554.4657592773438
658.09716796875
557.6435546875
482.7442626953125
465.66351318359375
419.7965087890625
496.5306091308594
584.3964233398438
524.4798583984375
497.5062255859375
618.5410766601562
618.2413330078125
573.500244140625
637.4927978515625
508.50970458984375
502.79779052734375
388.6540222167969
468.11846923828125
509.2957763671875
556.583740234375
547.9263916015625
441.0770263671875
631.461669921875
466.987548828125
479.7545166015625
533.906494140625
580.1283569335938
750.91845703125
647.1824951171875
477.7259216308594
523.2264404296875
666.21337890625
591.1656494140625
441.09466552734375
621.6172485351562
652.3888549804688
641.258056640625
507.24212646484375
612.4008178710938
492.78857421875
620.9691162109375
568.094482421875
452.97882080078125
479.72833251953125
647.6021728515625
532.7808837890625
635.9461059570312
609.4033203125
720.63720703125
606.1359252929688
518.95166015625
409.2875061035156
642.6715087890625
561.5137939453125
609.2181396484375
500.39569091796875
428.5713195800781
583.2021484375
474.802490234375
513.1419677734375
699.1690673828125
617.4065551757812
611.1436767578125
604.0333251953125
448.14508056640625
601.0654296875
515.33447265625
719.9244384765625
674.6546020507812
388.2794189453125
639.57666015625
513.1268310546875
501.43212890625
566.9388427734375
490.9090576171875
577.9293212890625
574.82373046875
742.4747924804688
613.5714721679688
636.9075317382812
502.277099609375
640.3666381835938
504.1680603027344
537.6024169921875
579.7562866210938
537.0201416015625
529.7193603515625
718.7408447265625
456.79547119140625
630.389404296875
597.152587890625
660.4052734375
553.8253173828125
588.3328247070312
715.5757446289062
414.81353759765625
593.7708740234375
671.305908203125
603.35205078125
580.9942016601562
522.527099609375
496.2372741699219
559.4749755859375
602.7449951171875
647.946044921875
480.896484375
434.0719909667969
613.3611450195312
566.42626953125
472.114990234375
491.0645751953125
607.693359375
359.220947265625
601.13134765625
342.7672119140625
599.3306274414062
536.585693359375
385.1712341308594
617.994140625
540.6401977539062
459.1819152832031
434.7401123046875
715.9817504882812
560.882568359375
321.327392578125
552.560546875
677.6923217773438
523.7645263671875
516.8310546875
323.4097900390625
598.974853515625
434.5059509277344
769.913818359375
459.95721435546875
668.548583984375
559.524169921875
487.2958984375
507.34136962890625
594.3529052734375
596.8032836914062
723.5200805664062
651.6492919921875
670.9739379882812
626.9005126953125
626.949951171875
545.0128173828125
608.1550903320312
616.8081665039062
706.7425537109375
439.5108642578125
515.4764404296875
505.6177673339844
512.613525390625
640.2742309570312
600.5123291015625
615.6456298828125
548.2631225585938
605.35302734375
626.6791381835938
462.7421875
584.7427368164062
613.7150268554688
740.1287231445312
600.0917358398438
419.8287353515625
464.6976623535156
550.9476318359375
584.3671875
587.893798828125
796.6165771484375
619.4425048828125
480.63787841796875
490.5999755859375
374.8970642089844
594.775390625
429.7286682128906
509.7547912597656
643.9730834960938
608.5897216796875
635.3639526367188
579.62255859375
583.3931884765625
541.01611328125
571.8304443359375
589.0623168945312
660.1467895507812
539.1614379882812
523.1170654296875
489.00030517578125
482.1893310546875
521.528564453125
545.142333984375
516.2694091796875
704.9439697265625
499.7780456542969
501.87017822265625
622.1448974609375
543.5942993164062
494.642578125
592.0139770507812
613.0010986328125
637.5625610351562
536.1397705078125
704.989501953125
467.67095947265625
592.4589233398438
644.4620361328125
583.5966186523438
603.3348388671875
610.46484375
355.7998046875
565.496826171875
409.3899841308594
700.3978881835938
641.7411499023438
658.0167236328125
486.1387023925781
640.0609741210938
553.140625
633.5081787109375
536.8809814453125
610.3762817382812
564.48095703125
674.1968994140625
538.4736938476562
558.9139404296875
425.8717956542969
542.7217407226562
427.020751953125
609.4393920898438
686.47216796875
551.3286743164062
658.707275390625
534.572998046875
599.4906005859375
637.64306640625
506.8152770996094
695.7030029296875
519.3530883789062
556.0372314453125
727.6556396484375
624.6461181640625
617.3085327148438
624.6525268554688
553.6373291015625
526.156982421875
549.7684326171875
564.417724609375
559.0870361328125
411.0177917480469
500.57269287109375
544.532470703125
514.4059448242188
553.0097045898438
606.65625
558.3599853515625
445.652587890625
447.93536376953125
515.000244140625
535.9483642578125
578.9391479492188
530.271728515625
724.039306640625
522.3088989257812
626.526611328125
532.8984375
496.7047119140625
542.3616943359375
567.7402954101562
507.31451416015625
588.0380859375
546.303466796875
404.28826904296875
548.4317626953125
471.54412841796875
518.6451416015625
638.1708984375
584.4697875976562
767.2064208984375
741.2905883789062
638.1444091796875
453.04791259765625
520.9740600585938
529.9689331054688
574.461669921875
354.13043212890625
434.2804260253906
676.4453735351562
419.25537109375
502.7005920410156
674.053466796875
521.9140625
377.8312072753906
431.96630859375
497.4510192871094
573.8885498046875
582.4220581054688
454.63336181640625
567.8290405273438
449.0300598144531
795.512939453125
