565.018798828125
566.30029296875
623.89306640625
465.7056884765625
557.614013671875
431.60577392578125
467.75250244140625
622.66845703125
642.6619873046875
517.2945556640625
551.4344482421875
637.8741455078125
546.5667724609375
601.8095703125
444.04278564453125
595.1550903320312
421.4065246582031
508.5360107421875
478.1788330078125
606.2593994140625
643.6868896484375
676.026611328125
544.7618408203125
630.6328125
643.0443115234375
590.4749755859375
518.759765625
567.6345825195312
610.9903564453125
561.6226196289062
568.6614990234375
453.29290771484375
561.8486328125
597.2763671875
726.8900146484375
533.284912109375
497.9953308105469
515.9501953125
644.834716796875
593.1138305664062
566.1474609375
595.0274658203125
399.0578918457031
398.8397216796875
635.1317138671875
472.4190673828125
599.17724609375
461.2273254394531
539.3408203125
493.3505554199219
515.3182373046875
594.5015258789062
432.35211181640625
611.6282958984375
601.916259765625
648.3199462890625
588.2521362304688
544.442138671875
603.643798828125
472.822509765625
455.5985107421875
644.5279541015625
623.336181640625
663.4773559570312
439.61212158203125
439.90179443359375
448.2298583984375
626.3568115234375
673.8517456054688
689.124267578125
524.1146240234375
462.39520263671875
701.77734375
561.056640625
615.3383178710938
473.10308837890625
531.7613525390625
408.9080810546875
614.5203857421875
536.2044677734375
534.3379516601562
579.1736450195312
591.8789672851562
708.7350463867188
671.0762329101562
533.2274780273438
608.3679809570312
531.543212890625
629.729248046875
396.06219482421875
615.73779296875
654.11572265625
520.33935546875
550.8846435546875
569.3203125
441.90057373046875
566.3226928710938
543.1270141601562
565.6783447265625
751.553955078125
689.4489135742188
522.5517578125
435.95147705078125
611.491455078125
520.8623046875
571.6793212890625
491.13671875
477.5477294921875
571.5866088867188
565.5451049804688
527.0377807617188
454.9518737792969
432.0192565917969
479.3546142578125
647.188720703125
662.5286865234375
444.186767578125
580.344970703125
558.6664428710938
543.7364501953125
619.2196044921875
601.8471069335938
467.5361328125
365.33868408203125
387.7309875488281
647.7107543945312
634.5277099609375
613.5618286132812
423.2923583984375
487.8664855957031
539.087158203125
565.1193237304688
492.92138671875
546.3424072265625
590.7093505859375
458.15380859375
596.5003051757812
582.41552734375
463.3707580566406
461.9817199707031
663.3424072265625
590.4678955078125
531.5731201171875
557.83984375
565.689697265625
544.8049926757812
685.4574584960938
506.5396728515625
680.7286376953125
459.9765625
606.5119018554688
467.31036376953125
580.8585205078125
711.7940673828125
552.2550048828125
586.3792724609375
541.2316284179688
696.14306640625
570.538330078125
744.9150390625
435.2044677734375
671.773681640625
532.6708984375
664.4549560546875
606.8595581054688
528.3424072265625
442.8714294433594
472.77874755859375
571.893798828125
510.9303894042969
558.0833740234375
507.37493896484375
513.2061767578125
504.9525146484375
703.543701171875
538.4039306640625
466.4322509765625
711.77294921875
548.26953125
690.7634887695312
664.3365478515625
572.7730102539062
542.2703857421875
653.1431274414062
543.052978515625
409.86669921875
567.0589599609375
639.97021484375
502.5693664550781
503.2917785644531
485.63531494140625
532.8746337890625
526.5382080078125
408.8003234863281
607.6014404296875
497.99530029296875
444.31707763671875
583.7426147460938
478.8245849609375
519.0423583984375
577.70703125
677.668212890625
430.310791015625
510.75640869140625
694.7036743164062
619.247314453125
762.7230834960938
624.2943115234375
599.986328125
642.6417236328125
659.515869140625
495.20538330078125
564.201171875
525.375244140625
582.242431640625
600.340087890625
453.3668212890625
690.8433837890625
488.507568359375
455.2285461425781
393.8148193359375
535.2276611328125
480.73297119140625
583.10693359375
679.7205200195312
610.6407470703125
556.7758178710938
582.4095458984375
410.344482421875
408.6990966796875
579.793212890625
614.7533569335938
488.07061767578125
480.3368835449219
550.213134765625
573.0410766601562
677.55810546875
404.7525634765625
461.7140197753906
599.35302734375
567.9990844726562
562.44873046875
512.3941040039062
437.8792724609375
535.4765625
510.64801025390625
529.2261962890625
498.352294921875
585.603759765625
698.256103515625
686.298095703125
618.20751953125
544.4522705078125
556.3470458984375
649.7013549804688
533.419921875
506.5991516113281
642.0992431640625
508.45721435546875
574.4268798828125
555.099365234375
475.3560791015625
509.86126708984375
455.54510498046875
684.0491943359375
491.959228515625
378.21942138671875
587.1551513671875
747.3194580078125
521.6415405273438
580.2766723632812
599.716064453125
574.57421875
613.2161865234375
498.6419677734375
567.882080078125
458.050537109375
554.939208984375
572.8971557617188
677.2447509765625
590.718505859375
459.2071533203125
673.8973388671875
585.139404296875
444.83294677734375
754.8021850585938
668.2928466796875
447.33380126953125
514.9223022460938
662.800537109375
452.4567565917969
557.5838623046875
503.2453308105469
442.931884765625
697.99072265625
457.1897277832031
523.1779174804688
525.7119750976562
595.4396362304688
573.081298828125
421.77825927734375
445.31005859375
437.4902038574219
457.2594909667969
695.7987670898438
513.8621826171875
549.919677734375
597.8660888671875
627.6060791015625
622.9971313476562
566.2393188476562
541.53369140625
589.077880859375
735.73388671875
550.9297485351562
598.0693359375
538.5296630859375
414.73931884765625
741.0946044921875
603.961181640625
567.6226196289062
499.571533203125
403.34405517578125
664.029541015625
599.902099609375
530.89501953125
611.8309326171875
495.58233642578125
426.61920166015625
602.399169921875
529.7962646484375
520.3126220703125
476.1380310058594
582.5478515625
511.0205078125
607.0406494140625
414.654296875
523.3782958984375
628.3992919921875
561.7981567382812
502.78704833984375
485.1693115234375
601.0210571289062
483.96405029296875
395.0948791503906
422.143798828125
700.635986328125
385.07598876953125
544.038330078125
644.2048950195312
617.4007568359375
339.423828125
588.8516845703125
689.1972045898438
581.1138916015625
623.8504638671875
645.61474609375
530.2142333984375
701.9443359375
553.0445556640625
552.8914794921875
383.68011474609375
453.43743896484375
460.9657897949219
647.447021484375
490.3591003417969
596.661376953125
502.02362060546875
743.673828125
760.3341064453125
541.4495849609375
598.4948120117188
453.4010314941406
517.634765625
447.48687744140625
786.30810546875
434.04815673828125
493.1127014160156
525.4100952148438
582.0455322265625
474.24884033203125
581.4817504882812
533.8551025390625
700.839111328125
520.0162353515625
607.1091918945312
515.8300170898438
677.0030517578125
541.1426391601562
545.9822998046875
624.0950317382812
544.048095703125
680.189208984375
605.5286865234375
507.69989013671875
415.0313720703125
585.1548461914062
581.026123046875
582.2760009765625
497.815673828125
560.7568359375
513.982421875
499.74456787109375
660.805419921875
438.0142822265625
657.3560791015625
518.0281372070312
658.80419921875
576.8538818359375
570.770751953125
605.8355712890625
490.88037109375
589.11279296875
523.139404296875
485.5965576171875
621.331298828125
587.181640625
533.9169921875
551.1119384765625
487.53753662109375
595.1290283203125
602.5264892578125
404.5113220214844
451.73974609375
617.8055419921875
643.6636962890625
623.4973754882812
538.1405029296875
563.9410400390625
486.8855895996094
591.5238037109375
745.7745361328125
654.353515625
550.8697509765625
501.5742492675781
466.45526123046875
536.89013671875
461.8616638183594
534.7523803710938
643.4014282226562
661.12939453125
719.57470703125
640.5607299804688
584.2823486328125
543.755859375
617.5733642578125
430.812255859375
608.8892822265625
450.44390869140625
644.8033447265625
510.48187255859375
461.76763916015625
643.849853515625
733.0657348632812
614.7830200195312
561.1571044921875
625.5390014648438
568.154541015625
544.9842529296875
457.94970703125
555.1136474609375
602.199462890625
613.2325439453125
619.228515625
471.03662109375
635.4930419921875
558.6510620117188
529.3411865234375
456.3463134765625
689.3173828125
493.01800537109375
448.748291015625
480.367431640625
558.673828125
703.32958984375
624.6854248046875
593.902099609375
349.7286376953125
695.353515625
661.255126953125
596.9885864257812
644.776611328125
462.3045654296875
599.94482421875
523.4981689453125
387.6690673828125
659.1514892578125
560.0421142578125
504.99810791015625
365.8801574707031
618.118896484375
553.243896484375
601.3948364257812
591.5382690429688
442.79473876953125
475.9792785644531
604.15234375
468.35870361328125
468.1044616699219
615.8165283203125
357.8974914550781
493.0931701660156
529.198486328125
458.1300048828125
539.3173217773438
590.0439453125
475.002685546875
621.3770751953125
594.4705810546875
673.83251953125
554.8423461914062
302.23333740234375
742.4385986328125
341.3251647949219
536.38037109375
581.4473876953125
630.0872802734375
429.5907897949219
642.9479370117188
538.7791748046875
380.7134094238281
554.5005493164062
567.95703125
458.92205810546875
466.6569519042969
493.454345703125
647.472900390625
376.61224365234375
652.8853759765625
484.70916748046875
586.2608642578125
707.42529296875
571.0752563476562
644.47021484375
438.1956481933594
372.4632568359375
565.676025390625
611.8049926757812
525.0187377929688
539.1840209960938
634.10888671875
574.069580078125
527.0111083984375
467.93756103515625
535.2796630859375
704.662841796875
520.3355712890625
636.8588256835938
555.0965576171875
513.6485595703125
641.86962890625
460.28076171875
620.585693359375
508.5435791015625
455.3978576660156
566.1412353515625
531.7879028320312
474.83245849609375
599.0474853515625
611.35107421875
593.4560546875
561.74609375
450.10211181640625
628.84912109375
519.7623291015625
682.14404296875
439.9689025878906
529.1182861328125
520.1688842773438
553.4483642578125
534.7598876953125
645.6714477539062
549.726806640625
573.6494140625
539.853271484375
453.6025390625
453.66253662109375
522.5397338867188
499.9573059082031
684.1859130859375
494.806884765625
573.1446533203125
448.8448791503906
527.8906860351562
843.1435546875
363.8484191894531
635.9562377929688
531.7429809570312
638.054443359375
741.0104370117188
524.706787109375
682.7595825195312
641.4947509765625
565.1834716796875
736.7149658203125
612.3287353515625
620.516845703125
576.94580078125
567.400634765625
631.9676513671875
534.4708251953125
542.6846313476562
423.56787109375
504.8975830078125
472.47186279296875
530.77783203125
589.5733642578125
466.58294677734375
435.1907653808594
636.5768432617188
373.8813781738281
597.4351196289062
475.54388427734375
639.9893188476562
445.8841857910156
531.9066162109375
529.2158203125
448.037353515625
523.3431396484375
504.998291015625
617.536865234375
430.52667236328125
414.5831298828125
417.84490966796875
708.594482421875
483.6541748046875
526.35693359375
652.22412109375
553.2996826171875
615.7193603515625
625.1969604492188
504.29058837890625
495.5688781738281
400.668212890625
607.666748046875
493.20611572265625
506.33349609375
399.2749328613281
633.6136474609375
523.7156982421875
641.924072265625
509.82843017578125
572.7353515625
613.5731201171875
550.5155029296875
501.2015380859375
603.5095825195312
523.0811767578125
441.67578125
555.9630126953125
531.4622802734375
614.25537109375
513.5817260742188
681.0703125
635.6195068359375
781.356689453125
707.311767578125
727.4049072265625
562.4833984375
596.8641357421875
684.70849609375
633.5224609375
472.974609375
552.9576416015625
467.86956787109375
442.8293762207031
559.2637939453125
467.6318359375
593.220947265625
667.086669921875
557.6416015625
519.2474365234375
554.6288452148438
650.479248046875
383.0712890625
448.8665771484375
648.2149658203125
488.8879089355469
682.3321533203125
648.47412109375
620.038330078125
424.00885009765625
617.62451171875
543.4296264648438
476.1060791015625
550.4878540039062
572.5831909179688
439.0360107421875
619.1729736328125
669.930419921875
628.2559814453125
637.1967163085938
579.246337890625
420.62127685546875
508.90264892578125
608.2181396484375
507.45849609375
670.0809936523438
505.291259765625
598.284423828125
397.24517822265625
655.21435546875
623.9660034179688
452.9543762207031
605.650634765625
595.3306884765625
598.41943359375
570.3204345703125
681.3212890625
665.144287109375
539.7008056640625
580.61962890625
686.59228515625
542.0953979492188
557.76416015625
562.9348754882812
547.4901123046875
594.4954833984375
739.8556518554688
424.090087890625
535.72802734375
584.04296875
670.345947265625
399.4324951171875
590.542724609375
626.1209716796875
478.13861083984375
471.43267822265625
583.3720703125
594.740478515625
566.5894775390625
593.5638427734375
539.89599609375
625.571533203125
665.4521484375
717.2871704101562
578.2935791015625
573.7120361328125
536.8197021484375
475.92633056640625
690.844970703125
600.7101440429688
713.64892578125
539.35400390625
645.0460205078125
589.3970336914062
450.09930419921875
535.2037353515625
651.322265625
670.5904541015625
930.2910766601562
1473.382080078125
1075.1063232421875
1151.8983154296875
1252.21630859375
896.2359619140625
1168.2071533203125
917.9112548828125
1034.848388671875
1153.6334228515625
1386.460693359375
1298.83203125
1057.6607666015625
1032.334228515625
1326.3109130859375
1235.494873046875
1311.2586669921875
1192.8017578125
1195.0631103515625
911.84228515625
1195.812255859375
1249.53564453125
1081.35791015625
1318.4117431640625
936.33154296875
1171.2906494140625
855.6798095703125
1004.2263793945312
740.5880126953125
1208.120849609375
1334.12060546875
1232.18505859375
960.6961669921875
1341.625244140625
1535.327880859375
1158.5633544921875
1083.2874755859375
1240.7305908203125
872.0269165039062
1186.1759033203125
1023.2734985351562
1163.818359375
1358.306884765625
1005.7130126953125
1219.9443359375
1183.439697265625
1232.40234375
1272.33056640625
1388.56640625
1154.16455078125
485.77154541015625
484.68414306640625
417.8544616699219
443.2391357421875
475.4429626464844
579.1648559570312
488.73065185546875
614.5941162109375
563.4449462890625
667.7918701171875
531.4208984375
495.94268798828125
728.5487060546875
616.2327880859375
523.7760009765625
490.19580078125
469.0687255859375
564.7066040039062
547.1646728515625
565.1940307617188
608.615966796875
585.2332763671875
589.5089721679688
512.704833984375
585.6489868164062
581.8809814453125
592.4132080078125
423.88336181640625
533.3212890625
499.78704833984375
638.9783325195312
720.5888061523438
566.971923828125
632.642333984375
396.4463806152344
548.420166015625
488.36798095703125
516.701416015625
663.06591796875
562.1800537109375
568.3030395507812
539.6087646484375
608.1963500976562
586.921630859375
600.4727172851562
620.0078125
549.7642822265625
668.4673461914062
492.37188720703125
483.8614196777344
638.2257080078125
528.6055908203125
499.91180419921875
429.49560546875
713.4273681640625
472.0782470703125
710.7634887695312
503.4744873046875
551.658935546875
671.46484375
595.4180297851562
579.74169921875
619.599365234375
610.3055419921875
690.177490234375
520.5670166015625
491.20343017578125
740.1678466796875
612.4176025390625
525.0115966796875
642.2073974609375
569.38037109375
714.3449096679688
671.4476318359375
587.9277954101562
359.67291259765625
512.5963745117188
596.8921508789062
740.4061279296875
671.3668823242188
586.8190307617188
711.1737670898438
513.659912109375
673.1444702148438
510.1669921875
419.83758544921875
586.9473876953125
448.18505859375
700.8042602539062
554.43798828125
574.603271484375
689.6834106445312
495.4621887207031
697.9869995117188
604.2673950195312
527.189453125
561.6378173828125
648.1167602539062
675.99560546875
622.775634765625
623.27099609375
659.389404296875
465.01312255859375
616.3679809570312
555.8896484375
738.0384521484375
704.7833862304688
539.94775390625
567.1190795898438
471.646240234375
456.3664855957031
672.92236328125
694.68408203125
642.1512451171875
632.4403076171875
578.012939453125
563.4906005859375
780.428955078125
632.7073974609375
563.8975219726562
560.813720703125
623.42724609375
529.2102661132812
542.626708984375
532.7943115234375
541.6028442382812
598.5328369140625
547.2312622070312
674.727294921875
539.1935424804688
538.614013671875
578.4363403320312
509.02618408203125
549.5256958007812
414.6296081542969
607.5098876953125
509.65289306640625
416.9089660644531
549.4683227539062
709.5231323242188
720.0562133789062
576.592041015625
625.2020874023438
640.81884765625
542.364990234375
607.8571166992188
689.7505493164062
647.607177734375
411.4091796875
665.3723754882812
637.4012451171875
477.04949951171875
367.4648742675781
506.06304931640625
688.2435302734375
618.8470458984375
759.9876708984375
506.9295959472656
518.6204833984375
639.0281982421875
766.2282104492188
563.6802978515625
679.243408203125
569.5599365234375
572.2939453125
462.80670166015625
555.6939086914062
451.97174072265625
454.9021911621094
686.4036865234375
445.0757751464844
720.1836547851562
578.223876953125
396.7252197265625
512.8734130859375
668.813232421875
698.7108154296875
740.580810546875
342.20892333984375
593.6151123046875
496.9849853515625
602.1190185546875
501.8843994140625
506.0479736328125
505.9732971191406
595.42431640625
582.3900756835938
487.6578369140625
620.9271240234375
644.3558349609375
669.6885986328125
611.3385620117188
531.5033569335938
631.9959716796875
544.3555297851562
673.468994140625
428.0130615234375
521.9329223632812
478.2032775878906
617.39208984375
1068.0711669921875
1135.0797119140625
925.772705078125
958.8333129882812
1240.7882080078125
1019.8583984375
1201.4970703125
1128.7562255859375
1097.4322509765625
1196.548828125
998.6951293945312
1216.770751953125
1211.880859375
1072.734619140625
1227.530517578125
1404.763427734375
1058.379150390625
1357.6444091796875
1145.019287109375
1047.1131591796875
1079.0712890625
1238.3917236328125
1411.0203857421875
1171.02294921875
1226.8740234375
1147.048095703125
1088.529541015625
1380.0618896484375
1294.00830078125
1219.215576171875
1397.40283203125
1308.9337158203125
1101.666748046875
583.048095703125
1356.6671142578125
1181.755126953125
1064.3856201171875
1283.268310546875
1096.936767578125
1238.305908203125
1268.7359619140625
1232.37060546875
943.267578125
887.4946899414062
1099.227294921875
1255.7314453125
1368.515625
1140.6865234375
1491.0233154296875
1118.83056640625
988.7432861328125
1356.6573486328125
1121.847412109375
811.7186279296875
890.9000244140625
1269.855224609375
1348.14306640625
923.43603515625
1049.174560546875
1345.289306640625
1214.048095703125
1051.5289306640625
1038.607421875
1162.26904296875
1215.2479248046875
994.0157470703125
1136.2408447265625
1496.853271484375
1148.85888671875
1034.539794921875
1213.50830078125
1021.5286865234375
896.822021484375
983.7310791015625
941.8701171875
889.1543579101562
1027.946044921875
850.9419555664062
1072.931640625
1041.8912353515625
1369.3369140625
1456.6181640625
977.248291015625
1409.9166259765625
1212.416748046875
1236.02392578125
1122.720458984375
1140.2393798828125
1155.2703857421875
1079.4110107421875
846.4762573242188
1085.288330078125
1293.8310546875
1332.31982421875
1079.7255859375
1147.7940673828125
1026.188720703125
1042.00390625
1162.793701171875
1158.3031005859375
1067.087646484375
1431.97802734375
1237.2470703125
854.4721069335938
1097.74658203125
1231.662841796875
1315.937255859375
1081.02197265625
1139.49560546875
1135.3670654296875
985.4801025390625
1169.30810546875
1122.993408203125
939.4385986328125
1150.5142822265625
1120.869384765625
1000.9932861328125
931.7036743164062
1131.9111328125
1091.4117431640625
951.3917236328125
1096.0660400390625
1480.2841796875
1213.4290771484375
1165.0166015625
1225.6253662109375
1301.80126953125
975.5772094726562
852.2393798828125
1345.1883544921875
1183.1265869140625
1202.326171875
1087.949951171875
1080.94091796875
996.2144165039062
1142.4249267578125
842.506591796875
1172.9462890625
790.4652099609375
895.0357666015625
1032.065673828125
1360.271240234375
1098.0894775390625
1038.38037109375
1223.3792724609375
920.2366943359375
855.44384765625
957.1075439453125
1011.3590698242188
1110.0533447265625
608.4569091796875
454.2423095703125
369.61138916015625
395.62957763671875
555.535888671875
571.430419921875
696.9452514648438
610.248291015625
529.0951538085938
763.75732421875
452.8872985839844
520.6702880859375
811.68408203125
704.4615478515625
578.7578735351562
536.0574951171875
655.25830078125
494.6962890625
615.1305541992188
565.8097534179688
647.6350708007812
422.80963134765625
731.097900390625
470.39923095703125
587.9536743164062
596.089599609375
552.5740966796875
510.5120849609375
585.382080078125
535.275390625
624.8018798828125
587.322509765625
490.6864318847656
578.780029296875
480.0951232910156
401.8856201171875
522.0635375976562
582.832763671875
712.135498046875
681.0350341796875
501.06219482421875
422.07598876953125
605.179931640625
821.0072021484375
626.77880859375
630.64306640625
625.5260620117188
514.902587890625
608.404296875
415.8372802734375
397.805908203125
642.6212768554688
721.369384765625
460.6181335449219
539.6944580078125
582.2701416015625
560.94873046875
641.6452026367188
560.64892578125
529.9970703125
539.1196899414062
424.28875732421875
507.2956848144531
552.6126708984375
534.407958984375
526.2720336914062
501.4749450683594
496.910888671875
610.49365234375
643.5130615234375
466.81805419921875
504.099365234375
525.5923461914062
468.8135681152344
359.8463439941406
779.033203125
504.666259765625
614.5256958007812
734.19189453125
566.83251953125
541.63427734375
687.0927734375
563.5074462890625
682.4510498046875
525.1148681640625
589.3443603515625
523.0239868164062
582.4190673828125
491.33819580078125
618.636474609375
536.7677001953125
630.9307861328125
600.0301513671875
564.6409912109375
686.0537719726562
548.1587524414062
610.20703125
588.3106689453125
633.4949951171875
500.11785888671875
596.94384765625
525.2893676757812
522.8734130859375
502.43890380859375
457.96337890625
519.4619140625
589.967529296875
569.8735961914062
564.621826171875
515.7308959960938
577.7720336914062
465.47894287109375
657.126220703125
417.3163146972656
688.3563842773438
472.10479736328125
540.954345703125
439.02996826171875
571.4652099609375
557.709716796875
677.400146484375
540.90673828125
554.665771484375
517.428466796875
534.23193359375
708.2617797851562
614.1539916992188
568.4806518554688
565.5182495117188
542.00439453125
527.8236694335938
551.6476440429688
523.995849609375
727.395751953125
540.8016357421875
597.01318359375
627.42431640625
545.5261840820312
666.993408203125
576.1287841796875
616.162353515625
549.6810913085938
631.6080322265625
522.8323974609375
557.293701171875
626.96435546875
527.3623046875
683.50634765625
510.644287109375
505.67169189453125
1119.2391357421875
1261.1787109375
1068.211181640625
1045.515380859375
957.020263671875
1181.289794921875
844.785888671875
1003.4760131835938
721.4166259765625
1020.946044921875
971.4368896484375
1244.723388671875
841.0496215820312
1401.544189453125
901.424560546875
1167.763916015625
900.958740234375
1050.780517578125
1288.40576171875
945.059326171875
1278.531494140625
1218.941162109375
991.9925537109375
1262.553466796875
933.298095703125
1094.9112548828125
1371.55322265625
1070.5146484375
1095.5010986328125
1513.5633544921875
903.7496948242188
1129.6248779296875
1266.96142578125
1065.232421875
1344.337158203125
1049.9525146484375
1365.931640625
1141.5042724609375
1275.889892578125
1252.8074951171875
865.9793701171875
911.0714721679688
1342.299560546875
1468.499267578125
1282.470947265625
1123.635009765625
1272.920166015625
799.1098022460938
1135.284912109375
961.870361328125
537.4439086914062
488.12225341796875
563.4843139648438
606.9427490234375
651.2911376953125
632.14501953125
540.8525390625
632.2694091796875
409.3833923339844
414.37628173828125
660.587646484375
427.954833984375
462.79486083984375
662.2860717773438
620.8280029296875
450.48492431640625
679.4492797851562
648.3959350585938
587.7612915039062
627.756103515625
540.0870361328125
437.9496154785156
582.8267822265625
596.8594360351562
496.953857421875
590.8048706054688
510.2886962890625
461.039306640625
755.2937622070312
735.8349609375
578.3017578125
648.6121826171875
594.5775146484375
582.524169921875
476.5537109375
409.15020751953125
556.8426513671875
498.3802795410156
481.48822021484375
511.78564453125
726.2125244140625
551.51806640625
642.462890625
491.89361572265625
647.4515380859375
646.9685668945312
480.55535888671875
612.2440185546875
281.33331298828125
676.8329467773438
592.3507690429688
423.6085510253906
606.11376953125
664.0546264648438
548.042236328125
634.8107299804688
682.6589965820312
689.8751220703125
540.1102294921875
572.3623046875
594.189453125
528.0181884765625
387.09332275390625
537.8063354492188
564.0665283203125
482.837890625
458.33392333984375
511.62969970703125
558.8148193359375
604.8907470703125
751.4890747070312
512.2590942382812
672.168212890625
613.4804077148438
563.600341796875
491.83990478515625
589.1655883789062
606.1497802734375
652.7269287109375
553.0206298828125
683.31591796875
651.72705078125
522.3060913085938
571.7872924804688
514.060302734375
660.505859375
522.6096801757812
440.31787109375
629.2489013671875
733.32373046875
517.4378662109375
526.7722778320312
557.9854736328125
654.631591796875
478.0557861328125
498.44952392578125
550.6859741210938
616.0254516601562
590.898681640625
596.0748291015625
564.0311279296875
541.34619140625
520.78076171875
586.7134399414062
461.39404296875
496.9473876953125
637.587890625
609.91259765625
603.7525024414062
563.9661865234375
659.9058227539062
578.34375
642.3199462890625
569.6564331054688
514.07421875
542.6461181640625
448.0830993652344
490.206787109375
362.3448486328125
649.7747802734375
559.3787841796875
527.5244140625
648.25048828125
520.100830078125
564.13427734375
491.93865966796875
601.4274291992188
417.8984680175781
494.1632080078125
672.0049438476562
736.568603515625
451.0945739746094
656.883056640625
481.32891845703125
493.48687744140625
586.6210327148438
644.502197265625
617.9290771484375
617.656982421875
504.56390380859375
533.0232543945312
615.1083374023438
328.09857177734375
463.5956726074219
659.8914794921875
535.1314697265625
560.6842041015625
526.0572509765625
402.12274169921875
438.9828186035156
1241.3011474609375
977.1195068359375
1000.106201171875
1091.572998046875
688.3746948242188
1147.86328125
1060.0904541015625
1109.930419921875
1151.514892578125
970.81298828125
946.8587646484375
1210.064208984375
1067.0576171875
1002.522216796875
1675.7589111328125
1253.918212890625
1312.99755859375
807.6905517578125
1390.205078125
1084.6357421875
1512.205810546875
1078.298828125
909.1805419921875
1333.92138671875
1093.681396484375
874.8944091796875
1303.3720703125
1154.0350341796875
1254.6968994140625
952.5950317382812
863.4635009765625
1342.5247802734375
1184.5035400390625
1012.001220703125
976.1663818359375
1058.49365234375
1277.7333984375
1166.668212890625
1303.169677734375
1302.0546875
948.302734375
1371.9835205078125
1078.78173828125
837.670166015625
1236.6533203125
1303.046875
1169.2752685546875
1060.4603271484375
1348.0928955078125
1179.4884033203125
425.97723388671875
604.452392578125
591.1971435546875
553.2196655273438
656.1759033203125
437.5367126464844
572.4389038085938
575.4830322265625
439.5747985839844
678.36865234375
611.3012084960938
555.3207397460938
538.095947265625
647.8877563476562
545.9912109375
758.699462890625
607.8388061523438
724.3316650390625
569.436279296875
615.4862670898438
692.6363525390625
453.3719482421875
566.289794921875
645.736083984375
510.49127197265625
608.414794921875
629.6689453125
548.6329345703125
530.150146484375
559.1630859375
412.0479431152344
659.6300048828125
545.9486083984375
513.8060302734375
606.3780517578125
595.5252685546875
549.5222778320312
677.44921875
587.6995849609375
599.9822998046875
375.572509765625
454.2525939941406
587.385498046875
536.409423828125
515.0242919921875
540.1278076171875
554.107177734375
464.40869140625
650.54638671875
600.2183837890625
654.3626708984375
578.5174560546875
629.6868896484375
626.09912109375
712.797607421875
428.779296875
669.7340698242188
470.226318359375
577.439697265625
466.57025146484375
513.4339599609375
613.8260498046875
713.584716796875
675.2257080078125
439.9354248046875
514.9838256835938
529.68017578125
648.9407958984375
548.800048828125
693.0524291992188
425.303955078125
571.33740234375
657.2862548828125
555.005859375
528.2566528320312
607.409423828125
460.6318664550781
429.6703796386719
496.19305419921875
669.143310546875
500.54876708984375
683.539306640625
450.3455505371094
465.8752746582031
311.94671630859375
573.1317138671875
606.3890380859375
549.737060546875
560.0479125976562
479.045654296875
746.2274169921875
516.97021484375
469.10931396484375
422.328369140625
456.37457275390625
521.3890380859375
455.1268005371094
720.9039916992188
624.7662353515625
708.4240112304688
488.1579895019531
478.0150146484375
566.1285400390625
461.22772216796875
544.9707641601562
504.48443603515625
456.4356689453125
426.1062927246094
564.4302978515625
540.6688232421875
355.6148681640625
550.926025390625
401.3605041503906
502.1852111816406
531.1102294921875
524.4905395507812
692.6510009765625
737.4623413085938
504.51318359375
634.1539306640625
400.4570617675781
483.17926025390625
584.7869873046875
453.7742919921875
566.11328125
636.970947265625
615.1328125
585.9957275390625
553.739501953125
494.05877685546875
633.94677734375
612.5379638671875
394.54376220703125
420.30657958984375
586.1796264648438
645.201171875
562.2627563476562
673.6439208984375
515.1153564453125
461.41998291015625
531.236083984375
598.0362548828125
669.7960815429688
407.473876953125
518.9963989257812
519.2857666015625
470.92559814453125
714.1251220703125
510.5634460449219
588.5484619140625
624.9534301757812
602.1044921875
517.2919921875
570.1925659179688
694.3682250976562
526.7755126953125
653.1973876953125
689.3965454101562
552.2798461914062
371.24822998046875
543.6182861328125
567.8609008789062
467.1461181640625
555.5761108398438
539.578369140625
615.907470703125
382.55462646484375
500.68280029296875
637.8846435546875
452.2787780761719
415.70037841796875
604.0902709960938
630.42431640625
470.97216796875
436.0146179199219
584.28662109375
655.074951171875
658.7835083007812
566.13671875
716.9447021484375
585.6878662109375
522.701416015625
589.478271484375
452.9214782714844
368.13189697265625
676.757080078125
480.0244140625
546.909423828125
495.07806396484375
633.020263671875
456.0072326660156
496.1033630371094
435.8479919433594
478.1876220703125
584.7210693359375
660.311279296875
631.4052124023438
515.98095703125
484.11309814453125
499.57086181640625
685.8084716796875
509.9617614746094
633.3247680664062
534.2650146484375
625.7322998046875
633.1563720703125
480.61639404296875
725.3693237304688
576.6336059570312
530.482421875
366.76849365234375
702.6448974609375
706.3310546875
650.5787353515625
717.525634765625
583.790283203125
565.8421630859375
408.58319091796875
542.8275756835938
520.8953857421875
528.2340087890625
617.8731689453125
557.203369140625
763.9378662109375
415.1195068359375
640.802978515625
468.33154296875
397.1080322265625
455.40606689453125
556.8535766601562
670.6436767578125
493.0262756347656
650.1343994140625
572.3135375976562
578.759033203125
454.8055725097656
531.800048828125
590.9697265625
532.6702880859375
572.995361328125
532.2381591796875
574.5086669921875
535.3461303710938
464.96142578125
536.1395874023438
564.7901611328125
668.2396240234375
616.29931640625
529.4962768554688
621.2705688476562
741.6967163085938
743.5615234375
544.042724609375
692.8062744140625
548.9114990234375
575.4647216796875
595.8987426757812
407.765380859375
599.7232666015625
669.6485595703125
407.6273498535156
480.79449462890625
649.7918701171875
481.71466064453125
668.90771484375
533.018798828125
545.0567626953125
599.7030639648438
672.6859130859375
494.02197265625
562.563720703125
535.40478515625
568.611328125
516.5306396484375
607.68115234375
593.025390625
501.7574768066406
670.3341064453125
394.728759765625
517.16943359375
519.68359375
453.90728759765625
579.8814697265625
437.5730285644531
620.1832885742188
651.4078369140625
412.27606201171875
695.6927490234375
597.2041625976562
576.7342529296875
517.49462890625
577.6742553710938
480.05218505859375
503.5848083496094
554.6337890625
573.0474853515625
598.98583984375
511.27801513671875
541.2402954101562
466.88714599609375
533.2189331054688
496.41302490234375
694.8931884765625
699.194580078125
616.8436279296875
490.7772216796875
403.4501647949219
485.500732421875
751.5606689453125
530.4468994140625
360.72479248046875
467.175537109375
499.27069091796875
625.4236450195312
569.5941162109375
688.1756591796875
482.3663024902344
465.77996826171875
549.8148803710938
459.5077209472656
689.3663330078125
519.4553833007812
596.3131103515625
666.5638427734375
601.5064697265625
450.81231689453125
605.2755126953125
624.7427368164062
484.60589599609375
553.44873046875
576.9524536132812
622.547607421875
639.124267578125
700.628173828125
533.9135131835938
632.26611328125
579.7579956054688
503.0322570800781
640.6832885742188
644.0863037109375
517.0248413085938
379.9547119140625
448.2572021484375
568.199462890625
350.2550048828125
455.5382080078125
690.8514404296875
425.59429931640625
627.7454833984375
610.2297973632812
482.9087219238281
636.927978515625
477.4605407714844
697.5185546875
385.3070983886719
422.26708984375
562.31591796875
643.7861328125
653.2578735351562
436.110595703125
546.1040649414062
548.0802612304688
569.3021240234375
567.84033203125
543.128662109375
560.170166015625
413.8255920410156
544.903076171875
561.5533447265625
493.58221435546875
673.959228515625
402.3273010253906
502.9678955078125
522.4898071289062
635.945068359375
575.9855346679688
532.5986328125
432.99798583984375
424.26068115234375
571.5506591796875
489.33148193359375
449.5511169433594
606.5064086914062
636.5389404296875
644.1077270507812
394.35443115234375
542.5458374023438
763.402099609375
504.1093444824219
645.9466552734375
609.8338623046875
527.718994140625
626.5748291015625
591.0164794921875
442.091796875
482.7073974609375
600.3048095703125
658.8226318359375
682.428955078125
494.6578369140625
674.4669799804688
579.832763671875
449.4078063964844
450.9122009277344
494.1880798339844
368.95428466796875
463.401611328125
603.782470703125
635.944091796875
457.6686096191406
573.611083984375
421.3254089355469
689.6671142578125
556.803955078125
381.7474365234375
605.6649169921875
551.2294921875
398.2806091308594
441.2935485839844
523.8214721679688
689.1697998046875
574.27294921875
482.73529052734375
444.626220703125
661.44384765625
600.7369384765625
648.3917236328125
496.53887939453125
438.34478759765625
450.3553466796875
506.7879638671875
515.9149780273438
797.174072265625
596.9064331054688
586.1326904296875
523.6302490234375
463.1399230957031
627.10302734375
744.5128173828125
631.2275390625
473.9272766113281
635.4207763671875
631.1783447265625
613.1254272460938
485.4942626953125
509.1036376953125
428.6664733886719
563.2119140625
585.190673828125
551.063232421875
645.00634765625
549.664794921875
688.4415893554688
611.827880859375
559.31201171875
475.9356689453125
591.8525390625
558.8607177734375
550.4451904296875
517.3703002929688
399.34735107421875
478.4182434082031
469.6419677734375
649.1260986328125
638.7906494140625
685.7279052734375
590.212890625
580.79052734375
594.6261596679688
506.888671875
643.8814086914062
546.669189453125
558.137451171875
495.1600646972656
548.5855712890625
617.8883056640625
553.9984130859375
639.4505004882812
431.36260986328125
364.2476806640625
658.0328369140625
599.4903564453125
663.5319213867188
664.94921875
506.5964660644531
528.8262939453125
540.6720581054688
633.5831909179688
465.3853759765625
619.3079833984375
737.0517578125
526.5823974609375
651.6451416015625
423.24139404296875
566.9747924804688
597.4463500976562
536.77734375
632.4788818359375
499.4524230957031
611.63623046875
631.7649536132812
601.0811767578125
493.9017333984375
626.6043701171875
491.64691162109375
616.902099609375
453.6026611328125
514.65185546875
510.4724426269531
507.6932067871094
691.3876342773438
499.21124267578125
679.3072509765625
607.911376953125
584.5281982421875
590.2461547851562
643.97998046875
609.863525390625
746.4031372070312
648.1602783203125
473.7220458984375
354.40435791015625
719.4557495117188
424.9251708984375
408.6265563964844
640.1025390625
617.1505126953125
489.0904541015625
597.0009155273438
400.76263427734375
559.688232421875
452.53533935546875
579.106689453125
553.6834716796875
616.06982421875
489.37493896484375
586.4063110351562
466.84814453125
631.55712890625
565.0634765625
514.29443359375
450.80230712890625
537.7901611328125
487.4637451171875
446.67913818359375
672.9284057617188
617.72216796875
485.23687744140625
526.1971435546875
625.0023803710938
540.32666015625
574.2095947265625
520.8709106445312
568.6099243164062
579.1480712890625
762.6165771484375
508.8199462890625
689.5662231445312
513.9588012695312
718.9476928710938
506.60736083984375
631.1519165039062
686.8800048828125
532.432373046875
602.1241455078125
659.5589599609375
587.991455078125
632.4727783203125
681.861083984375
608.699951171875
722.5416870117188
543.011962890625
713.6530151367188
683.3536376953125
446.346923828125
657.9840698242188
463.10552978515625
643.3568115234375
559.9306640625
455.876708984375
471.01788330078125
685.431640625
532.057373046875
576.001708984375
584.2459716796875
662.8841552734375
570.8372802734375
334.7393493652344
556.3985595703125
641.4173583984375
608.4822998046875
688.397216796875
563.7896118164062
616.96240234375
465.8966064453125
571.586181640625
578.7814331054688
613.4459228515625
492.393310546875
577.4891967773438
456.77471923828125
638.4910278320312
576.6092529296875
425.02239990234375
456.84295654296875
597.2838134765625
559.054931640625
604.3714599609375
644.8695068359375
589.6660766601562
646.7464599609375
564.650146484375
572.8860473632812
559.7702026367188
437.2431945800781
657.0040283203125
696.9815063476562
362.4736328125
576.4490966796875
648.0479736328125
495.49615478515625
517.12451171875
621.9735107421875
485.46160888671875
686.7230224609375
547.2886962890625
700.068359375
476.3422546386719
577.6036376953125
629.1793212890625
540.4937744140625
642.9953002929688
509.59429931640625
606.4804077148438
582.529052734375
532.26123046875
504.0837707519531
550.4078369140625
550.36181640625
446.9949645996094
469.97784423828125
640.5531005859375
519.5335693359375
641.806884765625
623.876708984375
618.4058227539062
482.1050109863281
519.289794921875
431.1329345703125
499.4526062011719
416.1864013671875
482.78375244140625
612.55615234375
647.3541870117188
498.6837158203125
516.559326171875
532.525390625
579.6087646484375
495.1990966796875
586.9074096679688
576.2037353515625
490.6712951660156
460.78369140625
474.30694580078125
531.8619995117188
368.9444274902344
518.5260009765625
494.2628173828125
533.3106689453125
601.76513671875
793.19384765625
543.298583984375
638.6612548828125
639.8489990234375
549.8182373046875
389.4565124511719
597.1892700195312
516.2352905273438
660.9622802734375
354.1319580078125
525.6470336914062
507.12762451171875
503.3917541503906
487.4598693847656
669.959716796875
504.66650390625
398.34429931640625
440.10107421875
595.1651611328125
504.4409484863281
453.6837158203125
541.0572509765625
624.0469970703125
613.69580078125
479.41973876953125
570.7265014648438
644.2982177734375
525.6302490234375
495.116455078125
389.32403564453125
328.93914794921875
479.6310119628906
529.6302490234375
680.3623046875
622.904296875
526.661865234375
485.9857177734375
606.8228759765625
615.0345458984375
482.8526306152344
479.3681945800781
463.2835693359375
413.0647888183594
362.2328796386719
585.2875366210938
522.019287109375
502.5009460449219
664.8104248046875
562.0289916992188
438.2732849121094
708.4397583007812
680.361572265625
643.4388427734375
588.3303833007812
387.79742431640625
622.2191162109375
482.880126953125
529.7677612304688
555.0494384765625
484.7203674316406
573.5079956054688
605.6026611328125
675.3858642578125
623.37890625
478.3709716796875
532.4874267578125
452.9781799316406
537.37255859375
660.870849609375
439.6414794921875
534.31982421875
439.9219970703125
483.7484130859375
497.42041015625
484.5084228515625
581.7733154296875
589.0050659179688
710.5629272460938
513.68310546875
664.6844482421875
1090.14111328125
1247.8607177734375
1425.62939453125
1221.2484130859375
938.171875
983.72509765625
1179.254150390625
1243.5577392578125
1465.326416015625
1153.09423828125
1404.229736328125
1200.392333984375
1203.303955078125
1259.5234375
932.4263916015625
1192.08251953125
1170.50634765625
1213.559814453125
1257.3916015625
1371.708251953125
1122.26123046875
1161.739013671875
1111.75830078125
1139.9881591796875
932.7431640625
950.2828979492188
1684.6844482421875
1088.5130615234375
981.1947021484375
1243.728515625
1075.634521484375
1140.4029541015625
1031.666015625
1119.870849609375
820.0913696289062
1347.93505859375
1108.9522705078125
927.3428955078125
988.7963256835938
1285.5703125
1137.98486328125
1099.29345703125
1151.8240966796875
1116.15576171875
829.088134765625
1286.740966796875
827.6453247070312
1164.09521484375
930.0521240234375
1175.638916015625
744.2276611328125
541.1253662109375
636.0072021484375
765.2139892578125
432.36798095703125
540.6651611328125
495.951904296875
731.2962646484375
487.1402893066406
583.864013671875
659.037353515625
559.3442993164062
548.807373046875
578.3746337890625
528.3203125
647.14599609375
566.2928466796875
619.2957153320312
670.859375
589.406982421875
592.884765625
570.7669677734375
639.302490234375
461.8516540527344
370.447998046875
591.4595336914062
602.6383056640625
649.255859375
575.9957885742188
569.556884765625
775.8304443359375
611.3887939453125
645.1361694335938
622.4298095703125
493.1477966308594
529.49267578125
510.2949523925781
512.62939453125
666.5198364257812
353.8290710449219
437.97607421875
572.5428466796875
712.8795166015625
534.29345703125
685.4554443359375
747.1132202148438
591.2998046875
406.30712890625
492.1993103027344
613.27685546875
510.7295837402344
519.056640625
757.7930908203125
539.0880126953125
660.4397583007812
598.9048461914062
687.6824951171875
573.828125
491.964111328125
482.9767761230469
577.3909301757812
537.6583862304688
411.73468017578125
546.8851318359375
481.8331298828125
571.0764770507812
617.8441162109375
662.8919677734375
681.6190185546875
590.1936645507812
606.5234375
619.5445556640625
706.3943481445312
529.4415893554688
580.3670654296875
600.0577392578125
681.923828125
485.79443359375
386.2382507324219
439.093994140625
475.76763916015625
574.017822265625
562.7268676757812
625.6818237304688
386.765380859375
485.52459716796875
728.4998779296875
631.21435546875
540.0723876953125
528.43603515625
660.2147827148438
479.66668701171875
566.3256225585938
584.1793212890625
457.9627685546875
558.027099609375
570.6793212890625
430.0086364746094
612.6285400390625
630.5001831054688
601.7704467773438
468.08935546875
564.27783203125
588.5467529296875
444.0067138671875
667.305419921875
548.07861328125
707.139892578125
413.63299560546875
417.9996643066406
569.376220703125
451.6094970703125
681.4798583984375
539.774658203125
511.2158508300781
565.2047119140625
632.8580932617188
441.98052978515625
483.0596618652344
745.4536743164062
629.879638671875
478.23895263671875
529.5376586914062
460.912353515625
612.246826171875
537.906005859375
591.34814453125
455.657470703125
491.775634765625
490.960205078125
538.5146484375
587.9381713867188
452.46142578125
600.4876708984375
576.21142578125
480.9630126953125
425.91656494140625
535.1820068359375
470.01708984375
438.16552734375
546.0443115234375
593.8175048828125
704.9048461914062
706.01220703125
373.3870849609375
494.5426330566406
606.3778076171875
428.515625
498.15966796875
561.9345703125
518.9434814453125
345.27197265625
556.5579833984375
437.6403503417969
545.6934814453125
700.3426513671875
449.1524963378906
645.183837890625
504.9877624511719
523.435302734375
466.99395751953125
469.26239013671875
634.9446411132812
374.6288757324219
323.1722106933594
455.0338134765625
494.8282470703125
541.7932739257812
529.8810424804688
581.244140625
553.43408203125
429.798583984375
392.23065185546875
582.9629516601562
674.02294921875
566.583984375
563.5382080078125
442.10821533203125
578.7819213867188
636.9693603515625
483.29449462890625
472.1328125
587.2744140625
569.0797119140625
694.4814453125
621.1322631835938
605.2757568359375
547.1607666015625
635.6148071289062
551.6483764648438
627.63525390625
599.8082275390625
571.7750244140625
558.355224609375
444.42791748046875
446.95379638671875
582.6516723632812
601.7280883789062
386.4082946777344
575.8268432617188
633.908447265625
660.3414916992188
412.5184020996094
597.0634765625
485.55072021484375
503.47967529296875
562.3699951171875
400.1558837890625
604.1741943359375
669.3661499023438
435.9305419921875
571.9009399414062
422.9632568359375
435.5963134765625
377.7688293457031
640.6121826171875
631.3191528320312
525.7349853515625
648.9694213867188
737.496337890625
712.8079833984375
545.0923461914062
511.1600341796875
514.5661010742188
583.2205810546875
475.552490234375
605.130615234375
544.5703735351562
534.6597290039062
543.1612548828125
560.5712890625
513.646484375
660.3741455078125
678.9356689453125
693.681396484375
531.94091796875
481.4931945800781
433.94537353515625
349.72412109375
600.6209716796875
538.8495483398438
581.0606689453125
669.0982055664062
527.6898193359375
531.3868408203125
507.5360107421875
597.4277954101562
601.385986328125
446.515380859375
391.49493408203125
1181.443359375
1240.1558837890625
1050.279296875
983.6298828125
1391.949951171875
998.3529052734375
1259.718505859375
875.4959106445312
994.1160888671875
846.497314453125
1027.464599609375
1329.03369140625
856.264892578125
1079.123291015625
938.6007080078125
1256.797607421875
1261.2894287109375
953.8447875976562
1141.1043701171875
1461.9267578125
1389.302001953125
1139.7083740234375
1177.209228515625
1485.516845703125
808.298095703125
1283.703857421875
1119.4521484375
890.1543579101562
1248.21044921875
1204.860107421875
1298.4478759765625
1103.8829345703125
1167.6676025390625
1162.9345703125
1299.5677490234375
1310.162841796875
1054.817626953125
1152.733154296875
974.3908081054688
1008.4620361328125
1100.4561767578125
1082.961181640625
977.9130859375
1207.263916015625
1030.082275390625
1345.930419921875
1249.794921875
1161.1898193359375
1335.4996337890625
922.0755615234375
1343.07275390625
1121.660888671875
1184.2476806640625
741.516845703125
1123.002685546875
1461.4559326171875
897.3721313476562
1207.378662109375
1064.013916015625
1350.916259765625
954.5267333984375
1134.1397705078125
998.4203491210938
1250.2965087890625
941.115234375
1188.43115234375
1240.669921875
1231.881103515625
1209.329345703125
864.2013549804688
1363.0841064453125
968.9942016601562
1135.059326171875
1462.6298828125
1343.58642578125
847.0545654296875
766.7158203125
1087.802490234375
1193.7156982421875
847.76123046875
949.083984375
1087.838623046875
1137.086181640625
1352.2464599609375
1235.587890625
1280.3369140625
1509.1607666015625
1303.5556640625
1127.6064453125
1436.467529296875
1054.169921875
1283.196044921875
1045.958740234375
1238.76513671875
1179.031005859375
985.4654541015625
1413.6474609375
1114.24951171875
1114.7445068359375
1118.800537109375
543.5689697265625
492.040771484375
728.4520874023438
563.764892578125
414.82745361328125
603.9551391601562
558.71337890625
609.6806640625
727.0030517578125
596.9013671875
646.596923828125
451.38116455078125
473.0541076660156
559.1590576171875
519.2047119140625
611.8060913085938
579.8656005859375
583.32080078125
526.0677490234375
569.7182006835938
622.5309448242188
577.8775024414062
543.5910034179688
512.1568603515625
542.8667602539062
540.7994995117188
539.1075439453125
515.951904296875
469.9293518066406
713.5872802734375
515.346923828125
561.681396484375
516.2025146484375
568.619384765625
592.0635986328125
600.5300903320312
478.4703369140625
768.130859375
465.262939453125
711.1265258789062
405.3202209472656
543.5541381835938
492.90625
639.252685546875
440.6752624511719
506.5665588378906
546.3424072265625
687.8694458007812
623.3114013671875
599.9334716796875
507.9200439453125
695.3609008789062
458.21136474609375
610.83935546875
564.0274658203125
599.4715576171875
475.22821044921875
474.7475280761719
577.2709350585938
610.79638671875
423.30108642578125
497.26934814453125
584.280517578125
689.1203002929688
589.1243286132812
399.8714294433594
516.13037109375
539.6337890625
497.71527099609375
674.9351196289062
396.6885986328125
599.8742065429688
380.08404541015625
476.86175537109375
636.6895751953125
449.0479431152344
642.3048095703125
646.7700805664062
427.745849609375
587.765869140625
373.1260681152344
559.5923461914062
433.97161865234375
626.2042236328125
672.877685546875
484.3025207519531
624.5049438476562
437.9326171875
519.4755249023438
648.5185546875
585.2657470703125
648.1456909179688
568.5406494140625
696.4435424804688
457.82891845703125
505.1440734863281
746.1455078125
663.5303344726562
549.9669189453125
606.94189453125
643.0973510742188
564.7916259765625
503.43194580078125
607.7618408203125
715.530029296875
613.738037109375
527.4822998046875
447.44940185546875
678.38232421875
556.2567138671875
527.314208984375
601.7568359375
474.85467529296875
426.08624267578125
466.7302551269531
762.0798950195312
470.94775390625
598.920166015625
601.4857177734375
517.75927734375
522.0390625
501.26287841796875
619.2957763671875
593.5535888671875
450.8271789550781
494.7646179199219
488.29193115234375
686.45166015625
464.4600830078125
598.6347045898438
455.5697021484375
734.5260009765625
381.1515808105469
724.147705078125
690.923095703125
497.8577575683594
564.4421997070312
701.7161865234375
526.2943115234375
576.099853515625
721.0247802734375
502.318359375
462.832763671875
643.5650634765625
707.71240234375
623.233154296875
658.6614379882812
602.200927734375
505.2255859375
506.549072265625
687.0859985351562
506.7347412109375
664.667724609375
589.5725708007812
608.4686279296875
671.8123779296875
556.56640625
406.00738525390625
422.71417236328125
565.216064453125
675.9661254882812
469.23077392578125
544.0602416992188
483.23089599609375
718.6577758789062
520.4246215820312
449.7116394042969
473.09771728515625
689.427490234375
620.1842651367188
515.8765258789062
490.11651611328125
656.1467895507812
547.9530029296875
631.692138671875
617.5720825195312
494.53863525390625
620.751953125
639.55078125
680.805908203125
532.3314208984375
376.7083435058594
676.841796875
600.4111328125
454.2772216796875
564.83154296875
544.06884765625
580.3310546875
440.9980773925781
535.3470458984375
623.4964599609375
563.986328125
687.108154296875
572.9896850585938
566.7796630859375
524.1864013671875
526.4215087890625
497.904541015625
673.5032958984375
574.947998046875
663.93212890625
487.40692138671875
606.9617309570312
485.6531677246094
454.8590087890625
411.85028076171875
596.5335693359375
758.8360595703125
401.0601806640625
452.00347900390625
572.1634521484375
369.9663391113281
665.852783203125
433.3740234375
621.7744140625
441.9195556640625
600.3267822265625
607.9183349609375
533.5487670898438
491.92333984375
554.547607421875
628.4510498046875
542.0416259765625
587.671142578125
575.3749389648438
525.8267822265625
559.732177734375
524.308349609375
668.029052734375
670.8336181640625
601.6317749023438
555.4757080078125
739.1951904296875
557.5958251953125
672.79736328125
568.6712646484375
365.0758361816406
568.3199462890625
624.6116333007812
551.9407348632812
517.349609375
607.943603515625
414.50872802734375
580.3842163085938
606.8172607421875
760.91064453125
613.1141357421875
655.84716796875
608.4244384765625
580.4871826171875
874.9750366210938
677.545166015625
492.1878662109375
518.3887939453125
595.7164916992188
574.6322631835938
509.23919677734375
509.4365539550781
637.7943115234375
500.8742980957031
599.9461669921875
779.1893920898438
577.3985595703125
434.40716552734375
599.9658203125
574.0372314453125
472.74224853515625
635.11572265625
565.5440673828125
557.1157836914062
609.19775390625
438.6294250488281
554.8781127929688
461.7735595703125
498.77667236328125
681.0322265625
659.3955688476562
653.776611328125
546.1343994140625
515.8194580078125
459.7096252441406
642.5672607421875
471.69384765625
528.94287109375
504.97882080078125
550.736083984375
511.10992431640625
494.5875244140625
542.238037109375
592.061279296875
477.7825012207031
629.9635009765625
575.61474609375
631.1212158203125
467.44268798828125
585.951171875
579.9397583007812
473.7276611328125
589.7923583984375
530.2594604492188
467.64898681640625
564.0239868164062
506.41851806640625
528.095947265625
750.1295166015625
477.83453369140625
586.4456176757812
706.2880859375
288.906982421875
684.6494140625
507.0058898925781
613.0098876953125
436.8990478515625
504.008056640625
693.0867919921875
442.7803039550781
412.7991943359375
738.0714721679688
524.8825073242188
520.3348388671875
596.7971801757812
583.9044189453125
555.3824462890625
349.3114929199219
522.0490112304688
466.3846130371094
606.310791015625
634.4762573242188
629.9130859375
630.8392333984375
508.88458251953125
340.0833740234375
713.218017578125
631.3316650390625
542.1326293945312
513.6676025390625
673.9205322265625
500.9913330078125
498.8004455566406
595.683349609375
586.8441162109375
689.34765625
684.106201171875
641.24169921875
489.48193359375
407.5560302734375
563.8893432617188
464.2877197265625
571.0340576171875
664.5706787109375
638.3799438476562
490.9054870605469
509.03076171875
557.0552368164062
656.0721435546875
493.87664794921875
332.34027099609375
364.463623046875
530.284423828125
536.319580078125
522.6884765625
567.2454223632812
621.3251953125
515.1989135742188
447.6728210449219
539.8734741210938
512.2571411132812
567.224609375
503.72540283203125
644.244384765625
702.6494140625
499.529296875
517.2196655273438
557.5433349609375
540.8203125
554.6995849609375
521.7818603515625
534.8831787109375
520.1105346679688
567.2239379882812
560.8442993164062
494.8144226074219
678.168212890625
637.3892211914062
552.7943115234375
663.4327392578125
614.9405517578125
564.2596435546875
497.99432373046875
537.720703125
668.5445556640625
417.52996826171875
500.9664001464844
632.8099975585938
492.1424865722656
570.8334350585938
497.625
528.4815063476562
546.59228515625
631.7042846679688
583.4212646484375
583.3688354492188
481.0491943359375
554.771240234375
496.8045654296875
482.65631103515625
605.5859985351562
521.3479614257812
683.1918334960938
464.16058349609375
592.235107421875
522.178466796875
490.64453125
549.1820678710938
557.20703125
645.2892456054688
575.1319580078125
713.3251953125
691.9163818359375
483.5421142578125
403.83306884765625
496.13275146484375
479.5359191894531
620.1649169921875
586.2511596679688
570.68798828125
624.384765625
640.38916015625
589.255615234375
611.52490234375
605.294677734375
506.82318115234375
575.662353515625
628.84912109375
717.9876708984375
606.7664184570312
674.6148681640625
584.4690551757812
663.279541015625
440.285888671875
506.3414306640625
467.8153076171875
502.8936462402344
517.1614990234375
462.0986328125
485.58953857421875
573.5533447265625
463.5938720703125
600.8868408203125
319.1987609863281
565.5201416015625
643.951904296875
665.457275390625
456.256591796875
413.26788330078125
526.5281982421875
595.0452880859375
565.8660888671875
560.078857421875
543.8951416015625
602.8525390625
581.8814086914062
493.23870849609375
664.2401123046875
371.60943603515625
598.14111328125
580.0323486328125
549.043212890625
591.4224853515625
566.0037841796875
451.4219665527344
508.3990783691406
635.9215087890625
658.809326171875
448.40606689453125
686.6436767578125
357.81317138671875
428.12371826171875
617.25146484375
397.6063232421875
579.8596801757812
614.3352661132812
524.8692626953125
591.80810546875
593.8670654296875
422.59332275390625
576.9886474609375
572.4248046875
544.2882080078125
631.5921630859375
384.67669677734375
627.2815551757812
683.12646484375
564.84423828125
713.1776123046875
475.48382568359375
543.352294921875
539.7938232421875
592.9049072265625
526.263427734375
479.8144836425781
723.7957763671875
550.880126953125
631.7252807617188
613.0369873046875
681.587890625
512.8871459960938
663.4105224609375
538.5165405273438
464.46942138671875
707.5447998046875
478.549072265625
576.2169189453125
630.9349975585938
631.86962890625
653.4652099609375
506.2961730957031
665.7928466796875
549.298828125
624.4759521484375
507.75164794921875
520.3026123046875
685.693359375
659.1575927734375
707.4949951171875
574.957275390625
565.7547607421875
547.5230102539062
476.53485107421875
551.4431762695312
492.56134033203125
625.7438354492188
684.6742553710938
683.9567260742188
526.0944213867188
615.588623046875
566.935546875
526.106201171875
593.7098388671875
450.1292419433594
577.0408325195312
423.7514953613281
447.00335693359375
659.660888671875
599.92333984375
539.935302734375
457.19024658203125
502.1304016113281
670.8107299804688
560.0859985351562
1359.6673583984375
840.3412475585938
969.7867431640625
1188.31591796875
1004.9483642578125
1250.7919921875
1008.095947265625
1311.2071533203125
1270.664794921875
1065.30322265625
1241.9366455078125
1358.2056884765625
1493.284912109375
963.014892578125
1360.555908203125
1046.60546875
995.1693115234375
1499.16064453125
1338.2265625
830.3429565429688
1549.9493408203125
1323.28955078125
1361.423828125
892.4002685546875
1055.124755859375
1032.997314453125
1211.99951171875
1343.211669921875
1281.704833984375
1182.6202392578125
893.2525634765625
954.6197509765625
1144.3548583984375
1292.8392333984375
1025.345703125
926.6536865234375
1189.9473876953125
1225.493408203125
1228.4661865234375
1391.208984375
1020.948974609375
1097.661376953125
1285.9080810546875
1057.4549560546875
908.44921875
1242.422119140625
1114.408935546875
1182.0498046875
1015.8377685546875
1235.659423828125
996.1114501953125
919.2681274414062
1107.49755859375
1034.872802734375
1029.355224609375
1385.273681640625
836.9185791015625
1298.5992431640625
1438.4208984375
1382.2255859375
1001.416259765625
978.395751953125
1099.38818359375
1041.541015625
1395.375732421875
1160.57177734375
1210.203369140625
949.238037109375
1053.382568359375
1323.35986328125
883.9002075195312
1344.3070068359375
1294.9580078125
1051.2496337890625
898.516357421875
957.0658569335938
1139.1025390625
979.5975341796875
1056.8065185546875
1416.931884765625
1024.525634765625
792.827880859375
1253.0703125
980.8536376953125
1153.3564453125
1329.76904296875
1282.88330078125
1024.0509033203125
1032.99951171875
1394.642822265625
1146.91650390625
1151.647705078125
838.3042602539062
815.1407470703125
1135.515380859375
1072.47705078125
1242.7861328125
1075.052978515625
994.4693603515625
1549.4720458984375
721.8684692382812
668.0553588867188
569.5216064453125
465.52984619140625
696.0692138671875
683.7969360351562
567.4381713867188
591.2734985351562
627.473876953125
518.0440673828125
638.1187744140625
443.54925537109375
610.57373046875
464.323974609375
600.5086059570312
750.3577880859375
597.1251831054688
587.6754760742188
529.512451171875
452.2020263671875
639.66796875
481.29571533203125
629.0111694335938
346.86236572265625
557.0377197265625
694.246337890625
715.5558471679688
573.0121459960938
298.36981201171875
528.2034301757812
583.6207275390625
471.0228271484375
572.57470703125
609.4050903320312
745.39208984375
603.7364501953125
618.1139526367188
599.84375
625.6461181640625
561.9990844726562
664.57763671875
604.91015625
656.1284790039062
567.92724609375
480.288330078125
564.629150390625
461.9727478027344
501.53790283203125
564.859375
624.1863403320312
508.8605651855469
673.4141845703125
396.34490966796875
537.087890625
550.0496215820312
580.0718994140625
637.1435546875
719.5943603515625
657.7891235351562
510.6561279296875
595.6458740234375
783.2763061523438
529.9637451171875
638.459716796875
567.676513671875
620.69091796875
555.4287719726562
539.5068969726562
608.8846435546875
569.7109375
522.38671875
636.9813842773438
386.6625671386719
518.5404663085938
531.5369873046875
646.6588134765625
670.4495239257812
589.519287109375
583.1865234375
472.04449462890625
561.1054077148438
567.759033203125
640.7635498046875
594.835693359375
569.327392578125
572.46728515625
733.0790405273438
524.4822387695312
459.7181396484375
513.9888916015625
717.8272705078125
649.3153076171875
797.7098388671875
532.5697021484375
486.18798828125
662.4388427734375
530.8955078125
538.2658081054688
651.7562255859375
621.080322265625
1040.06884765625
1265.156494140625
1401.790283203125
1315.143310546875
1212.637939453125
1202.5223388671875
1155.257568359375
876.1416015625
1119.615478515625
1139.5501708984375
1089.6668701171875
903.8696899414062
1180.49658203125
1396.303466796875
1438.5966796875
896.263671875
1546.96826171875
1269.85400390625
1055.7735595703125
874.312744140625
1286.2374267578125
856.1063232421875
1422.269775390625
788.544921875
1496.07958984375
1113.6033935546875
1365.77880859375
1255.0830078125
798.7332763671875
1341.8338623046875
1386.639404296875
1085.0587158203125
1034.320556640625
855.3836059570312
1191.0113525390625
1361.322021484375
1194.3209228515625
841.5634765625
1163.0032958984375
1299.456298828125
1446.5853271484375
1007.0448608398438
1311.192626953125
1154.925048828125
1135.379638671875
1081.84228515625
1181.02783203125
851.9366455078125
1230.9521484375
1027.08984375
538.4769287109375
635.99755859375
627.0180053710938
523.4420776367188
494.130126953125
585.76904296875
673.7119140625
522.4139404296875
431.548095703125
618.0550537109375
595.69775390625
528.2147827148438
429.6086120605469
651.5409545898438
575.59814453125
537.76025390625
547.73046875
606.822509765625
626.31494140625
626.8662109375
606.2093505859375
513.2666625976562
534.2423095703125
539.2247314453125
637.9627075195312
504.1906433105469
418.0611572265625
428.7008972167969
461.22283935546875
562.5255126953125
520.2979125976562
521.054443359375
551.1829223632812
487.608154296875
599.1936645507812
443.88787841796875
624.1491088867188
529.1923217773438
607.5384521484375
536.86083984375
613.4309692382812
445.7811584472656
619.9796142578125
532.0635986328125
459.88671875
408.9034423828125
622.0671997070312
474.726806640625
409.52392578125
379.60589599609375
565.6805419921875
577.56298828125
454.9375915527344
484.0385437011719
569.6357421875
623.573974609375
444.6424560546875
522.2027587890625
448.97222900390625
615.8165283203125
745.85791015625
505.5838928222656
544.2423095703125
550.73046875
481.63787841796875
559.0834350585938
534.172607421875
539.130615234375
567.1770629882812
563.2295532226562
653.7021484375
550.8411865234375
508.4281921386719
482.7027893066406
714.5531005859375
645.03515625
522.7516479492188
658.4854736328125
453.10540771484375
589.6652221679688
358.27490234375
543.60107421875
457.9848327636719
492.4961853027344
705.7529296875
468.3638916015625
495.78485107421875
527.535888671875
616.8280029296875
729.8345947265625
700.9066162109375
454.91705322265625
668.20263671875
524.7642211914062
637.169921875
545.4658203125
627.0469970703125
549.572509765625
563.787109375
600.400634765625
387.20623779296875
428.36041259765625
404.39385986328125
603.1220703125
664.82666015625
513.0556030273438
486.9930114746094
567.3392333984375
556.9452514648438
578.0811767578125
570.2864990234375
471.12933349609375
372.6946105957031
502.7200622558594
481.36395263671875
577.8751220703125
586.4150390625
407.68084716796875
574.732421875
406.06744384765625
452.5461120605469
628.5006103515625
458.14154052734375
557.375244140625
517.7662353515625
598.9234619140625
523.2938232421875
543.3342895507812
489.7422180175781
692.1343383789062
551.6033935546875
526.108642578125
446.2847900390625
748.3818359375
545.6990966796875
458.582275390625
658.3931274414062
523.6799926757812
541.4517211914062
580.817138671875
551.9810791015625
430.8595275878906
546.1815185546875
381.58209228515625
548.168212890625
449.7141418457031
698.5730590820312
602.6618041992188
441.6507568359375
501.8153076171875
458.66314697265625
692.7122802734375
537.6363525390625
731.5126953125
654.4583740234375
379.9425048828125
540.2347412109375
537.401611328125
732.1370849609375
606.2819213867188
476.29412841796875
544.49267578125
606.019775390625
555.166015625
697.8124389648438
727.188720703125
656.9775390625
700.107666015625
563.9122924804688
618.7674560546875
552.33837890625
518.3924560546875
443.0502014160156
596.928955078125
678.573974609375
643.6083984375
598.6505126953125
561.82568359375
415.8658447265625
588.6580200195312
551.8125
683.7177124023438
616.223388671875
596.995849609375
647.7076416015625
589.5533447265625
436.9538269042969
577.8726196289062
398.29364013671875
671.2526245117188
718.8950805664062
714.8634643554688
535.1323852539062
700.0233764648438
604.1431884765625
433.0718078613281
561.2559814453125
716.7376098632812
595.4393310546875
621.6093139648438
1084.32080078125
834.3439331054688
963.3846435546875
1078.801513671875
1016.4473876953125
941.9035034179688
888.4829711914062
1341.527587890625
1457.553466796875
1247.525634765625
1406.98193359375
1242.3397216796875
1154.4761962890625
980.7813720703125
1113.463134765625
1153.002685546875
967.5286865234375
1183.056640625
1012.904052734375
1317.1678466796875
1094.117431640625
1048.044921875
925.07958984375
1134.68701171875
1052.140380859375
783.9619140625
1267.231201171875
986.153564453125
1299.578125
1379.037353515625
1505.2841796875
986.4637451171875
1344.4984130859375
934.9544677734375
1045.603271484375
1068.34033203125
1017.774658203125
1284.6337890625
944.5089111328125
1295.875244140625
957.1199951171875
1204.3697509765625
1035.50390625
1113.091552734375
1228.5501708984375
1100.9111328125
1149.32958984375
1255.6390380859375
1191.119140625
940.425048828125
699.263916015625
613.9235229492188
480.99615478515625
551.9984741210938
525.068603515625
723.3035278320312
439.74334716796875
511.5899658203125
669.1614990234375
624.5606079101562
405.7348327636719
503.8085632324219
430.81903076171875
616.6010131835938
471.6957092285156
628.1783447265625
659.9310302734375
562.6744384765625
690.0352783203125
469.05224609375
549.9368286132812
602.44482421875
532.6923828125
568.4063720703125
683.17724609375
508.3406982421875
452.66766357421875
568.5482177734375
534.7687377929688
426.6750793457031
567.969482421875
561.8021850585938
364.9250183105469
537.5328369140625
638.629638671875
570.8439331054688
605.2289428710938
440.54620361328125
617.6314697265625
568.9136962890625
585.4735717773438
520.7080078125
697.6275024414062
367.3219299316406
580.4112548828125
548.0612182617188
523.709228515625
518.9309692382812
398.50347900390625
588.5939331054688
448.81158447265625
556.4720458984375
542.3185424804688
518.86865234375
556.684326171875
434.69549560546875
478.90313720703125
592.9761352539062
565.8290405273438
563.3928833007812
627.4421997070312
564.289306640625
489.09747314453125
593.4337158203125
625.643310546875
706.7335815429688
719.4366455078125
681.1139526367188
633.1876220703125
778.6815185546875
702.1423950195312
644.214111328125
587.53466796875
519.0119018554688
620.4012451171875
549.60400390625
591.9308471679688
541.9080200195312
646.321044921875
568.4735717773438
565.8885498046875
621.5220947265625
440.9775695800781
605.488525390625
582.5994873046875
426.059326171875
553.6240234375
572.9002685546875
605.1157836914062
569.9315185546875
605.326904296875
410.1480407714844
536.37158203125
637.2357177734375
542.6234130859375
537.70263671875
724.665771484375
614.1651000976562
430.7939147949219
640.81689453125
619.2615966796875
840.7061767578125
637.6146850585938
542.3232421875
518.2991943359375
541.3840942382812
596.267333984375
699.8609008789062
392.19317626953125
728.9656982421875
830.4693603515625
597.4011840820312
525.4300537109375
530.2088623046875
712.2442626953125
564.8017578125
472.2921142578125
554.0546264648438
512.03271484375
378.67279052734375
560.6064453125
660.3087158203125
596.1309814453125
729.88134765625
656.461669921875
433.04254150390625
688.0675048828125
369.959228515625
468.22637939453125
549.6064453125
508.33056640625
579.2693481445312
627.3204345703125
461.0551452636719
571.37109375
574.4492797851562
509.72430419921875
785.37060546875
447.4285888671875
557.712646484375
354.71905517578125
574.1435546875
600.5853271484375
598.3924560546875
533.7772827148438
597.099853515625
490.42041015625
385.2115478515625
480.68438720703125
487.1600646972656
1000.4630737304688
1037.9898681640625
876.4930419921875
1494.613525390625
1161.0958251953125
643.81591796875
1051.631591796875
966.3665771484375
1074.190185546875
866.337158203125
955.6470336914062
893.7254028320312
1174.10400390625
1229.1754150390625
673.9666748046875
1083.0390625
919.4683837890625
1000.873779296875
1588.6246337890625
1196.8624267578125
1020.2601928710938
1018.3759765625
1101.1407470703125
948.827880859375
763.324462890625
1202.028564453125
790.9783325195312
1002.2259521484375
1158.21533203125
1060.234130859375
1638.152099609375
1127.2919921875
963.11328125
1519.986083984375
1249.76416015625
1221.665283203125
1270.352294921875
1169.8568115234375
1124.5478515625
876.4166259765625
878.8717041015625
1304.796142578125
1033.0997314453125
851.995361328125
1099.9107666015625
1297.5142822265625
1141.8115234375
675.759033203125
1076.9268798828125
866.391357421875
703.4976806640625
570.337646484375
567.7310180664062
452.9306335449219
584.4671630859375
585.607421875
526.84326171875
480.74676513671875
523.701171875
644.243408203125
672.8826904296875
565.9055786132812
630.3701171875
664.6484985351562
483.4207763671875
612.1327514648438
455.01007080078125
446.6395568847656
562.84423828125
582.1716918945312
700.8553466796875
544.8789672851562
421.460205078125
480.98577880859375
618.2913818359375
471.59478759765625
599.6166381835938
603.8958129882812
294.8282470703125
621.50390625
468.77569580078125
430.53936767578125
457.22320556640625
569.4799194335938
523.2476806640625
533.549560546875
683.45703125
671.825439453125
557.3367309570312
410.8749694824219
474.0733642578125
302.24725341796875
641.4805908203125
402.1271057128906
525.8489990234375
534.1954345703125
597.4697875976562
436.3128662109375
603.7154541015625
698.2940673828125
596.9766845703125
445.5693359375
583.1268310546875
627.6597290039062
643.7243041992188
493.8779602050781
634.5730590820312
643.3306884765625
731.3363037109375
614.7979736328125
613.6297607421875
539.6531982421875
500.7873229980469
714.8390502929688
558.4226684570312
542.6060180664062
640.5888061523438
654.621826171875
357.5430908203125
558.2628784179688
456.41265869140625
646.2841796875
592.7584228515625
631.02490234375
684.731201171875
536.6776733398438
549.9305419921875
559.6237182617188
551.0660400390625
518.7754516601562
557.6189575195312
499.29132080078125
557.1326904296875
649.916015625
487.4800720214844
531.9515380859375
639.0795288085938
514.5267333984375
496.7237548828125
499.10137939453125
601.073486328125
690.567626953125
433.9466857910156
643.1839599609375
484.884033203125
572.3827514648438
642.1019897460938
603.44482421875
631.85107421875
652.9949951171875
430.79296875
611.1415405273438
555.8355712890625
607.1884765625
499.107666015625
678.5440673828125
575.449951171875
467.25567626953125
680.59228515625
506.5762939453125
627.708251953125
678.82470703125
643.9677124023438
569.7670288085938
573.475830078125
476.41387939453125
426.70367431640625
558.1588134765625
710.1163940429688
654.5787353515625
545.909912109375
536.640380859375
444.2106018066406
480.460205078125
474.7406311035156
476.403076171875
400.87158203125
655.0579833984375
632.35986328125
611.4119873046875
441.45947265625
832.0313720703125
657.8045654296875
577.644775390625
603.1045532226562
536.43798828125
631.8859252929688
519.0999755859375
740.3714599609375
447.69439697265625
474.89794921875
700.5601806640625
538.8458251953125
519.108154296875
365.513916015625
449.2304382324219
711.9876708984375
592.3759765625
737.109130859375
487.9730224609375
521.117431640625
618.1612548828125
485.7929992675781
547.4630126953125
660.0745849609375
410.39532470703125
680.4041748046875
743.1424560546875
589.0003051757812
376.20233154296875
633.5765380859375
558.6795654296875
624.5861206054688
529.545654296875
743.4598999023438
566.5765380859375
627.4887084960938
359.1229248046875
652.0531005859375
494.5215148925781
617.4400634765625
381.215576171875
633.48486328125
443.3182373046875
677.9246826171875
593.2100219726562
656.1951904296875
370.2480773925781
575.0497436523438
609.6595458984375
594.1265869140625
396.5512390136719
661.3945922851562
696.2329711914062
613.2908935546875
566.3755493164062
580.3362426757812
556.591064453125
549.593017578125
531.50927734375
571.8833618164062
443.79071044921875
401.07781982421875
603.6510620117188
516.9163208007812
562.437744140625
631.862548828125
603.1898803710938
690.0399780273438
606.8069458007812
662.439208984375
643.4046630859375
619.4595947265625
394.427978515625
557.3018188476562
587.96826171875
559.8709106445312
424.07373046875
724.9466552734375
606.866455078125
495.36572265625
565.259033203125
610.5986328125
528.532470703125
635.9300537109375
484.1993408203125
664.3550415039062
521.8809814453125
389.9688720703125
511.7392272949219
630.3355712890625
669.054443359375
514.6697998046875
583.862548828125
624.8247680664062
561.9229125976562
506.8624572753906
568.9215087890625
682.5792236328125
381.7542724609375
409.1116027832031
568.6119995117188
542.4130859375
643.6552734375
705.415771484375
625.6385498046875
534.9981079101562
595.72216796875
555.7573852539062
518.5303955078125
712.6956787109375
669.1199951171875
466.89788818359375
661.102783203125
658.6260986328125
552.010498046875
608.0698852539062
568.31787109375
672.3575439453125
362.8255615234375
513.0089111328125
576.8763427734375
590.8295288085938
550.0555419921875
573.1333618164062
560.4429931640625
577.0470581054688
402.15325927734375
531.7286376953125
542.148193359375
465.7364196777344
555.2963256835938
613.0324096679688
574.953369140625
452.50628662109375
654.6051025390625
644.5526733398438
580.0508422851562
644.5299072265625
621.4736328125
513.9841918945312
487.52197265625
475.5399169921875
675.82177734375
622.974365234375
517.1259765625
639.7699584960938
372.0701904296875
463.6535339355469
641.1992797851562
554.6386108398438
569.6019287109375
584.9652099609375
425.72686767578125
527.3868408203125
548.32568359375
460.5057067871094
557.2927856445312
551.2393798828125
598.6885986328125
554.1458129882812
559.2428588867188
485.71624755859375
691.4637451171875
531.4823608398438
653.6863403320312
711.9896850585938
651.3388671875
535.75927734375
519.955078125
620.716796875
615.060302734375
485.2265625
538.0254516601562
504.65911865234375
608.3720703125
558.531005859375
545.6427612304688
511.72137451171875
331.76190185546875
380.40093994140625
567.8822021484375
517.8515014648438
684.6724243164062
570.1262817382812
517.0963745117188
535.702880859375
321.88800048828125
663.0902099609375
479.9131164550781
707.1209716796875
597.077392578125
601.4986572265625
627.3787841796875
637.5429077148438
633.0043334960938
711.7005615234375
476.5213928222656
437.1708984375
489.84857177734375
532.2034912109375
568.2923583984375
566.4443969726562
679.5091552734375
612.6812133789062
670.2036743164062
658.9854125976562
481.93017578125
586.7157592773438
641.1163330078125
599.3336791992188
676.7716064453125
436.55712890625
623.125
503.6421813964844
513.257568359375
669.55859375
521.9447021484375
648.4229736328125
589.6216430664062
579.8787841796875
595.30126953125
633.1871948242188
612.0361938476562
434.0577392578125
488.03131103515625
437.375
393.729736328125
628.4832763671875
489.2420654296875
494.5418701171875
521.5911865234375
475.41278076171875
540.822998046875
567.74853515625
477.982421875
537.3959350585938
613.4602661132812
511.2532958984375
498.54986572265625
598.9855346679688
464.4414978027344
476.1383361816406
596.2745361328125
760.6828002929688
625.2659912109375
734.4572143554688
643.7911376953125
423.1522521972656
333.27056884765625
459.5403137207031
556.04638671875
571.9540405273438
542.0904541015625
606.323974609375
687.6805419921875
642.3851928710938
609.927490234375
565.5515747070312
599.3668212890625
305.6732177734375
635.0369262695312
482.2779846191406
438.2301025390625
558.2259521484375
517.1716918945312
601.1302490234375
493.53790283203125
424.46820068359375
588.1321411132812
517.1493530273438
541.5497436523438
315.82940673828125
612.2623901367188
553.8154296875
540.118408203125
675.0997924804688
499.1125793457031
532.35302734375
567.760498046875
525.92578125
601.0076904296875
707.9298095703125
473.9560546875
681.55126953125
574.365478515625
602.0587158203125
472.39971923828125
590.7632446289062
650.36083984375
737.537353515625
626.8944091796875
599.4501953125
444.22857666015625
523.9066162109375
627.7236938476562
598.6907958984375
508.29559326171875
674.80029296875
534.07373046875
521.510498046875
593.4060668945312
551.7896728515625
588.42578125
677.8861694335938
604.7525634765625
656.6201171875
566.5151977539062
726.3323974609375
618.5911254882812
461.93267822265625
589.554443359375
584.9842529296875
501.7411193847656
641.4904174804688
582.2162475585938
388.98480224609375
695.1361694335938
612.91845703125
529.9444580078125
614.081298828125
391.0105285644531
566.10595703125
580.2965087890625
598.02001953125
678.0919799804688
618.4520263671875
671.53662109375
749.4239501953125
513.623046875
422.70880126953125
484.74493408203125
611.1312255859375
564.3115234375
484.120361328125
560.3140258789062
479.9710693359375
430.06964111328125
546.2259521484375
519.822021484375
639.5438232421875
642.16796875
487.0715026855469
413.52093505859375
553.534423828125
544.33837890625
613.9622802734375
542.2459716796875
579.2250366210938
601.71923828125
526.8561401367188
310.91058349609375
603.3012084960938
519.0855712890625
642.8067626953125
566.4793701171875
656.4171752929688
551.8497924804688
547.3723754882812
524.9755859375
619.5679931640625
445.97113037109375
672.8953857421875
410.5123291015625
601.44775390625
483.42401123046875
687.1953735351562
581.6720581054688
456.22222900390625
596.1407470703125
595.071533203125
570.8045654296875
496.62310791015625
530.7677001953125
777.8421630859375
702.8084106445312
657.8162841796875
579.4135131835938
555.3374633789062
565.1810302734375
412.7655944824219
554.1168212890625
560.7938842773438
523.650390625
641.3031005859375
520.0390625
642.8656005859375
563.8895263671875
615.2060546875
541.7368774414062
503.4078674316406
630.7294921875
549.5528564453125
509.72235107421875
688.343017578125
636.381591796875
627.0796508789062
454.1025390625
701.1332397460938
460.9954528808594
507.9678649902344
544.5941162109375
654.4937744140625
485.07672119140625
498.3815612792969
509.4016418457031
591.3533935546875
637.1486206054688
545.8621826171875
568.4682006835938
586.5687255859375
681.2215576171875
518.6769409179688
478.80035400390625
671.2030029296875
784.2993774414062
556.1051025390625
498.43701171875
672.5642700195312
526.8302001953125
553.7030029296875
545.389404296875
571.401611328125
427.9861145019531
650.8236694335938
619.2227172851562
609.8117065429688
695.4715576171875
489.12005615234375
521.628173828125
536.5796508789062
515.0502319335938
524.3103637695312
571.9170532226562
435.19122314453125
619.1197509765625
612.277587890625
469.7738037109375
653.3819580078125
480.5001220703125
449.8116455078125
427.2015380859375
541.7408447265625
606.2639770507812
462.6693115234375
544.5179443359375
493.8352966308594
721.7858276367188
696.845947265625
564.955322265625
696.4334716796875
580.0322265625
443.38763427734375
549.354248046875
555.7366943359375
536.1988525390625
637.907470703125
627.386474609375
530.616943359375
573.6431884765625
656.236328125
613.8056640625
510.63140869140625
624.8848876953125
614.921142578125
479.1894226074219
648.021728515625
534.8679809570312
537.517822265625
571.4359130859375
1219.65283203125
1542.7669677734375
941.5252685546875
1416.42236328125
1094.77880859375
1307.753173828125
769.82080078125
1309.1357421875
1303.7242431640625
1259.02099609375
1229.81298828125
1255.8489990234375
1041.3563232421875
964.6295166015625
1226.613037109375
1193.0013427734375
1155.7255859375
894.014404296875
1188.4703369140625
1072.4130859375
1116.6468505859375
1266.96630859375
891.4263305664062
951.2208251953125
1251.8994140625
995.8441162109375
1170.123046875
965.066162109375
1145.7186279296875
872.2949829101562
990.6705322265625
1233.758056640625
1260.09375
1274.2392578125
1084.1939697265625
1279.455810546875
1509.390380859375
988.1836547851562
883.3983154296875
1228.92724609375
1211.4503173828125
1206.5947265625
995.00048828125
998.9678344726562
1184.7215576171875
1275.295166015625
1255.5830078125
872.2503662109375
1220.65478515625
1539.60595703125
530.0953979492188
591.1302490234375
609.7748413085938
679.7841796875
592.81494140625
615.6295166015625
394.34759521484375
383.3475036621094
609.096435546875
673.482177734375
399.86968994140625
731.765625
730.212646484375
600.684326171875
664.3265991210938
534.81689453125
598.9539794921875
618.7011108398438
496.9754943847656
413.5787353515625
618.592041015625
615.372314453125
480.9056701660156
666.1025390625
579.5145263671875
522.3594970703125
545.7243041992188
463.9279479980469
470.33575439453125
557.6737060546875
514.5217895507812
707.7904663085938
562.9049072265625
575.5546875
609.1078491210938
430.441162109375
582.7584228515625
558.6063232421875
531.8917236328125
454.68035888671875
533.7301025390625
459.662353515625
479.3545837402344
500.7568359375
549.8529052734375
568.8474731445312
511.6650390625
442.99566650390625
586.317626953125
577.8268432617188
525.214111328125
673.0091552734375
418.78900146484375
538.8186645507812
433.9104919433594
594.6385498046875
659.9674072265625
595.4775390625
472.117431640625
521.3478393554688
543.3466796875
489.6332092285156
546.118408203125
616.8126220703125
477.7119140625
673.0814208984375
487.8125
494.82073974609375
736.8917236328125
408.80181884765625
521.9335327148438
712.614013671875
540.1727905273438
558.9693603515625
640.3929443359375
526.3954467773438
388.6544189453125
437.38604736328125
561.745361328125
672.951416015625
638.6985473632812
578.9326171875
437.79559326171875
520.0582885742188
627.3816528320312
637.1015625
428.06982421875
619.837890625
501.27410888671875
407.6072082519531
600.85693359375
444.4096374511719
608.6669311523438
550.02001953125
491.7683410644531
607.3067626953125
464.116943359375
547.1526489257812
566.4150390625
503.1767578125
482.8074035644531
549.1436767578125
502.2598571777344
560.577880859375
462.50299072265625
614.5744018554688
455.30413818359375
629.0501708984375
714.6055297851562
561.3634033203125
520.716552734375
667.4200439453125
633.3507080078125
639.1178588867188
557.0455322265625
480.2486572265625
666.3115234375
600.7913818359375
610.1243896484375
696.5325927734375
448.2393798828125
490.42742919921875
714.3936767578125
558.2593383789062
518.90869140625
511.66424560546875
568.549072265625
450.6831970214844
629.5992431640625
440.63836669921875
499.3594970703125
552.4835205078125
611.1631469726562
634.2310180664062
352.85784912109375
609.9880981445312
449.90277099609375
565.2813110351562
607.5345458984375
497.021484375
663.5007934570312
604.8214111328125
566.238037109375
464.62744140625
442.886962890625
477.9261169433594
579.8970947265625
626.3804931640625
430.63232421875
691.0074462890625
592.6488037109375
574.92626953125
570.1062622070312
531.7264404296875
620.7620849609375
674.177978515625
695.924072265625
516.6517333984375
403.75244140625
682.8175048828125
502.9876708984375
496.1437072753906
527.5055541992188
352.3683166503906
560.4031982421875
403.1675109863281
420.0022888183594
561.9884033203125
491.3092041015625
559.2529296875
488.23345947265625
463.23779296875
520.8633422851562
459.703369140625
435.2581787109375
535.9235229492188
553.394775390625
648.65234375
675.2547607421875
474.80792236328125
604.4844970703125
538.6583862304688
486.3866271972656
612.17822265625
688.7078247070312
596.142333984375
550.1412963867188
480.74298095703125
575.330322265625
812.72900390625
511.5379943847656
568.2607421875
514.3135986328125
514.9746704101562
662.617919921875
705.6430053710938
623.4122924804688
517.170654296875
648.5287475585938
572.802490234375
1134.3778076171875
991.36669921875
1133.898193359375
1541.351806640625
1296.6414794921875
1159.426025390625
1234.873779296875
1113.29833984375
1019.6904296875
1155.888671875
949.5048828125
1260.418701171875
1200.8681640625
1063.104736328125
1008.2456665039062
1114.411376953125
775.02490234375
993.5953369140625
1057.364013671875
772.14111328125
1111.8316650390625
1112.298095703125
1240.340576171875
1048.8245849609375
1147.145751953125
1106.304931640625
1359.9776611328125
1335.592041015625
1209.890380859375
1306.05712890625
1099.27783203125
1448.214111328125
997.7236328125
1194.8671875
963.2998046875
1410.917236328125
1138.454345703125
691.3524169921875
1055.54833984375
1424.64794921875
1374.6602783203125
1102.76904296875
1126.0284423828125
1122.948486328125
1353.0478515625
1077.7568359375
839.6292114257812
990.4979248046875
1151.957763671875
1347.42626953125
1043.779541015625
1371.2523193359375
1017.98291015625
1149.5086669921875
1166.72509765625
1040.158935546875
986.2376708984375
1177.8868408203125
1047.205810546875
1418.2501220703125
958.0181274414062
975.9202880859375
954.1271362304688
1300.8739013671875
1035.101806640625
871.8914794921875
1099.906005859375
1109.0540771484375
981.216064453125
1334.7623291015625
693.07177734375
1277.158447265625
1328.02392578125
952.6961669921875
832.7060546875
998.4173583984375
1493.283935546875
1196.697509765625
987.4144287109375
1500.65673828125
1103.9267578125
1396.456298828125
1283.7088623046875
1266.395263671875
1289.318359375
1198.9130859375
1251.269775390625
1161.286865234375
1040.38232421875
1081.94873046875
1166.633056640625
1349.328857421875
1050.693359375
1053.716796875
1173.233154296875
1091.39111328125
1446.14111328125
932.9417724609375
1430.7264404296875
1355.17578125
1100.8216552734375
1267.5638427734375
1034.96923828125
985.7275390625
1550.258544921875
1289.00830078125
993.6482543945312
1121.7103271484375
1243.77783203125
1156.270263671875
1449.027587890625
979.3709716796875
864.4996337890625
933.9099731445312
1099.75341796875
1458.5928955078125
1046.29638671875
1205.732666015625
752.3291625976562
1182.98583984375
1394.67822265625
997.3278198242188
1286.2578125
1106.255859375
1152.120361328125
1435.767578125
610.72314453125
1139.443359375
1194.6943359375
1164.1060791015625
919.8575439453125
1227.2421875
803.7806396484375
1326.6602783203125
1028.2509765625
1406.0091552734375
1349.302001953125
1129.26171875
1150.34228515625
1026.8408203125
1294.5313720703125
1044.142333984375
1366.2637939453125
1295.59130859375
1102.4766845703125
1197.733154296875
998.044189453125
1017.4059448242188
1288.54345703125
1083.3616943359375
545.4541015625
496.234130859375
578.9207153320312
695.485107421875
479.72442626953125
577.298095703125
632.0782470703125
497.1846923828125
642.8367919921875
518.3739624023438
483.18359375
528.095947265625
550.314208984375
569.6095581054688
649.7342529296875
478.6256103515625
556.5364990234375
658.5639038085938
449.88873291015625
491.4772644042969
623.1091918945312
403.51885986328125
689.1954956054688
508.8574523925781
671.4442749023438
677.0999755859375
756.32958984375
505.031005859375
560.62353515625
785.6846313476562
651.3956298828125
724.8067016601562
421.27117919921875
592.2070922851562
427.9841003417969
535.74365234375
517.7835083007812
372.5145568847656
428.56854248046875
650.2893676757812
514.397216796875
574.1395263671875
588.0383911132812
463.5096130371094
514.8628540039062
527.80517578125
508.2767333984375
392.28240966796875
512.8804321289062
496.761474609375
