141.0
119.0
151.0
131.0
186.0
168.0
109.0
107.0
161.0
131.0
145.0
152.0
135.0
160.0
171.0
176.0
135.0
156.0
125.0
130.0
143.0
113.0
148.0
155.0
156.0
142.0
133.0
176.0
113.0
113.0
151.0
143.0
133.0
171.0
109.0
143.0
137.0
130.0
145.0
143.0
117.0
152.0
158.0
140.0
125.0
155.0
140.0
132.0
139.0
161.0
144.0
129.0
140.0
154.0
146.0
165.0
146.0
174.0
155.0
103.0
108.0
143.0
126.0
109.0
156.0
157.0
147.0
152.0
124.0
188.0
150.0
116.0
145.0
137.0
137.0
150.0
119.0
179.0
122.0
163.0
143.0
131.0
169.0
135.0
169.0
155.0
119.0
143.0
139.0
130.0
152.0
143.0
154.0
134.0
138.0
115.0
152.0
159.0
180.0
102.0
