594.4799194335938
605.8812866210938
629.198974609375
619.0720825195312
676.9346313476562
579.17724609375
503.3302001953125
537.18505859375
644.3927001953125
624.4375610351562
477.67401123046875
473.45611572265625
609.5352783203125
569.1903076171875
422.50128173828125
742.780029296875
538.5413818359375
431.447509765625
482.57635498046875
529.4033203125
568.3580322265625
499.61907958984375
591.754150390625
565.8099975585938
590.0013427734375
691.84619140625
615.423828125
546.4952392578125
675.5342407226562
513.1754150390625
612.906494140625
447.6051025390625
360.0673828125
682.5552368164062
555.201171875
505.5602722167969
453.754150390625
666.1842041015625
529.6624755859375
523.2218017578125
513.3502197265625
455.3753356933594
533.125
436.125244140625
432.5147705078125
680.759521484375
567.2012939453125
447.044921875
590.431884765625
478.5172119140625
528.5357055664062
548.8956298828125
426.8515930175781
573.025390625
487.62200927734375
349.09979248046875
587.685546875
620.1217041015625
569.6441650390625
591.130859375
572.4031372070312
504.3709716796875
664.368896484375
451.1737976074219
529.7843017578125
499.31689453125
583.0869140625
538.2662353515625
519.026611328125
410.7689514160156
588.3119506835938
488.55072021484375
450.38031005859375
648.2391967773438
623.20556640625
636.692626953125
776.9884643554688
581.69921875
482.50152587890625
496.5539855957031
529.5654296875
599.7938232421875
632.26416015625
712.5465087890625
451.45611572265625
615.195068359375
625.2835083007812
461.36444091796875
548.2603149414062
495.10955810546875
522.8377685546875
433.40631103515625
670.661376953125
534.161376953125
510.8018798828125
688.26904296875
577.0902709960938
485.9457702636719
579.6331787109375
493.68670654296875
493.90966796875
633.90869140625
515.40869140625
518.9878540039062
596.02783203125
486.3403625488281
362.0895080566406
563.5977783203125
511.6609191894531
614.8077392578125
398.87420654296875
551.7798461914062
666.8778686523438
543.7688598632812
385.30548095703125
609.8172607421875
421.1371154785156
531.8511962890625
547.4689331054688
407.6763916015625
656.794189453125
384.3238525390625
545.8619384765625
469.3302001953125
398.90081787109375
531.27490234375
542.07080078125
472.76336669921875
583.1886596679688
641.496826171875
458.18609619140625
513.8754272460938
446.49456787109375
508.87957763671875
578.3318481445312
425.10296630859375
548.2705688476562
461.42889404296875
451.15240478515625
644.33935546875
639.475830078125
622.184814453125
582.7816162109375
535.4923095703125
560.6978759765625
468.33831787109375
475.9522399902344
553.3958740234375
500.8642578125
554.7423095703125
528.5174560546875
531.033203125
516.945556640625
483.89141845703125
519.7978515625
465.7259521484375
710.6549072265625
467.1022644042969
456.2049560546875
594.2705688476562
447.52386474609375
451.2571105957031
615.4510498046875
606.4389038085938
625.692138671875
400.625244140625
601.80517578125
637.7185668945312
533.2538452148438
595.4119873046875
566.7252197265625
547.3104858398438
322.02984619140625
535.56396484375
630.4248046875
690.9412841796875
420.1539306640625
721.35107421875
457.22308349609375
619.7597045898438
679.2077026367188
692.4696655273438
585.4296875
613.980712890625
371.47613525390625
511.6778564453125
663.7402954101562
526.9989013671875
582.74169921875
520.6375732421875
471.6033630371094
513.2764892578125
700.96923828125
594.49462890625
560.3800659179688
473.5120849609375
556.33935546875
652.7484130859375
654.3363037109375
681.3599853515625
658.64794921875
453.8807067871094
600.3211669921875
536.0208129882812
623.4713134765625
607.8446655273438
553.6908569335938
554.90966796875
559.5910034179688
519.2516479492188
610.6258544921875
487.969970703125
461.2924499511719
443.764892578125
562.1702880859375
714.03857421875
500.67633056640625
483.4215087890625
544.1922607421875
621.8165893554688
452.24188232421875
713.7926635742188
479.5027770996094
445.1162109375
542.5758056640625
496.123291015625
473.41229248046875
561.4415283203125
482.17425537109375
513.5438232421875
456.19036865234375
631.1385498046875
519.9359130859375
558.873291015625
528.6737060546875
596.9755859375
606.8648681640625
457.77667236328125
448.7390441894531
664.9189453125
624.4644165039062
547.0860595703125
557.967529296875
502.976806640625
617.9591064453125
596.015625
499.0799560546875
546.0103759765625
487.873779296875
595.2229614257812
607.6285400390625
552.351318359375
425.26953125
609.111572265625
509.9832458496094
487.8162841796875
380.47900390625
507.8865661621094
338.05877685546875
584.3524780273438
578.4959716796875
344.53472900390625
490.61065673828125
564.70849609375
330.43780517578125
568.8028564453125
505.41961669921875
455.0935363769531
548.5239868164062
406.577392578125
555.1754150390625
673.5208740234375
393.643798828125
407.0123596191406
637.4971923828125
413.5504150390625
506.410888671875
532.6166381835938
633.7125854492188
657.6673583984375
564.368408203125
567.4799194335938
721.0311279296875
534.9634399414062
459.2297668457031
550.6836547851562
500.2541198730469
595.526611328125
512.45947265625
654.7108764648438
705.75732421875
461.1568603515625
485.14337158203125
521.1719970703125
475.66888427734375
656.9378662109375
414.2854919433594
714.2361450195312
512.070068359375
527.34716796875
509.03765869140625
677.6656494140625
598.7911987304688
355.701904296875
581.2220458984375
385.0563049316406
506.20391845703125
477.51141357421875
633.41943359375
573.6972045898438
413.2242126464844
586.539794921875
582.6856689453125
631.2373657226562
524.559814453125
626.5909423828125
407.70050048828125
595.4362182617188
502.7998046875
507.3076477050781
591.3970947265625
567.6934204101562
571.7019653320312
608.8855590820312
571.5239868164062
429.76470947265625
738.697509765625
566.1429443359375
630.1102294921875
594.1373291015625
555.11669921875
589.662353515625
628.1007080078125
544.9130859375
398.15130615234375
592.0985107421875
512.2880859375
668.6100463867188
465.9957580566406
555.412109375
564.3194580078125
548.2291259765625
620.497802734375
501.834716796875
414.1393737792969
393.1949768066406
519.39208984375
461.4359130859375
474.0614013671875
618.9012451171875
660.537109375
518.6932373046875
518.2579345703125
510.54608154296875
582.020263671875
490.22064208984375
491.2236328125
469.0180969238281
636.2774047851562
560.0869140625
444.726806640625
570.8572998046875
694.0895385742188
612.002685546875
590.7601318359375
511.1192626953125
506.708251953125
476.85333251953125
558.26123046875
525.4857177734375
453.2166442871094
643.6217651367188
424.9136962890625
605.301025390625
551.917724609375
503.7716064453125
509.78375244140625
484.569091796875
575.2061767578125
649.1150512695312
473.96380615234375
453.9177551269531
461.3163757324219
583.8553466796875
644.5184936523438
622.372802734375
446.955810546875
459.4293518066406
518.0640869140625
402.19598388671875
590.988037109375
649.5796508789062
473.784423828125
764.641845703125
809.4630737304688
482.9266662597656
576.4483032226562
496.7192077636719
653.5106811523438
738.8280029296875
497.567138671875
660.5579833984375
524.3416748046875
533.1214599609375
724.0213623046875
596.722900390625
419.5859680175781
584.0708618164062
429.4220886230469
433.08013916015625
621.3059692382812
446.8186340332031
532.2622680664062
559.7049560546875
569.569091796875
400.23095703125
419.98980712890625
481.125244140625
567.1001586914062
480.6905212402344
497.63507080078125
369.4864196777344
469.67510986328125
550.2056274414062
442.007080078125
674.783935546875
686.1729736328125
409.0504150390625
656.6996459960938
570.462158203125
419.2119140625
595.020751953125
665.17626953125
622.1373291015625
596.6192016601562
432.7694091796875
394.0787353515625
573.4916381835938
542.0758056640625
432.99383544921875
733.1981201171875
405.66619873046875
382.2677307128906
509.4866638183594
463.372314453125
486.6427001953125
528.1701049804688
439.2207946777344
511.0992736816406
631.554931640625
595.0277099609375
567.176513671875
567.1136474609375
398.33062744140625
774.726318359375
399.71258544921875
385.875
508.1701965332031
660.5068359375
587.69189453125
655.2576904296875
586.55126953125
619.377685546875
614.3927001953125
689.8489990234375
617.2452392578125
592.0133666992188
351.35858154296875
440.1845703125
683.4735107421875
701.7864379882812
548.2230834960938
426.867431640625
550.5188598632812
457.7689208984375
616.3929443359375
465.43951416015625
627.90869140625
574.3546752929688
489.8726806640625
518.1563720703125
513.1819458007812
553.439208984375
478.2488098144531
746.4161376953125
638.7952880859375
537.023681640625
533.3409423828125
566.3944702148438
429.13897705078125
580.51904296875
602.3074340820312
500.62530517578125
558.5609130859375
550.2674560546875
591.394287109375
583.107177734375
528.2809448242188
605.2840576171875
660.2789916992188
669.589599609375
629.0347290039062
494.73004150390625
467.71783447265625
477.5208435058594
611.1267700195312
611.0020751953125
566.1861572265625
379.5072021484375
580.88916015625
567.468994140625
498.014404296875
438.0301208496094
593.2915649414062
469.10284423828125
385.0620422363281
619.1376953125
624.0333251953125
369.07501220703125
468.3272705078125
524.6600952148438
587.941162109375
577.9036865234375
600.9888305664062
616.9871826171875
695.2618408203125
498.68414306640625
400.48675537109375
552.2896728515625
538.963134765625
488.555908203125
439.0455627441406
564.0401611328125
635.522216796875
659.8035888671875
444.7181396484375
436.5130615234375
512.4759521484375
361.861572265625
610.1808471679688
668.8163452148438
586.982177734375
791.193603515625
712.1375122070312
481.6771240234375
435.19757080078125
517.3031616210938
407.475830078125
572.810791015625
631.7836303710938
578.3466186523438
603.4688720703125
503.3662414550781
520.5814208984375
551.1942749023438
596.0037841796875
689.6370849609375
452.92596435546875
485.5146484375
521.315185546875
692.4170532226562
440.35015869140625
494.3961181640625
592.1636962890625
516.37060546875
463.3494873046875
475.53289794921875
578.5059814453125
585.1232299804688
464.62225341796875
492.4725341796875
491.7254638671875
614.5051879882812
564.94580078125
375.22808837890625
728.2039794921875
657.47607421875
440.55938720703125
702.019775390625
630.0618286132812
452.14874267578125
527.9619140625
582.3080444335938
548.2794189453125
632.417236328125
454.41552734375
416.697265625
494.68560791015625
494.5030822753906
460.29571533203125
414.4128723144531
604.6531372070312
453.0938720703125
516.1886596679688
461.7464294433594
476.16241455078125
686.1446533203125
591.2719116210938
397.95196533203125
527.3162231445312
564.0051879882812
546.7767333984375
506.33294677734375
575.55810546875
535.768798828125
383.74566650390625
584.546630859375
615.248046875
523.3558349609375
609.8482666015625
630.6898193359375
561.3427734375
490.7682189941406
437.66229248046875
640.7933349609375
531.0919189453125
600.3529663085938
526.78759765625
530.839111328125
566.0286865234375
408.447998046875
625.21875
604.2086181640625
509.7177734375
515.3643188476562
565.784912109375
542.717529296875
593.6884765625
513.3719482421875
484.4313049316406
592.6015014648438
461.7890930175781
395.8895263671875
505.0447998046875
520.4617309570312
544.761474609375
543.02099609375
568.3499755859375
565.356689453125
497.1794738769531
457.65814208984375
428.2584228515625
348.27471923828125
579.3402709960938
551.291015625
471.6512451171875
603.0177001953125
554.2546997070312
568.5917358398438
654.2835693359375
638.0194702148438
417.2149658203125
516.403076171875
487.79986572265625
677.6556396484375
534.9013671875
781.5054931640625
641.6296997070312
532.0732421875
714.954833984375
425.04608154296875
545.3958740234375
475.3159484863281
475.94757080078125
593.260986328125
525.5740966796875
439.9219665527344
512.9176025390625
542.1583251953125
440.77557373046875
448.71380615234375
485.7793884277344
744.908447265625
403.3133850097656
620.7625122070312
487.9176025390625
444.13916015625
497.8515625
597.5944213867188
500.5051574707031
329.4818115234375
499.96405029296875
477.8717041015625
501.1024169921875
437.43035888671875
470.2664794921875
525.8272705078125
468.2657470703125
389.07659912109375
556.587890625
680.1046142578125
465.9261474609375
550.300537109375
713.2349853515625
631.5140380859375
368.74725341796875
478.19677734375
630.6092529296875
626.126953125
527.6671142578125
648.2344970703125
530.009521484375
592.765869140625
482.70654296875
455.2419738769531
504.609130859375
426.869873046875
713.6390991210938
557.0144653320312
386.3057861328125
437.561767578125
579.2378540039062
685.9288330078125
604.6253051757812
672.3126220703125
482.16827392578125
579.319091796875
417.87750244140625
595.6746215820312
667.608642578125
463.398193359375
599.409423828125
366.00836181640625
609.7491455078125
602.6846923828125
590.1943359375
464.34722900390625
546.173095703125
606.329345703125
427.4415588378906
595.020263671875
639.174560546875
547.0439453125
609.1775512695312
697.4465942382812
558.6549072265625
539.1043701171875
672.8895263671875
531.2440185546875
504.07513427734375
454.7283935546875
652.0526123046875
607.287841796875
326.86285400390625
543.213623046875
824.4449462890625
556.5482177734375
552.969482421875
609.93115234375
575.6495361328125
511.2413330078125
562.0125732421875
465.4319763183594
641.4813842773438
743.8050537109375
579.1640625
630.2327880859375
571.7282104492188
521.3374633789062
504.0589599609375
516.9924926757812
632.0584716796875
560.1251220703125
557.2089233398438
617.629638671875
547.453125
775.565185546875
404.5483703613281
440.932861328125
647.3782958984375
686.4901733398438
591.08935546875
606.293701171875
621.8680419921875
365.37091064453125
455.5178527832031
462.18389892578125
538.48486328125
461.1741943359375
511.4173583984375
540.979736328125
684.365478515625
598.05615234375
564.7786865234375
569.6312255859375
606.6801147460938
579.1436767578125
411.2165222167969
522.094970703125
544.50830078125
538.905029296875
480.27740478515625
497.56591796875
722.0382690429688
601.22509765625
725.3922119140625
598.418212890625
551.9798583984375
513.922119140625
452.6456298828125
557.3549194335938
507.1408386230469
566.2650146484375
549.1370849609375
417.43182373046875
624.9254760742188
596.3468017578125
313.7509460449219
461.89886474609375
661.3548583984375
475.3212585449219
445.44781494140625
573.7855834960938
559.40625
419.0126037597656
551.6170654296875
475.18756103515625
429.87115478515625
675.98291015625
504.33013916015625
682.3292236328125
542.5396728515625
433.2505798339844
407.498779296875
467.23797607421875
564.74365234375
484.84161376953125
441.8385009765625
448.56011962890625
529.2720947265625
516.3340454101562
455.8815612792969
647.2420654296875
707.3333740234375
592.02783203125
548.285888671875
437.39910888671875
661.822265625
526.6361083984375
606.8660278320312
377.1765441894531
679.4848022460938
420.97418212890625
462.80316162109375
688.3131103515625
640.814697265625
445.6754455566406
606.5244750976562
509.99566650390625
457.4783020019531
620.42333984375
472.081787109375
406.48260498046875
593.9207763671875
698.5186157226562
562.0928955078125
438.7792663574219
499.2118835449219
469.6653137207031
456.3291015625
576.041259765625
592.3718872070312
650.501220703125
653.0843505859375
267.5404052734375
492.10711669921875
586.9473266601562
663.7078857421875
570.290283203125
706.1463623046875
597.567626953125
570.9300537109375
472.8301696777344
440.37860107421875
518.9801025390625
452.6421813964844
572.9080810546875
604.148681640625
710.92822265625
523.03857421875
576.63330078125
652.2647705078125
489.54217529296875
496.83251953125
432.44677734375
452.61798095703125
397.52459716796875
577.3448486328125
566.669677734375
429.2721252441406
620.8079833984375
584.859375
627.0698852539062
493.9857482910156
479.6098937988281
535.6380615234375
688.8269653320312
498.8563232421875
534.5588989257812
510.5885314941406
635.0784912109375
601.4844970703125
620.9664306640625
762.2940673828125
632.62744140625
512.3609008789062
616.7041015625
564.9107055664062
494.16253662109375
681.5078125
569.6984252929688
479.2276611328125
619.3289184570312
418.52923583984375
538.8438720703125
621.9669799804688
486.04736328125
653.7880859375
559.546630859375
560.7215576171875
513.0626220703125
518.0396118164062
618.440185546875
431.1108093261719
545.9385986328125
380.43145751953125
344.6064453125
607.35986328125
502.25726318359375
647.8360595703125
564.3251342773438
444.0773620605469
595.365234375
576.8223876953125
672.9210205078125
512.503662109375
454.6639709472656
386.31488037109375
511.3815612792969
555.3963623046875
572.9820556640625
621.2041015625
448.9996337890625
585.2843627929688
654.1768798828125
720.144287109375
481.9937744140625
590.1497802734375
651.9351806640625
517.730224609375
594.4293823242188
501.13427734375
456.3924560546875
652.6424560546875
464.8138427734375
543.9945068359375
558.343017578125
478.0440673828125
430.0450744628906
409.97686767578125
577.92529296875
488.2120361328125
469.1700439453125
620.5467529296875
571.5614624023438
493.31646728515625
383.58978271484375
532.5704345703125
560.294189453125
411.24951171875
490.31768798828125
470.78729248046875
558.5899047851562
512.691162109375
500.046875
537.8828125
444.1253662109375
456.56024169921875
434.70672607421875
582.29052734375
485.7064514160156
613.4720458984375
391.25921630859375
546.2994384765625
460.0430908203125
474.096923828125
494.74114990234375
602.47607421875
665.6683349609375
619.3818359375
339.8662109375
584.08984375
646.710205078125
395.5704650878906
562.1141357421875
654.2671508789062
473.22760009765625
519.011962890625
403.46136474609375
537.0803833007812
530.38525390625
479.18829345703125
631.57958984375
616.9427490234375
442.3249816894531
668.57470703125
431.7962341308594
665.1157836914062
482.179931640625
462.9922790527344
416.41412353515625
416.0281066894531
439.1236877441406
503.45849609375
470.28570556640625
486.373779296875
506.0843505859375
584.9380493164062
533.2462768554688
653.4013061523438
554.3067016601562
607.927734375
477.4057312011719
528.3218994140625
710.41162109375
558.029541015625
602.9674072265625
489.62158203125
625.1261596679688
594.51171875
688.5206298828125
465.90509033203125
566.0618896484375
583.7752685546875
511.4849548339844
567.892578125
532.7201538085938
538.319580078125
526.3820190429688
553.8819580078125
605.2320556640625
451.48577880859375
587.2344360351562
545.0145263671875
598.2786865234375
544.4092407226562
411.6331481933594
582.625244140625
524.868896484375
624.7205810546875
664.9471435546875
561.773681640625
612.0210571289062
587.0933227539062
597.0460815429688
678.3997192382812
437.7357177734375
690.2792358398438
666.2975463867188
535.5524291992188
657.735595703125
495.1745910644531
600.0192260742188
546.56640625
440.5589904785156
391.0595397949219
628.5053100585938
506.37506103515625
450.0845031738281
551.1056518554688
615.2879638671875
649.8856811523438
496.1864318847656
557.1159057617188
494.431884765625
408.1830139160156
417.4081726074219
364.7115478515625
729.1497802734375
471.43585205078125
509.3414611816406
460.0975341796875
441.9750061035156
406.6583251953125
483.174560546875
650.5546875
502.8305358886719
564.256591796875
509.69415283203125
553.299560546875
610.9925537109375
645.60693359375
533.9287109375
619.161376953125
538.8484497070312
571.465576171875
554.826171875
578.4403686523438
636.1765747070312
580.3478393554688
569.9818725585938
526.818359375
593.4779052734375
511.9657897949219
667.3309326171875
496.37933349609375
510.48651123046875
436.50213623046875
577.7658081054688
415.09613037109375
554.4837036132812
696.59375
363.77850341796875
708.1695556640625
404.3994445800781
458.450439453125
643.010986328125
528.8587646484375
572.6531982421875
638.4898681640625
625.642578125
438.41375732421875
461.693359375
494.9703369140625
540.9173583984375
548.8547973632812
445.48272705078125
477.30828857421875
445.0189208984375
586.6495361328125
559.798828125
608.2821655273438
567.6650390625
570.2651977539062
644.3448486328125
420.43988037109375
616.9300537109375
507.43096923828125
485.13629150390625
595.6255493164062
607.738037109375
488.2436218261719
515.010986328125
621.6826171875
505.7616271972656
661.557373046875
618.2601318359375
644.2698974609375
546.0464477539062
620.8587646484375
527.9237670898438
682.3065185546875
669.5498046875
480.9349365234375
560.4546508789062
532.0355224609375
573.313232421875
455.64337158203125
588.416748046875
474.36322021484375
536.389892578125
584.404296875
545.471435546875
522.0274047851562
538.909423828125
565.803466796875
545.2332763671875
392.4790344238281
596.158447265625
618.2130126953125
626.4219970703125
672.0594482421875
697.281494140625
515.2205810546875
503.8211669921875
620.9871826171875
629.2188720703125
460.2295227050781
594.0369262695312
471.4757995605469
346.2032165527344
695.61376953125
515.8740234375
419.4454650878906
536.0560913085938
668.6322021484375
613.1372680664062
655.2578735351562
691.0309448242188
652.435791015625
674.373291015625
524.2611694335938
569.0732421875
704.0355224609375
556.2005615234375
596.4920654296875
616.119873046875
543.6475830078125
654.748291015625
408.6170654296875
448.64288330078125
455.691650390625
518.6112060546875
636.0739135742188
604.1678466796875
479.180908203125
524.274169921875
492.02362060546875
547.2349853515625
567.5686645507812
506.92059326171875
367.90643310546875
596.137939453125
401.331298828125
535.4390869140625
630.34228515625
635.353271484375
588.5789794921875
552.466064453125
636.51123046875
520.5948486328125
687.182861328125
513.21923828125
512.8290405273438
592.333984375
701.3597412109375
454.3703918457031
643.1054077148438
373.93798828125
767.753662109375
553.6805419921875
603.9541625976562
560.3367309570312
544.5379028320312
452.83441162109375
494.878662109375
569.0110473632812
528.6851806640625
498.3525085449219
643.254638671875
468.24957275390625
509.6532287597656
547.8379516601562
571.62744140625
490.0189208984375
531.9633178710938
551.6190185546875
609.0322875976562
656.9030151367188
568.8557739257812
476.96307373046875
574.722900390625
651.0772705078125
514.9141235351562
518.5317993164062
636.8176879882812
620.7283935546875
521.781982421875
636.605712890625
571.4410400390625
586.825927734375
598.39697265625
686.7763061523438
554.4215087890625
457.285888671875
409.89996337890625
512.4195556640625
463.8089599609375
650.1456298828125
544.7039184570312
528.317138671875
549.774658203125
700.5567016601562
477.1031494140625
742.8488159179688
476.4190368652344
524.1243896484375
517.0109252929688
653.5502319335938
418.779296875
493.85101318359375
637.4013671875
588.7347412109375
468.31866455078125
513.4066162109375
418.78192138671875
459.5294189453125
512.9512939453125
633.2535400390625
520.526123046875
624.4169921875
700.615234375
600.3340454101562
338.51123046875
489.6932678222656
600.9658203125
450.80145263671875
684.5816650390625
636.3670654296875
518.147216796875
466.448974609375
495.6505126953125
443.97265625
499.3448486328125
598.679931640625
574.596435546875
479.80535888671875
482.3482666015625
617.0950927734375
636.96435546875
489.78546142578125
487.1992492675781
645.1024169921875
654.27490234375
685.6143798828125
449.08935546875
526.3271484375
619.25927734375
472.8913879394531
491.9670715332031
350.09417724609375
441.4350891113281
669.5050659179688
399.75970458984375
326.162353515625
612.9644775390625
454.7553405761719
496.91094970703125
547.3721923828125
560.1402587890625
541.1030883789062
597.9666748046875
535.38525390625
509.7099609375
526.8221435546875
405.53570556640625
458.22576904296875
470.7537841796875
600.453369140625
472.90252685546875
730.9222412109375
626.3466796875
504.32171630859375
638.346923828125
472.19647216796875
560.9537963867188
674.7742309570312
657.176513671875
632.8580932617188
342.7232971191406
472.69195556640625
433.308837890625
420.05010986328125
642.5067138671875
645.4848022460938
543.929931640625
532.46435546875
588.31884765625
408.2859191894531
586.7760009765625
641.4030151367188
691.0734252929688
533.094970703125
498.86041259765625
540.964599609375
558.93017578125
602.5506591796875
382.2576904296875
430.7996826171875
614.897705078125
531.7652587890625
427.20623779296875
573.5889892578125
496.9630432128906
479.8694152832031
594.4795532226562
508.0657653808594
451.70068359375
581.8399658203125
643.799560546875
467.6393127441406
502.5455322265625
659.9033813476562
534.836181640625
647.2506713867188
483.80853271484375
440.9910888671875
526.0152587890625
625.1802978515625
477.33392333984375
553.55615234375
440.0550537109375
620.9769287109375
673.982666015625
397.8490905761719
727.49658203125
507.89239501953125
598.398193359375
355.5555419921875
567.16552734375
524.082763671875
495.166748046875
363.6389465332031
638.1976928710938
652.3397216796875
502.25616455078125
620.6145629882812
583.2125854492188
703.6882934570312
547.090576171875
726.8681640625
538.39208984375
468.72430419921875
611.053466796875
525.243408203125
654.279296875
611.6359252929688
433.764892578125
530.221923828125
587.2977294921875
676.0843505859375
485.63720703125
595.22900390625
465.1033630371094
442.005859375
675.2378540039062
539.8189697265625
433.21484375
421.9776611328125
591.9151611328125
640.7319946289062
423.6123046875
514.575439453125
537.4197998046875
580.2562866210938
608.1153564453125
463.43450927734375
399.3699645996094
630.5574951171875
670.175537109375
646.0177001953125
464.95208740234375
631.8360595703125
599.0379028320312
505.4756164550781
477.2978515625
533.7699584960938
582.4779663085938
553.9017944335938
558.380859375
412.89520263671875
477.50018310546875
606.02734375
590.94775390625
542.180419921875
520.684814453125
568.40380859375
716.6221923828125
479.309326171875
494.459228515625
549.0736083984375
774.100341796875
677.6932373046875
471.41748046875
537.9124755859375
563.4886474609375
594.7601318359375
656.226318359375
504.3611145019531
521.333740234375
501.852783203125
606.0048828125
364.9153747558594
737.5999755859375
392.0129089355469
584.9927978515625
440.7847900390625
593.2923583984375
472.8693542480469
645.01123046875
495.30194091796875
472.36090087890625
704.8650512695312
509.29425048828125
509.9786682128906
730.7017822265625
597.7542724609375
590.2314453125
602.9287719726562
515.270263671875
488.4163818359375
591.3888549804688
462.74951171875
657.1484375
609.3424072265625
559.7205810546875
556.0099487304688
482.2087707519531
636.69873046875
570.664306640625
466.2587585449219
385.2271728515625
523.3438720703125
442.13031005859375
591.69482421875
484.132080078125
438.42596435546875
592.0953369140625
522.2446899414062
361.6097412109375
365.6452941894531
508.3970642089844
562.7344970703125
513.2322998046875
473.124267578125
716.6244506835938
585.9485473632812
614.3218383789062
465.7652893066406
467.1766357421875
624.5582885742188
558.2557983398438
446.46258544921875
528.5242919921875
600.3917236328125
630.944091796875
377.130859375
633.287353515625
549.2018432617188
491.4534912109375
626.1795043945312
608.4168701171875
510.8498840332031
682.9553833007812
621.6510620117188
521.9940795898438
452.43377685546875
627.83740234375
528.64453125
373.58648681640625
398.933349609375
636.8778686523438
509.88092041015625
480.63580322265625
528.3953857421875
640.2066650390625
562.3572998046875
555.8709716796875
601.3264770507812
572.0703125
412.2572937011719
664.9472045898438
370.42376708984375
715.4381713867188
561.7258911132812
536.6344604492188
636.9498291015625
466.24273681640625
538.3811645507812
550.2045288085938
615.724365234375
479.07427978515625
588.708251953125
735.6478881835938
613.3042602539062
497.5124206542969
545.0582275390625
554.06982421875
518.128173828125
504.2708740234375
517.36669921875
414.4305114746094
672.596435546875
579.8777465820312
501.80255126953125
582.4203491210938
580.1658935546875
449.3011474609375
446.57904052734375
504.0582275390625
532.4111328125
622.1323852539062
445.87152099609375
509.9597473144531
606.78759765625
666.640380859375
627.6119384765625
576.980712890625
560.4954833984375
604.1658325195312
599.9283447265625
527.0009765625
426.48809814453125
616.192626953125
515.4988403320312
456.1239318847656
560.4121704101562
413.333740234375
552.581298828125
664.2342529296875
556.7876586914062
422.681396484375
648.7422485351562
770.0650634765625
449.79986572265625
538.400390625
595.2080688476562
438.2178955078125
660.0885620117188
678.96923828125
646.24462890625
522.2257080078125
543.7774658203125
600.4010009765625
498.53582763671875
483.18548583984375
649.6385498046875
513.8663940429688
513.878662109375
567.2684326171875
488.330810546875
423.8423767089844
531.0272216796875
456.84136962890625
522.8972778320312
380.676025390625
463.72772216796875
615.64208984375
547.54345703125
432.5513610839844
479.1612548828125
546.9295654296875
515.6984252929688
406.7579040527344
595.905029296875
723.11181640625
528.3672485351562
522.9681396484375
513.6219482421875
600.2032470703125
592.7198486328125
536.5379028320312
580.3272705078125
397.721435546875
478.41668701171875
594.134765625
527.34423828125
500.06842041015625
458.8623046875
441.180908203125
525.0361328125
482.9193115234375
507.5388488769531
418.2685241699219
660.7256469726562
526.9249267578125
554.91943359375
531.2982788085938
480.292724609375
635.6090698242188
617.2421875
494.62835693359375
476.9055480957031
584.0626220703125
467.4472961425781
576.726318359375
479.0807189941406
674.7301025390625
482.75994873046875
643.5191040039062
614.455810546875
641.328369140625
522.8232421875
588.2703857421875
437.90179443359375
509.0848083496094
533.010986328125
485.9625244140625
428.2403564453125
388.3820495605469
605.5791015625
588.929931640625
510.1258239746094
361.6767883300781
579.9432373046875
513.989013671875
649.6470947265625
634.8883056640625
452.6424560546875
622.776123046875
545.9628295898438
476.6739807128906
393.63775634765625
479.07012939453125
615.2320556640625
608.94384765625
603.1846923828125
489.01202392578125
507.0466003417969
685.9965209960938
392.3369445800781
470.93023681640625
572.1328735351562
569.4853515625
603.2100830078125
544.2311401367188
451.58111572265625
532.6090698242188
615.3333740234375
546.837646484375
518.238037109375
681.20654296875
569.9577026367188
577.205322265625
571.010986328125
545.837646484375
408.809326171875
421.8516845703125
464.4229736328125
630.0439453125
618.48193359375
477.48223876953125
433.3137512207031
514.913818359375
522.632080078125
550.618896484375
454.3128356933594
547.759033203125
516.84912109375
630.2724609375
489.3096923828125
421.9095153808594
474.5991516113281
551.446533203125
628.1558227539062
666.41162109375
434.6624755859375
488.890625
386.5210876464844
484.9851989746094
332.2034912109375
430.11083984375
368.628662109375
636.58642578125
550.6329345703125
549.6228637695312
461.723388671875
498.79046630859375
656.6674194335938
445.26507568359375
484.16497802734375
500.08880615234375
536.4076538085938
633.2892456054688
612.8450927734375
708.6337890625
623.942138671875
646.0294799804688
654.0447998046875
518.755859375
488.00238037109375
452.29400634765625
553.658935546875
663.1585083007812
400.8036804199219
451.684814453125
557.4354858398438
709.907958984375
577.0799560546875
614.6233520507812
657.5029296875
437.7344055175781
698.2606811523438
542.814453125
528.69873046875
609.970458984375
453.7902526855469
532.7086181640625
600.0089111328125
682.341796875
466.93023681640625
549.4922485351562
586.0496215820312
621.8252563476562
617.0709228515625
585.5667724609375
648.295166015625
686.1737060546875
563.080322265625
593.53955078125
564.2374877929688
782.8764038085938
487.0980224609375
582.5700073242188
491.939697265625
563.9339599609375
512.70654296875
518.6522216796875
416.3467712402344
412.966064453125
675.4000244140625
496.54217529296875
630.0076293945312
741.330810546875
506.91748046875
656.8925170898438
660.3909912109375
633.1124267578125
604.9544677734375
530.7618408203125
428.317626953125
511.4830017089844
606.2772216796875
573.7244873046875
675.5422973632812
598.91357421875
590.959716796875
481.93267822265625
396.613525390625
370.00860595703125
444.96478271484375
457.73248291015625
389.36865234375
558.1513671875
534.3487548828125
689.8297729492188
651.3391723632812
519.4810791015625
460.79083251953125
483.8971252441406
575.4085693359375
399.4156799316406
580.969482421875
519.1531372070312
718.3446044921875
675.96142578125
590.2208251953125
393.29339599609375
525.72705078125
592.0562744140625
506.6775207519531
409.4348449707031
602.3310546875
574.807373046875
441.213134765625
449.3669128417969
659.9857177734375
599.348876953125
561.2098388671875
446.9859313964844
657.1605224609375
580.24072265625
427.66558837890625
562.8811645507812
522.9683837890625
528.957275390625
460.8567810058594
505.4468994140625
507.67474365234375
612.7848510742188
430.06231689453125
572.6351318359375
562.59423828125
632.7440795898438
500.445068359375
563.996337890625
565.1798095703125
648.7381591796875
661.018310546875
433.10577392578125
503.9002990722656
668.1467895507812
498.4764709472656
468.29254150390625
521.6505126953125
464.7054443359375
431.3980712890625
609.9129638671875
537.5482788085938
575.65087890625
523.7244873046875
468.4080810546875
540.1363525390625
508.04132080078125
468.7181701660156
644.611083984375
471.69873046875
552.0039672851562
566.440673828125
542.477783203125
579.1109619140625
536.2692260742188
572.1075439453125
542.0157470703125
467.4529724121094
467.32879638671875
437.03515625
619.4901733398438
472.273681640625
573.8983154296875
478.6385803222656
637.6304931640625
589.6339111328125
404.85589599609375
360.5632629394531
787.8812866210938
500.371826171875
504.3914794921875
562.0511474609375
374.1744689941406
674.874755859375
575.55908203125
605.3887939453125
584.789306640625
462.7818603515625
530.0811767578125
577.7000122070312
571.3895263671875
591.57763671875
571.7533569335938
595.8109741210938
573.3816528320312
503.43328857421875
522.203857421875
606.6123046875
706.7753295898438
737.4451904296875
606.96044921875
576.8604736328125
464.6720886230469
486.19482421875
691.5472412109375
529.0203857421875
524.6064453125
586.0274047851562
535.8558349609375
627.6640625
398.1817932128906
673.10693359375
716.1317138671875
454.2480163574219
603.7937622070312
593.2435913085938
391.22491455078125
578.3995361328125
357.5274658203125
505.75933837890625
557.4757080078125
434.4881591796875
458.63153076171875
577.8121948242188
601.95703125
377.55517578125
613.6654052734375
566.0888671875
468.1768798828125
599.2893676757812
698.434814453125
690.2090454101562
608.86962890625
422.3187255859375
479.66357421875
670.185302734375
582.3355102539062
437.3992004394531
530.427978515625
425.56976318359375
641.7197265625
380.84368896484375
556.553955078125
457.1307373046875
497.473388671875
526.9364624023438
594.90478515625
571.1083984375
588.3138427734375
599.8600463867188
519.4697265625
563.51953125
434.375732421875
479.29296875
488.1373291015625
602.5031127929688
588.6229248046875
546.824951171875
551.8483276367188
469.9450988769531
582.7196655273438
471.7055358886719
520.5518798828125
726.4281005859375
491.7772216796875
549.0455322265625
570.7612915039062
441.17559814453125
509.3986511230469
522.6787719726562
577.7130737304688
676.861572265625
534.519775390625
424.04168701171875
470.2554931640625
525.3228759765625
400.5716857910156
512.912353515625
586.5711669921875
500.9803161621094
531.673828125
409.8677978515625
492.66461181640625
684.5570068359375
615.8892211914062
522.8883056640625
602.1085205078125
447.10546875
652.5035400390625
535.3552856445312
582.81640625
496.83294677734375
452.981201171875
680.0385131835938
468.06768798828125
533.8943481445312
525.674072265625
557.3399047851562
553.61083984375
480.336669921875
484.67724609375
544.5166625976562
575.080810546875
588.155029296875
573.0316162109375
504.9166259765625
521.7198486328125
545.5629272460938
560.1371459960938
624.4671630859375
398.34735107421875
641.51220703125
391.77862548828125
654.1717529296875
532.08935546875
538.9024658203125
499.6018371582031
613.7964477539062
425.8090515136719
428.73394775390625
575.9573364257812
463.88934326171875
690.8809814453125
474.6381530761719
627.5855712890625
615.0497436523438
478.93975830078125
643.534912109375
542.0606689453125
542.5255126953125
620.0050048828125
599.2055053710938
512.9837646484375
592.4368896484375
514.4281005859375
528.2186279296875
404.4915466308594
689.0867919921875
585.3267822265625
521.0025634765625
529.3973388671875
744.6162109375
552.5489501953125
556.673828125
727.50048828125
574.4320678710938
668.4402465820312
526.3057861328125
352.5652770996094
427.4217529296875
747.2347412109375
523.763916015625
417.61114501953125
655.1168823242188
514.8317260742188
492.69659423828125
485.0775146484375
667.7403564453125
570.3946533203125
461.028076171875
607.276611328125
608.279541015625
512.2518310546875
432.77337646484375
582.41552734375
431.7778015136719
461.7685241699219
606.48486328125
554.2728271484375
470.13604736328125
374.5885009765625
515.8382568359375
599.2213134765625
625.603759765625
531.78564453125
467.7384033203125
727.8538818359375
452.291259765625
542.9182739257812
416.4566345214844
513.4605712890625
539.0258178710938
591.335205078125
507.81292724609375
629.7214965820312
453.3801574707031
483.48468017578125
631.7268676757812
582.1591796875
510.73260498046875
635.3897094726562
688.751708984375
531.055908203125
535.964599609375
706.9915161132812
522.147216796875
593.0576171875
713.2586059570312
402.9444580078125
439.05560302734375
456.9779052734375
497.0103454589844
469.4718017578125
428.5415344238281
446.841796875
574.0446166992188
606.2518920898438
528.98046875
508.88604736328125
404.9427185058594
507.94854736328125
445.58404541015625
528.5359497070312
691.23876953125
586.0740966796875
723.4127197265625
491.36865234375
426.3388671875
533.313232421875
322.21807861328125
590.3434448242188
384.1755065917969
565.6544799804688
454.8530578613281
563.2756958007812
709.3880615234375
404.66864013671875
551.0614624023438
766.6998901367188
534.5927734375
398.18548583984375
570.5107421875
569.9708251953125
506.46441650390625
696.6878662109375
461.455322265625
443.6865234375
541.9852294921875
577.5585327148438
565.9749755859375
433.9678649902344
616.0728149414062
488.8160400390625
502.7642822265625
516.6431884765625
537.3131103515625
381.6218566894531
427.71514892578125
569.250244140625
602.6317138671875
602.7267456054688
724.1563110351562
453.30767822265625
755.3411865234375
618.3303833007812
510.5661315917969
481.7377624511719
486.8589172363281
496.86334228515625
399.130859375
485.8252868652344
464.18072509765625
586.991943359375
631.2692260742188
481.248046875
542.288818359375
543.3759155273438
520.72705078125
551.3746337890625
515.9993896484375
672.6590576171875
585.03369140625
582.3853759765625
505.5550537109375
561.73046875
568.9512939453125
521.9995727539062
585.2440795898438
491.47564697265625
650.8778076171875
441.7867431640625
527.2118530273438
615.0263671875
618.258544921875
432.2347717285156
517.8433227539062
567.3271484375
648.6234741210938
497.0863342285156
518.3509521484375
379.65216064453125
455.65283203125
552.81201171875
444.9153137207031
494.1534118652344
646.3417358398438
524.0537109375
464.97735595703125
635.01806640625
521.3898315429688
595.0543212890625
561.8890380859375
511.88470458984375
527.0711059570312
483.93853759765625
364.9427795410156
486.82977294921875
582.371826171875
555.09765625
563.83740234375
447.93609619140625
574.8343505859375
542.6614990234375
568.5985107421875
693.3055419921875
568.2077026367188
466.791259765625
518.9781494140625
661.4804077148438
541.705322265625
517.056396484375
358.04351806640625
597.4481201171875
487.6802978515625
565.0985717773438
509.6362609863281
468.2464294433594
588.4976196289062
488.99462890625
498.3124084472656
439.849365234375
616.336669921875
521.7328491210938
564.2841796875
688.2691650390625
589.0855712890625
561.2390747070312
541.7376708984375
458.02447509765625
505.5404052734375
591.9683837890625
473.3889465332031
482.74468994140625
491.0558776855469
664.8043823242188
689.529052734375
391.2106018066406
533.148193359375
434.31085205078125
436.93255615234375
525.629638671875
497.1961669921875
505.2901611328125
434.13568115234375
733.51318359375
544.5535888671875
617.4562377929688
638.0406494140625
598.178466796875
581.79248046875
548.718994140625
681.4656982421875
718.5033569335938
508.4866027832031
587.0947265625
600.667236328125
397.60784912109375
620.363525390625
699.194091796875
520.4445190429688
554.7130126953125
505.86273193359375
518.5213623046875
612.3262329101562
448.95697021484375
579.69580078125
607.798583984375
730.8938598632812
616.2685546875
612.604736328125
429.1866455078125
498.8612365722656
685.2058715820312
652.6257934570312
545.6630859375
588.4110107421875
559.5110473632812
556.1939697265625
492.0164489746094
575.658447265625
576.931640625
523.914306640625
549.2374877929688
536.5390625
555.3031005859375
477.20147705078125
669.05078125
536.277587890625
551.8110961914062
556.974853515625
537.7020874023438
588.8648071289062
455.0260009765625
467.88763427734375
606.3677978515625
567.060791015625
577.34912109375
585.4708862304688
528.8974609375
272.25396728515625
632.6431884765625
454.427490234375
275.30657958984375
724.5416259765625
437.0092468261719
565.1405029296875
380.3358154296875
630.5248413085938
438.08251953125
627.053466796875
575.6917114257812
509.327880859375
527.5523681640625
588.101318359375
569.0750732421875
592.5735473632812
367.7910461425781
551.5338134765625
530.433837890625
547.240966796875
478.32989501953125
532.2833251953125
539.63037109375
702.35888671875
618.9337158203125
375.5978088378906
636.843505859375
448.7042236328125
453.85479736328125
740.326416015625
487.5970458984375
612.798828125
597.9877319335938
538.5204467773438
535.6363525390625
469.9229431152344
515.9029541015625
564.6876220703125
520.464599609375
638.5238037109375
467.82623291015625
571.8840942382812
458.24365234375
482.22515869140625
478.08203125
492.02459716796875
534.6435546875
476.5607604980469
445.1093444824219
464.6260986328125
412.1202392578125
537.3782958984375
510.7123718261719
494.59326171875
611.7794189453125
708.7852783203125
503.77392578125
671.1658935546875
405.62103271484375
701.9735717773438
641.5048828125
552.4107666015625
387.6939392089844
491.40032958984375
657.5357666015625
579.50537109375
653.004638671875
689.9788818359375
521.869873046875
412.6128845214844
487.2333679199219
532.5266723632812
709.2423095703125
547.7748413085938
641.9905395507812
614.5549926757812
383.3068542480469
467.12353515625
513.6744995117188
474.25384521484375
567.6871337890625
646.9448852539062
540.709228515625
492.49481201171875
593.1055908203125
510.43096923828125
425.7668151855469
513.4013061523438
340.455810546875
482.5234069824219
522.0419921875
628.4462280273438
525.8167114257812
461.2081298828125
382.29425048828125
508.023193359375
450.0029602050781
519.6961669921875
631.1148681640625
483.1400146484375
487.35601806640625
469.7608337402344
412.2669372558594
415.74957275390625
746.8522338867188
508.0411376953125
497.2130126953125
660.8502197265625
373.30316162109375
567.6678466796875
529.0706787109375
550.89453125
543.0003662109375
453.559326171875
606.5061645507812
547.8709106445312
504.3673095703125
447.0797119140625
534.515869140625
482.44952392578125
561.3016967773438
641.2847900390625
374.389892578125
577.7474975585938
635.6251220703125
416.0101318359375
666.8416748046875
652.7236938476562
521.4425048828125
492.29876708984375
576.4075927734375
437.43218994140625
691.8416137695312
780.3157348632812
623.3314208984375
598.6517333984375
360.3870849609375
635.638671875
534.988037109375
454.72760009765625
553.659912109375
536.5516357421875
547.29443359375
681.14990234375
641.5723876953125
567.9672241210938
302.919921875
603.836181640625
528.224609375
621.7384033203125
589.7125244140625
594.3770141601562
571.8333740234375
540.3077392578125
763.4528198242188
595.2239990234375
601.995849609375
499.41998291015625
487.7309265136719
545.10302734375
505.6294860839844
585.407470703125
508.41473388671875
691.2837524414062
536.0704345703125
584.8053588867188
785.9619140625
598.1243896484375
781.6818237304688
535.5726318359375
664.4398193359375
401.56646728515625
558.4715576171875
596.8944091796875
699.390869140625
590.3607788085938
580.6337280273438
385.2265625
622.1719970703125
547.8226928710938
477.14971923828125
454.43939208984375
556.9979858398438
622.1044921875
579.3477783203125
581.80712890625
583.5581665039062
467.7164306640625
526.145263671875
494.1769714355469
465.5372314453125
536.72314453125
647.799072265625
404.6437683105469
649.8631591796875
492.290283203125
547.7039794921875
641.4276123046875
637.7109375
485.49688720703125
484.276611328125
517.8455810546875
542.5965576171875
492.02825927734375
720.909423828125
489.1348571777344
464.4311218261719
528.0419921875
641.6063232421875
570.5533447265625
653.9180908203125
516.6710205078125
506.99969482421875
489.029052734375
514.5050048828125
650.8790893554688
389.95587158203125
793.429443359375
454.36407470703125
397.6106872558594
479.41259765625
408.1121826171875
479.00421142578125
696.902587890625
534.8788452148438
457.46746826171875
575.0189208984375
395.6010437011719
537.316162109375
454.5814208984375
410.6479797363281
489.01751708984375
620.8131103515625
413.1470947265625
635.5313720703125
461.16375732421875
589.6708984375
469.1158142089844
503.45538330078125
536.4213256835938
452.8501892089844
512.5389404296875
597.820068359375
544.318115234375
624.498046875
533.0582275390625
560.7703857421875
473.233642578125
459.1241760253906
612.3154907226562
553.6397094726562
557.2754516601562
569.5755615234375
551.568115234375
601.1722412109375
455.61016845703125
470.87652587890625
495.0570068359375
491.8376159667969
535.30419921875
476.1363525390625
562.7183227539062
595.9381713867188
486.564697265625
572.100341796875
669.211669921875
577.6226806640625
370.73956298828125
557.8175659179688
527.2662353515625
601.6209716796875
544.7896728515625
451.6158142089844
539.9931030273438
447.88079833984375
666.8302001953125
568.917724609375
593.7847900390625
584.0367431640625
555.0150146484375
546.308349609375
441.36517333984375
529.6729736328125
527.1061401367188
491.16131591796875
659.4918212890625
679.8873901367188
514.6939697265625
505.2995300292969
466.5299987792969
431.73321533203125
638.6197509765625
386.3802490234375
480.57635498046875
630.4730834960938
422.2715148925781
574.9410400390625
559.97900390625
681.3853759765625
701.8931884765625
512.5407104492188
579.238525390625
610.484130859375
614.8424072265625
445.0296630859375
699.9940795898438
538.1940307617188
568.962158203125
732.052001953125
560.9479370117188
579.5654907226562
581.901123046875
529.1707763671875
393.7550048828125
663.908203125
536.1901245117188
418.216552734375
609.7734985351562
456.0069580078125
635.5125732421875
478.25787353515625
453.54779052734375
674.0457763671875
443.6176452636719
677.4226684570312
510.60369873046875
559.8338012695312
542.844482421875
592.8477172851562
636.4161376953125
574.7056274414062
554.7625732421875
597.3074340820312
516.773681640625
536.1507568359375
461.9542236328125
553.998779296875
501.9651794433594
356.2618713378906
386.33563232421875
745.2359008789062
537.726806640625
527.8720703125
517.7482299804688
521.0533447265625
576.0410766601562
720.9774780273438
422.8048400878906
595.228759765625
475.40374755859375
533.58642578125
590.3519287109375
587.3135986328125
464.55517578125
610.561767578125
536.3989868164062
508.872314453125
563.185791015625
571.7862548828125
549.214599609375
409.1877136230469
641.8898315429688
534.5264892578125
451.21722412109375
578.3204345703125
443.38665771484375
566.090576171875
658.5299072265625
458.76483154296875
472.9460144042969
580.9337158203125
555.7720947265625
638.7484741210938
454.1166076660156
577.0078125
558.5043334960938
537.1743774414062
581.8248901367188
472.3216247558594
418.59002685546875
424.12518310546875
440.26214599609375
498.94390869140625
385.2791748046875
498.1045837402344
635.7894287109375
447.1405334472656
535.2005615234375
489.3917541503906
496.6134033203125
700.976806640625
684.1356201171875
514.0193481445312
406.3945617675781
516.13037109375
628.874267578125
641.6204833984375
631.0048828125
594.618408203125
430.17626953125
489.2197570800781
673.248291015625
553.9580078125
394.4514465332031
399.93023681640625
605.1567993164062
699.5716552734375
560.100341796875
591.4169921875
603.885009765625
470.864990234375
710.0103759765625
584.6307373046875
433.56646728515625
565.8349609375
383.04107666015625
516.8243408203125
489.45758056640625
454.9474182128906
360.6982421875
429.7182922363281
540.3720703125
637.205078125
490.647705078125
532.78076171875
742.9505615234375
508.16021728515625
583.2186279296875
525.5386962890625
422.88787841796875
564.3394165039062
563.4808349609375
501.626953125
584.9146728515625
602.4871826171875
588.8001098632812
595.6882934570312
411.2108154296875
501.1351318359375
545.8651123046875
540.820556640625
699.48876953125
506.30718994140625
663.094482421875
651.1168212890625
555.2547607421875
600.0618286132812
644.7015380859375
416.1827392578125
525.925537109375
495.00787353515625
512.550537109375
469.81591796875
484.36505126953125
602.4597778320312
757.9317626953125
604.20068359375
517.3460693359375
521.3124389648438
633.8497924804688
677.8023681640625
462.21942138671875
575.3681640625
631.4857177734375
563.8034057617188
551.2029418945312
498.9658203125
537.76416015625
526.9764404296875
564.1953125
439.3586120605469
618.189453125
633.991943359375
507.70513916015625
532.2515869140625
509.30645751953125
517.5589599609375
374.6507263183594
625.6173095703125
354.7589111328125
576.7730712890625
656.7137451171875
522.963134765625
565.085693359375
572.24853515625
671.561767578125
602.8751220703125
499.95294189453125
450.9942626953125
424.8685607910156
518.46435546875
387.833251953125
380.26837158203125
618.0199584960938
539.4303588867188
569.1484375
575.027099609375
453.3854675292969
487.9599914550781
532.406494140625
559.555908203125
590.4771728515625
410.291748046875
505.3109130859375
591.7684326171875
594.7890014648438
512.7954711914062
594.6632080078125
551.9662475585938
692.62548828125
517.2672119140625
662.4349365234375
567.216552734375
791.4288330078125
493.11810302734375
582.9609985351562
543.7315673828125
565.7131958007812
452.6671142578125
599.6329345703125
703.6292724609375
642.8505859375
373.14923095703125
622.7444458007812
522.7957153320312
544.4950561523438
696.165283203125
412.964599609375
704.163818359375
518.64501953125
495.55926513671875
657.1402587890625
484.05474853515625
432.55694580078125
599.870361328125
600.6987915039062
431.0213317871094
584.2406005859375
450.94677734375
572.5897216796875
541.1697387695312
494.875
481.9906921386719
431.9915771484375
674.6702880859375
610.2227172851562
461.2503662109375
588.24072265625
517.9656372070312
601.63134765625
465.0441589355469
637.537109375
644.8497314453125
568.7879638671875
654.193359375
572.501220703125
460.76568603515625
665.1935424804688
531.3839111328125
592.3753662109375
528.9853515625
522.59619140625
667.15087890625
578.4124145507812
477.65130615234375
678.1864013671875
575.251953125
477.45068359375
382.51416015625
601.924560546875
434.6253662109375
498.8653259277344
554.7250366210938
586.363525390625
531.42822265625
606.1392822265625
553.6778564453125
631.1121215820312
576.7396850585938
561.6177978515625
521.0413818359375
615.3858032226562
399.21954345703125
461.5531311035156
593.83056640625
502.9342956542969
543.0588989257812
547.8696899414062
397.25091552734375
492.7322082519531
438.9189147949219
571.44775390625
613.8755493164062
553.3325805664062
596.35107421875
731.5962524414062
501.4284973144531
556.836669921875
516.7291870117188
593.3812255859375
650.3665771484375
706.6478271484375
676.6483154296875
628.687255859375
417.768310546875
443.48980712890625
521.371826171875
548.6661376953125
476.17913818359375
463.23504638671875
411.50006103515625
525.289794921875
361.82220458984375
566.3123779296875
605.3590087890625
509.59344482421875
566.852294921875
515.9996948242188
472.4179382324219
650.9569702148438
518.431640625
528.4739990234375
635.4861450195312
397.63726806640625
659.8661499023438
584.958251953125
529.2642211914062
440.8389892578125
556.4236450195312
512.6507568359375
465.7249755859375
672.979736328125
618.4147338867188
369.08660888671875
605.2623291015625
506.574951171875
498.8130798339844
452.91925048828125
539.805908203125
570.1412353515625
712.3167114257812
674.4364624023438
677.055419921875
645.746826171875
479.30596923828125
568.9351806640625
540.3927001953125
474.17327880859375
531.54052734375
704.7711791992188
518.7208251953125
692.6697387695312
555.3431396484375
594.22216796875
510.0258483886719
583.3443603515625
348.21746826171875
618.9639892578125
452.00689697265625
597.189697265625
607.7911987304688
558.7161254882812
549.728515625
578.3065185546875
521.090576171875
682.236083984375
536.9981079101562
579.8299560546875
615.4308471679688
538.90966796875
481.43902587890625
528.8609008789062
580.7850341796875
506.8968505859375
462.8416748046875
611.7491455078125
711.4392700195312
709.9825439453125
693.1544799804688
649.293701171875
629.6514892578125
594.9623413085938
334.78253173828125
579.8807983398438
428.8302307128906
522.327392578125
492.0851135253906
342.104248046875
413.0994567871094
648.9672241210938
593.983642578125
662.010009765625
446.3956298828125
508.494384765625
439.6075134277344
433.74176025390625
359.8143005371094
607.2174072265625
634.0584716796875
676.548583984375
562.2688598632812
642.0352783203125
531.3455810546875
567.265380859375
480.1934509277344
624.352294921875
506.21002197265625
522.143310546875
655.6751708984375
481.47271728515625
636.821533203125
541.8916015625
488.8588562011719
468.1666259765625
550.3856201171875
460.49029541015625
533.0091552734375
602.319580078125
451.38189697265625
493.0296630859375
599.7800903320312
455.93548583984375
386.4798583984375
513.4132080078125
505.8301086425781
532.7653198242188
530.1997680664062
642.47998046875
601.9534912109375
537.4531860351562
507.7195129394531
618.4352416992188
548.3646240234375
455.0811767578125
576.8216552734375
378.8745422363281
413.48297119140625
645.4777221679688
565.6300659179688
403.5053405761719
665.6295776367188
597.5706787109375
515.0123291015625
507.1259765625
605.9392700195312
609.49072265625
490.2432556152344
461.8148498535156
466.14508056640625
423.41265869140625
424.45208740234375
673.0283203125
543.564453125
667.47021484375
622.115478515625
498.175048828125
553.3665161132812
525.869384765625
622.5465087890625
573.8529052734375
566.5161743164062
506.91754150390625
701.2147216796875
578.02734375
724.3191528320312
645.0595703125
476.4005126953125
488.3126525878906
625.6953735351562
603.9302368164062
434.3203125
550.3054809570312
527.120361328125
479.44610595703125
330.2049560546875
586.454833984375
649.5833740234375
583.9970703125
406.92401123046875
462.45684814453125
513.787841796875
499.38970947265625
536.4179077148438
573.3089599609375
650.1744384765625
549.0291748046875
506.248779296875
683.2793579101562
377.5189208984375
550.05078125
401.69927978515625
571.1044921875
425.0941162109375
524.6416015625
553.64892578125
638.345703125
309.02752685546875
442.6185302734375
564.0568237304688
479.801513671875
537.8651733398438
717.6001586914062
380.07293701171875
627.6258544921875
597.8621215820312
562.490966796875
601.15478515625
605.1408081054688
533.8079833984375
584.082275390625
680.3428344726562
609.4458618164062
641.5111694335938
686.3035888671875
491.9031677246094
596.5180053710938
580.6692504882812
535.2349853515625
462.71771240234375
571.3707275390625
631.96826171875
492.0894775390625
604.326416015625
386.12689208984375
670.9705200195312
586.8681640625
686.2183227539062
455.79278564453125
528.4205322265625
364.30535888671875
440.9146728515625
609.8033447265625
553.65283203125
426.976806640625
624.7255859375
456.74139404296875
598.15673828125
468.6872863769531
503.9720458984375
522.08935546875
482.2493896484375
653.1421508789062
507.4881896972656
666.0870971679688
468.60284423828125
579.9315185546875
523.9912719726562
424.4449768066406
485.02435302734375
594.497802734375
513.67529296875
583.0159912109375
536.01904296875
577.43310546875
500.31597900390625
468.37030029296875
566.023681640625
695.9327392578125
505.6149597167969
554.4901123046875
555.2755126953125
635.2361450195312
621.1856689453125
549.645263671875
457.52435302734375
558.97705078125
592.9892578125
473.28778076171875
428.0875549316406
590.7362060546875
585.1248779296875
490.82049560546875
539.4267578125
671.1098022460938
491.4166259765625
415.2490234375
640.0580444335938
526.062744140625
618.5740966796875
555.4083251953125
776.3033447265625
465.42626953125
378.5744934082031
519.0119018554688
630.490234375
502.78021240234375
549.7047119140625
570.7612915039062
621.533447265625
597.7660522460938
724.3468017578125
558.9139404296875
599.0050048828125
637.1929931640625
455.26837158203125
435.9332275390625
590.579833984375
582.8336791992188
560.4752197265625
302.8148498535156
604.62158203125
483.95745849609375
465.5579528808594
335.108642578125
377.855712890625
489.2626953125
628.5945434570312
647.3524780273438
569.8731689453125
587.7705078125
739.1618041992188
496.114501953125
599.8289184570312
624.232666015625
636.5023193359375
680.5489501953125
477.38421630859375
486.678955078125
541.9097900390625
811.5662231445312
665.7266845703125
634.6912231445312
370.658203125
595.35009765625
572.8031616210938
784.5140380859375
577.787353515625
666.0146484375
577.7156982421875
543.5808715820312
607.1392822265625
612.4718017578125
472.8820495605469
502.47003173828125
556.6287231445312
436.59698486328125
714.7265625
535.6248779296875
473.7880859375
532.7420043945312
643.882568359375
632.4515380859375
578.0782470703125
603.0120239257812
621.4191284179688
610.8091430664062
563.6009521484375
582.9825439453125
523.488037109375
578.3402099609375
674.3235473632812
639.8829345703125
591.6527099609375
509.34405517578125
465.2759094238281
451.33673095703125
684.047119140625
582.3367919921875
588.7855224609375
449.8714599609375
483.701904296875
460.7723388671875
574.7025146484375
541.7757568359375
518.6484375
483.8887939453125
602.2977294921875
663.8468017578125
576.487548828125
658.670654296875
392.0926818847656
496.58489990234375
499.79571533203125
573.0963745117188
634.4288330078125
334.7252197265625
673.57763671875
662.2714233398438
549.8289794921875
420.5771484375
534.5661010742188
616.6548461914062
504.4244384765625
522.6602783203125
435.68328857421875
661.821533203125
537.9833374023438
515.260498046875
463.36712646484375
768.9662475585938
510.92230224609375
671.281005859375
524.39794921875
449.1236267089844
486.8512878417969
490.50579833984375
533.6300659179688
552.6807861328125
405.7219543457031
400.16009521484375
585.30908203125
496.20477294921875
561.0230102539062
715.5344848632812
439.5689697265625
553.3985595703125
488.55743408203125
571.8218994140625
489.5904235839844
472.0217590332031
466.547119140625
445.19415283203125
494.40216064453125
504.74615478515625
530.2454223632812
610.3111572265625
521.39013671875
724.1224365234375
426.2087707519531
541.5263671875
649.6815795898438
682.9862670898438
586.3524780273438
423.26031494140625
453.35430908203125
424.7569580078125
471.92510986328125
654.0888671875
496.5879211425781
731.1483154296875
568.3238525390625
531.864013671875
570.7236328125
485.9765319824219
533.6627197265625
571.1461181640625
513.4091186523438
458.4947814941406
629.3504028320312
504.17254638671875
538.9259033203125
546.5307006835938
493.06036376953125
720.575927734375
558.6168212890625
533.952880859375
492.11663818359375
500.9522705078125
557.83740234375
465.1977233886719
461.4931945800781
412.47113037109375
427.2154235839844
539.3302001953125
420.1357421875
706.5256958007812
435.88690185546875
603.6163330078125
402.7111511230469
476.44232177734375
503.09967041015625
414.6797790527344
518.99072265625
420.7877197265625
485.700439453125
486.31005859375
594.8690185546875
456.30218505859375
590.359619140625
633.2869262695312
634.3108520507812
552.7789306640625
519.441162109375
592.50537109375
616.912353515625
320.29852294921875
576.9492797851562
384.7742919921875
568.4695434570312
457.3419494628906
659.8566284179688
380.78973388671875
575.659423828125
569.89501953125
475.05877685546875
596.5413818359375
413.17633056640625
422.4058837890625
468.5213317871094
538.7560424804688
344.95172119140625
599.7132568359375
553.163330078125
475.4195251464844
693.8025512695312
670.3848876953125
511.7527160644531
419.71881103515625
532.46875
673.747802734375
653.2172241210938
420.346435546875
456.3756408691406
499.0075988769531
432.3862609863281
633.4420166015625
554.7368774414062
576.1565551757812
524.2427978515625
690.9248046875
474.5482482910156
628.46630859375
583.56787109375
642.411865234375
566.2490234375
508.9351806640625
307.666015625
619.88525390625
498.71051025390625
633.662109375
734.1321411132812
471.3861389160156
591.680908203125
627.4675903320312
450.80999755859375
648.5037231445312
480.20623779296875
743.3802490234375
638.47021484375
600.9451904296875
602.442138671875
602.0215454101562
388.00482177734375
586.1678466796875
558.4729614257812
436.1946105957031
466.29278564453125
486.4501953125
574.9829711914062
604.7600708007812
525.5089721679688
531.3970947265625
598.207763671875
669.2249755859375
461.4200744628906
716.2359008789062
581.5645751953125
578.6292114257812
655.0298461914062
550.9737548828125
557.343505859375
297.8665771484375
527.6114501953125
354.5523376464844
496.5269470214844
545.6422119140625
523.2373046875
356.8929748535156
603.6849365234375
431.6065673828125
637.9873657226562
702.0142822265625
500.7132873535156
606.2305908203125
631.8862915039062
550.57958984375
439.2696228027344
536.1781005859375
276.28399658203125
642.1080322265625
462.6797180175781
479.6940002441406
671.5375366210938
474.7264404296875
657.7669677734375
471.4737548828125
624.8323364257812
452.64300537109375
551.0733642578125
571.3396606445312
575.358642578125
685.3370361328125
559.8192749023438
473.1943359375
542.9200439453125
565.999755859375
482.8541259765625
538.6982421875
561.13916015625
517.1937866210938
440.7000732421875
426.54541015625
435.5190124511719
392.968505859375
550.0864868164062
597.2427368164062
440.1190185546875
624.0084228515625
533.8482055664062
522.8912353515625
639.0941162109375
461.681884765625
556.8809204101562
529.6876220703125
564.0106201171875
638.663330078125
506.6977844238281
274.6611328125
572.23828125
529.5994873046875
688.654541015625
620.2257690429688
448.31842041015625
566.3848876953125
414.57183837890625
607.1546630859375
552.6434326171875
486.55401611328125
540.4725341796875
555.4600830078125
571.4391479492188
333.3345642089844
508.2919006347656
491.11102294921875
447.87890625
512.2106323242188
608.31787109375
576.83203125
652.8079223632812
525.045654296875
526.1771240234375
540.82373046875
505.6649169921875
477.63385009765625
593.7783813476562
627.6829833984375
500.8735046386719
540.5791015625
529.2164306640625
457.9947509765625
675.044921875
441.82122802734375
581.967041015625
490.98944091796875
372.2652893066406
614.383056640625
470.8670654296875
555.217041015625
554.7651977539062
417.37127685546875
448.31036376953125
537.6629638671875
350.549560546875
607.7507934570312
649.997802734375
543.5252685546875
429.17938232421875
627.3282470703125
540.0155029296875
428.879638671875
586.8779296875
604.599609375
580.8863525390625
480.68377685546875
493.6458740234375
554.0006713867188
679.9979248046875
537.06787109375
671.0111083984375
618.7894287109375
469.44305419921875
541.8455810546875
712.7938232421875
519.0008544921875
580.915283203125
302.1104736328125
350.3671569824219
566.5592651367188
538.7979736328125
517.003662109375
558.891357421875
521.3621826171875
451.582275390625
457.0682373046875
467.6392517089844
672.5849609375
516.5584716796875
568.8323974609375
562.9244384765625
472.28680419921875
617.6162109375
504.5298767089844
443.905517578125
509.3875427246094
410.3299865722656
699.52978515625
508.5341796875
530.9537353515625
664.9705810546875
471.1880187988281
516.7884521484375
485.045654296875
446.3507080078125
589.33837890625
668.9500732421875
610.66064453125
573.729736328125
458.71185302734375
521.5087280273438
652.211669921875
480.2850341796875
571.4180908203125
522.64794921875
675.3450927734375
529.6621704101562
608.1885986328125
589.1412353515625
628.2796630859375
592.3850708007812
765.1146240234375
643.780029296875
564.5526123046875
484.13397216796875
603.5385131835938
640.3814697265625
629.4591064453125
524.4871215820312
424.6538391113281
644.0611572265625
607.18408203125
358.16729736328125
501.0196838378906
599.1102294921875
613.7645263671875
463.68701171875
444.17010498046875
614.0369262695312
596.5283203125
616.1355590820312
501.04718017578125
507.96234130859375
576.7208862304688
573.89453125
525.42626953125
533.6090087890625
530.449462890625
467.58154296875
599.9098510742188
650.4505615234375
379.648681640625
616.9468994140625
436.9595642089844
364.22247314453125
601.838623046875
520.8309936523438
491.85443115234375
472.5325927734375
540.0718994140625
449.15106201171875
598.9503784179688
556.03076171875
384.605224609375
625.1431274414062
486.548583984375
681.810791015625
516.1754150390625
539.7041015625
527.090087890625
333.14306640625
501.01849365234375
474.62359619140625
681.3927612304688
528.5968017578125
377.4667053222656
554.080078125
433.8632507324219
645.829833984375
472.2528076171875
677.77490234375
561.6828002929688
416.75653076171875
566.792236328125
397.836181640625
460.78961181640625
584.1078491210938
586.2669677734375
641.7857666015625
668.8128662109375
565.0172119140625
537.0650024414062
438.91522216796875
731.8246459960938
421.3800354003906
576.7030029296875
519.15478515625
487.6452941894531
483.9403076171875
592.9332275390625
647.38427734375
494.4707946777344
508.47479248046875
594.8067626953125
363.2569885253906
586.688232421875
606.7890625
679.689208984375
440.2373352050781
526.3079833984375
551.91748046875
446.9510803222656
539.4973754882812
515.1453247070312
605.7373657226562
588.5012817382812
564.2859497070312
656.6787109375
560.9105224609375
516.3944702148438
503.10540771484375
514.0721435546875
451.34295654296875
436.04205322265625
526.97509765625
554.7100219726562
563.50439453125
498.7138977050781
383.4769592285156
542.87890625
610.727294921875
456.86724853515625
518.2265625
514.3147583007812
533.1788940429688
474.29156494140625
486.9530334472656
655.1229858398438
597.1995239257812
659.3658447265625
539.5401611328125
407.7437744140625
483.7023010253906
485.85430908203125
586.581787109375
468.4849548339844
559.976318359375
474.512939453125
445.0803527832031
639.4344482421875
506.644775390625
545.3977661132812
572.0887451171875
571.33251953125
441.7662353515625
498.00018310546875
454.10504150390625
654.2149658203125
572.6077880859375
478.53912353515625
423.605712890625
510.1370849609375
579.8065185546875
449.62371826171875
431.566650390625
540.2242431640625
572.2088012695312
647.6278076171875
429.91180419921875
420.8995361328125
440.66070556640625
508.30352783203125
603.5966186523438
485.98577880859375
668.271240234375
574.229736328125
554.9930419921875
504.2054443359375
508.02203369140625
487.530517578125
367.173095703125
531.1401977539062
517.8438720703125
432.3109130859375
572.1153564453125
474.66705322265625
633.090087890625
694.8280029296875
532.0015869140625
459.19622802734375
549.109130859375
549.16943359375
607.217529296875
505.01287841796875
493.9201965332031
688.478271484375
556.1857299804688
592.8289184570312
517.3087158203125
424.9036560058594
593.9358520507812
596.7767333984375
590.4342041015625
509.2225341796875
713.2369384765625
600.0151977539062
471.9712219238281
489.98858642578125
490.9793701171875
660.0091552734375
425.85400390625
599.7021484375
581.279296875
542.7991333007812
520.6925659179688
605.0870971679688
571.5440063476562
540.7835693359375
405.016845703125
531.6209716796875
619.7365112304688
495.6445007324219
522.9232177734375
486.00799560546875
616.7164306640625
540.864013671875
561.1168212890625
674.6651611328125
480.42022705078125
403.12811279296875
344.0115051269531
524.087890625
569.836181640625
670.5160522460938
361.62835693359375
603.0607299804688
575.1319580078125
570.6552734375
512.2245483398438
438.490966796875
332.5018615722656
741.1195068359375
576.1387939453125
445.0860595703125
449.8619384765625
607.8763427734375
528.1583862304688
497.4122314453125
515.1063232421875
502.91583251953125
565.2215576171875
613.354248046875
569.276123046875
534.167236328125
371.95343017578125
415.1997985839844
522.0655517578125
648.8849487304688
673.3529052734375
399.2191467285156
586.793212890625
522.6748046875
663.3991088867188
480.2299499511719
635.3453369140625
321.4625244140625
618.9495239257812
573.3881225585938
653.1266479492188
491.88201904296875
515.0647583007812
619.398681640625
541.5928955078125
491.192138671875
557.1892700195312
637.1685791015625
605.8350830078125
534.4732666015625
480.71429443359375
577.515625
478.7046203613281
462.4838562011719
612.6844482421875
607.9014282226562
485.703369140625
604.8387451171875
690.6568603515625
499.5230712890625
461.46380615234375
461.7190246582031
649.628173828125
600.6761474609375
497.8135681152344
419.75762939453125
561.86376953125
440.2923583984375
556.25146484375
639.746826171875
612.7667846679688
614.39501953125
549.168212890625
542.8961791992188
536.2069091796875
596.7752685546875
670.8485107421875
466.5581970214844
631.2515869140625
584.24462890625
612.2396240234375
483.8701477050781
571.596435546875
556.9172973632812
435.6348876953125
471.4007263183594
612.4647216796875
648.2868041992188
603.6563110351562
550.5377197265625
534.43017578125
562.6435546875
503.81939697265625
456.5025634765625
539.6107177734375
515.9956665039062
484.9781799316406
427.9184875488281
417.25115966796875
523.5922241210938
462.3769836425781
498.73553466796875
698.2557983398438
448.18280029296875
585.961669921875
514.936279296875
611.7750854492188
551.4212646484375
526.9946899414062
467.75933837890625
551.371826171875
463.173828125
500.40191650390625
508.0193176269531
534.9334716796875
574.2088623046875
627.5748901367188
610.6248779296875
457.74822998046875
577.191162109375
670.8485107421875
540.234130859375
439.087646484375
577.3905029296875
664.9281005859375
465.5358581542969
578.2927856445312
722.2674560546875
489.6321105957031
502.65679931640625
461.4373779296875
467.77874755859375
427.0887451171875
465.38165283203125
350.2220764160156
601.9165649414062
356.09979248046875
478.6940612792969
565.1105346679688
593.2564697265625
636.9192504882812
515.4104614257812
517.6784057617188
667.1134643554688
454.48675537109375
642.2171630859375
535.7864379882812
609.9723510742188
592.0659790039062
670.1363525390625
652.2044677734375
485.10888671875
484.2512512207031
476.3228454589844
557.8167724609375
461.6990966796875
659.5219116210938
555.6968994140625
473.6521301269531
654.8546142578125
493.1946105957031
517.8599853515625
479.1619873046875
532.59033203125
630.516845703125
599.5498046875
536.841064453125
530.249267578125
491.178955078125
459.8827209472656
487.1573181152344
545.3023681640625
557.4221801757812
560.06787109375
462.3692932128906
691.6741333007812
703.8587646484375
647.6151123046875
696.382568359375
716.2099609375
518.6875610351562
457.1983642578125
470.7413330078125
643.234619140625
691.02880859375
592.1243896484375
636.1083984375
698.98779296875
748.714599609375
508.1964416503906
368.0889892578125
284.35186767578125
393.6802673339844
396.9482421875
615.1409301757812
575.6142578125
523.5814819335938
602.3294067382812
628.1893310546875
549.2576904296875
429.11468505859375
553.262451171875
459.63201904296875
765.6009521484375
557.2794799804688
485.71197509765625
338.6463928222656
355.8909606933594
615.82421875
570.63818359375
486.9980163574219
640.565185546875
245.90521240234375
573.9784545898438
610.698974609375
548.234619140625
696.0878295898438
635.0601196289062
464.489013671875
543.0765380859375
642.0396728515625
566.3299560546875
659.46728515625
681.7364501953125
670.7562255859375
417.0457763671875
613.5139770507812
651.845703125
446.4432678222656
492.51824951171875
471.2936706542969
583.3967895507812
511.06640625
492.1981201171875
634.2274169921875
548.9268798828125
529.8859252929688
655.9825439453125
497.758544921875
650.633544921875
582.2642211914062
483.24517822265625
515.52783203125
456.21197509765625
640.7925415039062
515.259033203125
529.3543701171875
487.53466796875
511.7541809082031
483.95709228515625
503.025634765625
559.6729736328125
496.2123718261719
393.4017333984375
521.0833740234375
545.6015014648438
529.144775390625
533.7455444335938
630.9479370117188
473.1185302734375
541.04541015625
484.343505859375
553.934326171875
659.669677734375
583.0714111328125
519.3550415039062
423.7685546875
651.8267822265625
328.2479248046875
398.85552978515625
490.54351806640625
462.0345764160156
490.8081970214844
458.84588623046875
354.92913818359375
661.515625
640.9805297851562
689.4964599609375
537.0902709960938
502.212158203125
381.16290283203125
614.8402099609375
423.4775085449219
496.27740478515625
470.92889404296875
552.61865234375
585.1979370117188
521.1697998046875
514.466064453125
485.84124755859375
603.183349609375
462.48834228515625
511.15283203125
597.158203125
388.54791259765625
500.3643798828125
387.5036926269531
592.7989501953125
679.9891357421875
539.3807373046875
532.162109375
511.432373046875
543.1944580078125
629.7079467773438
612.6898193359375
524.266357421875
540.6436157226562
528.6879272460938
584.5223388671875
638.1041259765625
489.2714538574219
626.933349609375
409.849853515625
708.8757934570312
377.6670227050781
541.7276000976562
417.03424072265625
556.5831909179688
664.2583618164062
617.9946899414062
308.26312255859375
460.16192626953125
502.4957580566406
622.6980590820312
582.8406982421875
581.48681640625
586.1151123046875
400.2938537597656
651.308349609375
417.3487243652344
640.5528564453125
656.4053955078125
481.5616455078125
467.52679443359375
574.0711669921875
464.755615234375
482.6439208984375
606.3155517578125
484.383544921875
490.5970458984375
430.46331787109375
619.1613159179688
663.1439819335938
539.738037109375
423.67529296875
541.3209228515625
549.6026000976562
499.66656494140625
595.67724609375
528.336181640625
471.4664306640625
490.94952392578125
429.417724609375
564.9749755859375
682.6107177734375
452.79718017578125
590.0098876953125
557.339599609375
466.405029296875
537.754638671875
601.04052734375
501.43280029296875
429.25140380859375
722.0785522460938
606.9014892578125
570.0224609375
510.6878967285156
463.34381103515625
431.49053955078125
547.9781494140625
627.0855712890625
533.0201416015625
478.3871154785156
386.8576354980469
410.6011047363281
535.0372924804688
585.2354736328125
564.7454833984375
547.5665283203125
509.91534423828125
479.1672668457031
586.735595703125
518.6674194335938
679.90625
311.24444580078125
459.74542236328125
480.7659606933594
510.90728759765625
572.7033081054688
563.5189208984375
610.6036376953125
467.09661865234375
746.4285278320312
528.4236450195312
452.5247802734375
474.05499267578125
649.9888916015625
456.25970458984375
410.189208984375
407.5791931152344
566.8779907226562
615.798583984375
646.0592041015625
475.10284423828125
589.0584716796875
563.9279174804688
604.7587890625
462.84527587890625
442.37322998046875
424.4807434082031
524.4258422851562
568.663818359375
489.67340087890625
663.8482666015625
523.1885986328125
579.3982543945312
424.00347900390625
386.13824462890625
597.5474853515625
482.70831298828125
518.1568603515625
609.1011962890625
475.54840087890625
458.9685974121094
379.19677734375
507.69189453125
567.48388671875
419.70391845703125
526.0901489257812
460.64190673828125
512.5946044921875
622.4676513671875
492.08502197265625
502.88153076171875
603.2186279296875
626.699951171875
698.5043334960938
714.8134765625
399.9255065917969
422.98846435546875
424.24542236328125
521.4132080078125
323.2490539550781
457.6507568359375
537.9902954101562
421.25042724609375
501.25799560546875
616.7403564453125
650.5230712890625
590.0834350585938
564.0721435546875
577.135986328125
463.7248840332031
526.5393676757812
618.3810424804688
603.4012451171875
466.588134765625
462.6256103515625
547.8685302734375
439.3287048339844
466.8994140625
495.7183837890625
483.44927978515625
445.59307861328125
494.82977294921875
591.229248046875
493.5867004394531
451.155029296875
728.744873046875
571.337158203125
631.1444091796875
590.5718994140625
392.9810791015625
627.48193359375
421.4002990722656
682.27001953125
592.306884765625
620.4686889648438
586.2822265625
505.1368713378906
539.26513671875
639.6104736328125
600.029296875
495.90045166015625
383.97686767578125
626.880615234375
396.3981018066406
632.2862548828125
544.155517578125
640.5040283203125
409.75445556640625
686.5567626953125
543.9039306640625
675.4884643554688
590.266845703125
572.156982421875
594.238525390625
535.8101196289062
688.5481567382812
484.884521484375
600.0065307617188
655.9216918945312
472.2110595703125
486.8660888671875
679.4423828125
654.0825805664062
606.9771728515625
545.8414306640625
383.68414306640625
560.6005859375
485.679443359375
324.73541259765625
633.33642578125
513.4998779296875
472.6457824707031
554.638671875
472.51910400390625
550.7376098632812
571.279541015625
407.59893798828125
638.8321533203125
650.2421875
529.2154541015625
591.505126953125
563.5880126953125
388.718017578125
521.9840087890625
616.2769165039062
462.94561767578125
664.0390625
616.9813232421875
456.11248779296875
616.8626708984375
596.1114501953125
538.8888549804688
735.154296875
663.389892578125
398.5831298828125
405.4363098144531
668.0195922851562
441.814697265625
384.191162109375
558.72705078125
604.2748413085938
536.6284790039062
513.8251953125
531.0467529296875
531.36669921875
572.423095703125
528.2940063476562
416.2867431640625
653.26318359375
486.65179443359375
515.3623657226562
516.4348754882812
515.427734375
509.387451171875
564.9459838867188
564.3792724609375
528.5055541992188
521.4932861328125
584.356201171875
499.2930603027344
446.8227233886719
582.79052734375
595.4027709960938
651.93408203125
569.8775634765625
606.0235595703125
608.263916015625
554.379638671875
424.4013977050781
494.34027099609375
513.4361572265625
508.43206787109375
545.4976806640625
598.2515258789062
629.6174926757812
731.04736328125
625.1505737304688
359.46514892578125
520.72802734375
735.5823364257812
615.54931640625
545.6846923828125
368.6095886230469
423.2829284667969
547.6392822265625
615.9647216796875
647.369140625
599.2320556640625
542.80029296875
549.111083984375
565.5873413085938
603.038818359375
493.62713623046875
452.7083435058594
596.0146484375
526.0625
473.962646484375
528.8878784179688
445.6028747558594
474.35162353515625
501.4191589355469
694.8524169921875
593.7236328125
644.361083984375
553.18701171875
467.4677734375
553.8456420898438
524.471923828125
474.53900146484375
422.68438720703125
669.054443359375
427.3204345703125
591.14794921875
503.88031005859375
538.1087646484375
619.430419921875
571.36279296875
463.5837097167969
602.5530395507812
532.3721313476562
616.20556640625
589.964111328125
560.3536376953125
489.54351806640625
506.3697204589844
611.0237426757812
422.7713623046875
455.17462158203125
537.9530029296875
650.92724609375
491.88531494140625
432.0318908691406
426.5098571777344
578.3207397460938
607.715087890625
450.6685485839844
571.285400390625
582.8903198242188
534.8260498046875
562.8496704101562
487.40826416015625
464.86114501953125
493.958740234375
440.68841552734375
609.4733276367188
418.587646484375
585.2196044921875
500.12969970703125
603.2269897460938
507.27838134765625
598.7442626953125
456.0050964355469
522.22705078125
337.04498291015625
518.5197143554688
526.5146484375
407.3601379394531
594.2686767578125
353.639404296875
620.1514892578125
618.759521484375
538.7059326171875
634.7296142578125
439.2575988769531
545.278076171875
627.858154296875
417.2410583496094
517.0756225585938
637.49365234375
575.2117309570312
513.8458251953125
522.8991088867188
636.9398193359375
631.17822265625
649.7990112304688
545.5462646484375
617.6449584960938
529.4762573242188
762.4780883789062
482.0465393066406
460.57269287109375
596.8121337890625
454.4013366699219
559.9027709960938
647.5860595703125
530.2631225585938
594.1728515625
701.1947021484375
511.03363037109375
594.7295532226562
416.76202392578125
491.0040283203125
504.19091796875
399.0374755859375
516.3218383789062
604.4151000976562
421.14239501953125
560.870849609375
659.0316162109375
600.289306640625
505.4417419433594
430.33038330078125
446.9833679199219
572.1409912109375
611.6513671875
634.0784301757812
621.4540405273438
631.6099853515625
581.651611328125
538.4814453125
670.906982421875
389.0350646972656
508.0943908691406
630.2069091796875
665.9921875
626.2323608398438
642.264892578125
378.8998718261719
681.7982177734375
453.4131164550781
642.4219970703125
492.9311218261719
880.9061279296875
453.4918212890625
743.913330078125
346.0828857421875
616.9706420898438
635.0245971679688
598.1248779296875
693.2789916992188
391.7400817871094
383.17041015625
502.09222412109375
599.082763671875
491.0718078613281
564.3067626953125
446.7303466796875
543.2430419921875
511.2982482910156
729.515869140625
429.0641784667969
697.130126953125
459.2484130859375
579.7096557617188
533.1260986328125
475.07012939453125
573.9886474609375
474.2299499511719
478.0390319824219
680.0015869140625
501.25860595703125
462.0616455078125
377.75384521484375
584.191650390625
491.90557861328125
329.84716796875
488.2403564453125
685.2338256835938
497.5742492675781
642.7933959960938
532.0045166015625
424.8161315917969
512.6724853515625
509.2001953125
489.7247314453125
374.6911315917969
547.5484619140625
538.638916015625
522.6420288085938
498.50372314453125
510.1529541015625
541.6197509765625
561.60595703125
491.61456298828125
579.2916259765625
626.2905883789062
589.2770385742188
388.6379089355469
569.1934814453125
570.55029296875
490.6287536621094
688.918212890625
546.341796875
591.0336303710938
632.544677734375
443.0497131347656
572.2725219726562
404.60174560546875
433.70379638671875
554.380615234375
537.4658203125
571.79931640625
538.7344970703125
611.8736572265625
428.513427734375
532.0281982421875
468.6210632324219
541.5148315429688
521.0280151367188
573.0155029296875
490.1316223144531
639.871826171875
475.3382873535156
539.860107421875
490.80413818359375
578.5333862304688
561.723876953125
550.8724365234375
573.2301025390625
365.16241455078125
602.58984375
470.3240966796875
574.292236328125
529.9346923828125
639.9909057617188
611.1571655273438
516.107177734375
544.4615478515625
622.717529296875
544.03271484375
636.18359375
547.7387084960938
710.1746215820312
440.85992431640625
454.39044189453125
448.32470703125
506.236572265625
727.6754150390625
682.313720703125
602.2030029296875
659.9495849609375
438.49859619140625
364.4631042480469
666.8836669921875
738.7261962890625
590.7823486328125
493.0238037109375
590.0872802734375
496.02203369140625
605.0603637695312
335.02984619140625
486.239990234375
490.1988830566406
498.09625244140625
616.1712646484375
621.7540893554688
679.84130859375
591.2452392578125
356.32879638671875
522.4293823242188
405.33294677734375
502.040771484375
676.2015380859375
531.759033203125
518.352294921875
530.476318359375
499.3383483886719
603.68896484375
567.4132690429688
416.36578369140625
569.5731201171875
509.20465087890625
555.7130126953125
504.34991455078125
527.1661376953125
529.2069091796875
362.29638671875
644.6693115234375
554.3342895507812
533.232421875
534.2987060546875
541.5894775390625
572.1255493164062
580.3953857421875
709.077392578125
460.03515625
598.380615234375
670.082763671875
520.739013671875
443.30255126953125
479.37042236328125
506.7679138183594
561.178466796875
429.4444885253906
545.6618041992188
591.9640502929688
466.59051513671875
512.8892822265625
689.6416015625
475.1917724609375
451.04132080078125
448.85858154296875
546.8604736328125
611.928466796875
628.7977294921875
636.9879760742188
611.7550048828125
510.63885498046875
492.1302490234375
366.176513671875
497.47186279296875
431.1295166015625
685.2911376953125
349.369384765625
520.8311767578125
496.132080078125
435.1518859863281
661.1959228515625
580.51171875
547.4762573242188
443.51177978515625
557.4150390625
421.59942626953125
627.4568481445312
438.2626953125
487.2975158691406
613.2062377929688
672.615478515625
514.0958251953125
436.62078857421875
548.9359130859375
531.7730712890625
656.3493041992188
488.4013671875
570.3213500976562
402.055908203125
459.7713317871094
620.640869140625
695.9188842773438
627.4654541015625
442.74383544921875
543.4281616210938
451.51788330078125
589.9656372070312
475.90911865234375
470.05413818359375
552.76953125
349.32440185546875
548.9637451171875
532.2911987304688
449.0020751953125
615.8465576171875
521.7120361328125
595.5452880859375
416.81756591796875
588.9083862304688
494.85595703125
652.8826904296875
421.5733642578125
564.8150024414062
481.2435607910156
466.613037109375
612.4251708984375
381.692626953125
516.5725708007812
467.3874816894531
474.9364318847656
433.22137451171875
650.5106201171875
509.70068359375
624.355712890625
610.962646484375
548.92822265625
524.974609375
320.8937683105469
507.66204833984375
367.4857177734375
481.8648376464844
575.8207397460938
486.93377685546875
532.9373779296875
489.5806884765625
511.49371337890625
602.471435546875
628.8258056640625
590.610595703125
475.28668212890625
498.10107421875
365.1086730957031
521.4442138671875
630.7329711914062
602.517822265625
544.4812622070312
448.4814453125
430.9664306640625
593.8685302734375
525.7048950195312
593.30615234375
600.2905883789062
552.2489624023438
404.1536560058594
635.6350708007812
630.5159912109375
441.7430419921875
581.369384765625
523.4268798828125
555.2096557617188
375.41265869140625
483.2005310058594
558.6472778320312
691.1243896484375
459.9491271972656
520.9526977539062
744.1397094726562
593.9898681640625
450.8686828613281
610.479248046875
610.421630859375
546.3775634765625
648.2574462890625
326.82757568359375
609.23046875
563.057373046875
648.2238159179688
642.5479736328125
590.4376831054688
466.3428955078125
588.5506591796875
461.24981689453125
512.3223876953125
363.4286804199219
478.4869384765625
526.5008544921875
584.0814208984375
526.1747436523438
597.622802734375
705.3411865234375
582.765380859375
508.2939147949219
499.83221435546875
582.7799072265625
592.033935546875
556.1805419921875
548.9920654296875
530.709228515625
360.8887634277344
659.368896484375
456.66461181640625
571.665283203125
738.802001953125
434.4819641113281
493.5162048339844
642.2266845703125
428.88555908203125
440.76531982421875
385.07757568359375
418.9331359863281
624.6678466796875
511.0935363769531
618.80615234375
661.6625366210938
719.0762939453125
593.5413818359375
745.0497436523438
434.55706787109375
601.3951416015625
507.1427917480469
561.1085205078125
428.1199951171875
511.4026184082031
493.2110595703125
727.6595458984375
601.9000244140625
528.79541015625
530.6925048828125
419.37542724609375
419.0059814453125
597.697509765625
609.9791870117188
602.1053466796875
322.8797302246094
591.9315185546875
437.81402587890625
562.293701171875
612.7890625
484.78662109375
589.5477294921875
633.6505126953125
478.9073791503906
492.1822509765625
567.1746215820312
667.2982177734375
553.9423217773438
713.87646484375
294.86309814453125
447.55413818359375
690.96484375
402.77947998046875
361.364013671875
400.5875244140625
397.178466796875
584.7566528320312
614.0260009765625
450.7637939453125
506.2362060546875
602.245361328125
709.5199584960938
597.314697265625
608.836181640625
546.06787109375
617.3236083984375
538.8439331054688
456.3329162597656
536.9752197265625
492.2095947265625
681.067138671875
451.9249572753906
520.8692016601562
702.1109008789062
539.3912353515625
562.141357421875
419.57232666015625
362.0024108886719
590.5427856445312
658.0570678710938
622.6550903320312
590.5371704101562
469.97491455078125
546.105224609375
480.15740966796875
566.3135986328125
597.2196655273438
427.92572021484375
515.0157470703125
670.8662109375
576.4595947265625
599.368896484375
789.9932861328125
469.9578857421875
546.850341796875
674.4421997070312
553.57177734375
472.6452941894531
423.61737060546875
