2485.5279961824417
2577.7132446169853
2661.9548212736845
2590.4454928785563
2837.198820874095
2422.83682115376
2110.6947657465935
2262.0954194664955
2690.4877972453833
2619.7962906211615
1975.7204090207815
1988.5425825566053
2567.4188463538885
2381.416615024209
1772.4010214656591
3120.526418328285
2249.8274152874947
1800.4988081753254
2052.078309342265
2232.736588358879
2385.7142698913813
2087.0078501850367
2479.5978325158358
2386.9445630908012
2488.716592565179
2903.3937448859215
2604.431251242757
2278.231047153473
2817.6574813127518
2146.5564866513014
2584.6649232059717
1905.6290366649628
1503.834881618619
2846.7526191323996
2294.0159243047237
2118.4438770115376
1936.756049066782
2781.329764172435
2220.4227227270603
2187.6593127399683
2166.3534281402826
1904.6998596042395
2195.2854721546173
1838.0628556907177
1807.5539615303278
2849.985529154539
2397.4211068302393
1886.4747587442398
2458.9023517221212
2026.380239188671
3342.302976563573
3432.0070325136185
2723.523812651634
3598.9088966995478
3059.7403622716665
2227.0265580266714
3681.8470870107412
3915.3101149499416
3606.933983772993
3686.649553477764
3594.954698652029
3149.466334849596
4166.140215471387
2839.6664134263992
3343.169805303216
3167.137773707509
3661.021738961339
3399.9598460048437
3247.722009539604
2619.085927516222
3704.6349634230137
3056.149753138423
2836.299366161227
4077.6721839755774
3883.8095013052225
4030.9146522283554
4884.030115276575
3674.5711510181427
3013.4356961995363
3144.226553887129
3321.373082920909
3730.2867217063904
3965.2965097129345
4480.378831595182
2868.6218849867582
3859.014847293496
3927.2590248435736
2881.5988881140947
3466.30997402966
3135.0842622965574
3292.4891404807568
2702.685738399625
4213.734521210194
3366.6934721022844
3223.2021094560623
4312.669888004661
3646.1848160028458
3073.927830979228
3663.9120891988277
3107.131897121668
2081.9890929460526
2645.941106647253
2154.095272988081
2173.0904563963413
2490.152196377516
2055.820238262415
1512.562811523676
2354.7552716583014
2153.912619367242
2565.834247753024
1667.1259841173887
2279.279786720872
2807.488715276122
2283.8340247273445
1603.3945022821426
2529.8980517685413
1764.0459263026714
2264.7341145426035
2295.2358047515154
1719.76365070045
2723.530310213566
1605.3584789782763
2277.2982310056686
1935.3928282260895
1661.0451930612326
2215.581798031926
2283.398001641035
1977.5244305431843
2475.361564859748
2679.874405056238
1919.923325523734
2107.4831637889147
1856.3811477571726
2115.6461826860905
2431.9101377129555
1784.9059229642153
2261.1347812861204
1916.6467625051737
1888.8179546147585
2707.4337186813354
2675.506095096469
2616.2080587893724
2441.1251292079687
2241.6299476772547
2345.1150131076574
1981.5639083236456
1984.4461075216532
2325.8658843934536
2086.5794843882322
2309.075387850404
3319.1551533192396
3366.377353936434
3233.5040516257286
3054.5351816117764
3273.704278305173
2951.713447421789
4501.555089533329
2955.8598916828632
2878.1550871282816
3773.804953277111
2853.020426377654
2866.035248041153
3917.2884673178196
3842.6715998202562
3923.5237259417772
2560.438062220812
3773.9454584270716
4027.3247649371624
3322.5454594045877
3749.6682062000036
3607.402066141367
3440.6043199002743
2022.0013841986656
3339.0172703415155
4014.3589192181826
4338.697952657938
2685.9450585842133
4560.700778096914
2856.9549673199654
3892.977618649602
4266.394960179925
4364.224096119404
3690.510296702385
3897.6888957470655
2394.9680246561766
3258.9374378323555
4194.981868550181
3313.7514094263315
3703.6095619499683
3334.336192265153
2976.5527019053698
3217.2996207624674
4437.800253331661
3771.0633524656296
3535.7589584589005
2982.353374183178
3531.83572460711
4132.615576311946
4165.587514653802
4277.3252235502005
2737.8325460106134
1895.7091436833143
2532.7353093624115
2240.4780303388834
2604.4287447482347
2526.417736172676
2315.9066637307405
2313.813829869032
2304.432973563671
2163.7032905220985
2544.797039553523
2032.5362565517426
1941.2214484363794
1867.8023792505264
2339.974061831832
2979.247146561742
2092.6071201711893
1995.646080955863
2291.5490246117115
2592.003429979086
1867.406422317028
2958.4201791733503
2016.3334864974022
1867.2680090665817
2283.3401297926903
2096.7756219804287
1963.6712934970856
2337.2147768586874
2041.0708785802126
2142.7041910737753
1918.4286937713623
2617.051712408662
2183.035784110427
2316.48994871974
2227.6579607129097
2496.231489241123
2525.8070337325335
1946.854697585106
1884.8484110832214
2798.916735827923
2619.6543132811785
2311.074580207467
2353.5352144241333
2095.306894481182
2574.0744696706533
2474.2226325571537
2088.125350996852
2268.4385942071676
2050.951671540737
2498.862525358796
2521.3016098439693
2337.8167479485273
1795.1971535682678
2560.520581230521
2156.9116412997246
2042.2489303350449
1608.0864197611809
2140.672305971384
1441.6203643009067
2464.2303415834904
2451.2374790608883
1436.043607905507
2075.2610275298357
2374.4773321449757
1381.0115376859903
2368.8390572220087
2117.6177941560745
1914.9609556943178
2283.4967660158873
1704.3704013973475
2323.246706470847
2827.981999710202
1658.3050057440996
1694.3612773418427
2644.3439883738756
1746.781503468752
2125.3638436198235
2239.4715954065323
2652.3756496608257
2760.867723196745
2393.0605269521475
2369.9755834639072
3007.3320374041796
2228.094323962927
1942.5182444006205
2326.1188654005527
2080.513858422637
2484.1446666419506
2177.890298962593
2739.476380094886
2958.5577845722437
1908.659378170967
2046.7661506533623
2181.739185601473
1989.5262994915247
2774.318881303072
1730.4472270607948
3003.115536093712
2133.862722441554
2201.407525241375
2145.064143165946
2837.011321902275
2506.0299741476774
1506.3241104483604
2427.259374946356
1625.1019074842334
2152.756707265973
2016.133008286357
2660.166582837701
2414.650980204344
1743.0120279192924
2480.1410294622183
2438.7332393676043
2640.1740246862173
2196.2495661228895
2641.016571700573
1724.3721880614758
2507.3850643485785
2121.0174666643143
2120.022141844034
2467.296913549304
2349.3632877916098
2402.544598147273
2560.2166387736797
2388.517568871379
1805.0227501392365
3115.7146838605404
2376.3943188786507
2651.5980466902256
2493.816794335842
2312.065073400736
2464.2566373944283
2634.836321786046
2293.8184735625982
1662.737160474062
2489.5746455043554
2160.287028312683
2814.1400154531
1941.3515081852674
2334.4991180598736
2371.778106302023
2312.486382395029
2614.3458570837975
2088.2051575779915
1739.2160604000092
1644.8397968709469
2183.7376279085875
1970.0389676988125
1992.9538448899984
2620.899412751198
2681.6665842682123
2113.93015524745
2102.2790149003267
2076.0966308265924
2374.9596980810165
2003.3020736575127
1989.0270591527224
1901.5409523695707
2587.9262080788612
2268.848857372999
1815.8470626175404
2327.3147498369217
2822.626620694995
2475.638350188732
2416.608638048172
2087.684985652566
2070.8269643187523
1924.1781322211027
2287.2713432163
2149.5667011141777
1853.5322426706553
2622.8940016031265
1727.1790724545717
2467.8485587239265
2248.143964499235
2043.314857751131
2070.22157651186
1976.4621492028236
2338.129612773657
2664.205367743969
1934.1670820564032
1852.558664754033
1878.523152321577
2376.0141090601683
2614.917552858591
2529.2722609341145
1826.2832078188658
1878.8934480696917
2109.4704986810684
1639.9799292683601
2410.224589332938
2635.524446889758
1941.313174560666
3105.924122929573
3300.4948777854443
1979.7713344693184
2345.22899132967
2031.4997132122517
2660.5880004763603
3009.9828126728535
2081.7366384118795
2781.3168168962
2182.3375835567713
2228.32434605062
2997.7092360705137
2478.4581790566444
1765.1690288037062
2432.0327083468437
1772.5728384703398
1830.7085763067007
2568.9767192602158
1880.7997182756662
2232.5542847961187
2323.877242490649
2366.5316565185785
1677.321058243513
1743.5137579739094
2031.6227735579014
2370.689897686243
2023.1318600922823
2100.8224926292896
1550.810776233673
1977.5559629797935
2273.978612884879
1848.4817023724318
2792.2329751700163
2858.0811556130648
1717.1375848054886
2734.953738451004
2370.9870744496584
1753.2820881903172
2498.377679333091
2786.295587196946
2592.5989671498537
2478.364702627063
1817.8164031356573
1665.8364482969046
2383.177393898368
2270.6000075489283
1805.9533703774214
3066.8298129737377
1687.330353885889
1608.2716157138348
2116.8186314553022
1966.9363842755556
1992.5393640249968
2206.3630881160498
1836.5509731471539
2142.217729076743
2615.733454734087
2452.831467702985
2324.6495828330517
2315.281579092145
1647.1304889172316
3178.223880454898
1635.4409550726414
1588.3690066039562
2094.585956990719
2723.4898171573877
2431.8878462165594
2718.5797358602285
2416.4694777578115
2550.393799290061
2540.4999614208937
2835.5940281152725
2524.3133562356234
2430.0683716237545
1437.7235722243786
1834.6856343001127
2824.636741787195
2879.762461081147
2264.2933756113052
1755.1961311250925
2254.4775155484676
1896.7401686608791
2536.6696256399155
1923.8266857266426
2594.971584200859
2362.7087714225054
2027.7403792589903
2138.6144881099463
2116.8390321731567
2277.6788066625595
1971.6097851991653
3063.5441964566708
2621.3768439292908
2196.4265673160553
2204.7874238044024
2334.894394084811
1770.4036427289248
2394.3615067005157
2462.091250151396
2062.4299047887325
2312.945685595274
2260.002918764949
2435.079875677824
2414.353354126215
2184.0995354503393
2490.209139972925
2723.393114641309
2785.826872766018
2652.4964984953403
2063.204993739724
1970.6715090721846
2012.1620260477066
2544.772529423237
2536.6264221072197
2376.0369279682636
1568.5388239771128
2424.3648459762335
2386.9006196707487
2071.1092281341553
1836.2176994085312
2493.6534232646227
1932.2253064215183
1617.2257594019175
2597.06142757833
2594.9086199104786
1536.6407534331083
1959.3228025585413
2211.4655462503433
2462.753611087799
2407.245985418558
2509.773569896817
2569.5612758547068
2895.7236773222685
2087.979755535722
1683.9141251295805
2314.196715041995
2251.8425061255693
2048.357628956437
1868.433461934328
2360.389023795724
2627.8828939199448
2740.7706530094147
1853.3337214887142
1840.655395358801
2136.1268093138933
1510.0831373482943
2537.483444109559
2779.5072481781244
2430.3422031998634
3287.238551646471
2986.082823857665
2034.7871828526258
1834.8405746370554
2166.015137925744
1682.956285521388
2392.65911385417
2642.05479067564
2424.2180761545897
2534.7158002853394
2112.6775521934032
2210.3890401422977
2303.3204273730516
2503.840119868517
2888.851078748703
1912.7652743309736
2049.673955142498
2155.0126352459192
2914.44884313643
1867.003144800663
2068.3768795877695
2481.591542392969
2197.6791309565306
1969.5425337255
1980.1832845509052
2447.690123811364
2445.9858041852713
1940.8384429365396
2100.553162276745
2068.813269034028
2586.7202104479074
2398.23638138175
1589.5874457210302
3096.720925986767
2764.3242970257998
1873.7006666213274
2974.094839885831
2655.736485734582
1909.4515551030636
2243.4983770102262
2450.923868060112
2288.921802356839
2641.4828874766827
1930.9129793345928
1781.9015890061855
2096.3310231864452
2095.359561726451
1933.3415734767914
1777.0350106954575
2541.604268580675
1931.7002701610327
2152.0129210948944
1982.8525894731283
2015.8579049110413
2885.760119572282
2475.6834171563387
1693.9469020962715
2209.928765103221
2393.283882394433
2328.075163066387
2144.332502514124
2411.2418901771307
2271.2710439264774
1629.8749261200428
2504.501351773739
2599.928722694516
2215.242670968175
2573.9690186828375
2693.4913768321276
2385.637001171708
2073.9211993813515
1876.1560466140509
2718.2297041118145
2228.361614584923
2540.2697588652372
2234.30652166903
2261.037921383977
2408.9287495315075
1693.6809399724007
2613.403557419777
2542.1958871930838
2151.738985955715
2204.754927381873
2380.8728635311127
2279.3300156742334
2499.938341423869
2210.6457889080048
2075.546047344804
2488.748669281602
1971.9330312609673
1678.5762752443552
2138.3189767599106
2212.5037668794394
2301.816200464964
2311.9949608296156
2406.225877508521
2394.3126817196608
2121.5846783667803
1927.9803692102432
1835.2514311224222
1513.2500697001815
2453.5813154131174
2356.8290277272463
2012.5426424890757
2556.3279917389154
2348.4057308733463
2404.943630233407
2778.0168446451426
2624.421646311879
1722.6126766949892
2148.1984232515097
2016.968844011426
2803.250459894538
2212.3271872848272
3212.152876496315
2652.553056448698
2197.6312390714884
2961.9696408957243
1781.268729776144
2251.532563716173
1967.3231126517057
1970.3763011395931
2474.9827883392572
2161.158017113805
1826.9307262897491
2118.0845782905817
2250.815457433462
1825.7521611005068
1848.5091626346111
2019.3306007534266
3083.9948279112577
1684.8920364230871
2575.67154404521
2015.1644371449947
1828.7600421011448
2074.6164854466915
2473.518399015069
2062.951085701585
1357.1915649697185
2055.989380121231
2016.7063454538584
2068.4580137580633
1799.7324741631746
1952.3450954556465
2176.671897262335
1946.9683081507683
1607.394828632474
2294.6441285312176
2821.679535895586
1929.4539541453123
2276.697215795517
2944.6460045278072
2621.682940095663
1527.3599565923214
1987.8258885741234
2619.183402478695
2575.576698973775
2203.5956278145313
2721.018966525793
2224.5198980271816
2466.8425676971674
2038.1500230580568
1921.82188282907
2109.164389014244
1797.7955584675074
2992.6176360696554
2313.665321573615
1613.2758119255304
1839.3164170980453
2439.7904511243105
2838.0640289485455
2505.9370609223843
2801.713765487075
2017.1474446207285
2419.9373669177294
1760.397497445345
2494.5457876324654
2799.6929232627153
1943.9657991230488
2496.8723472356796
1551.5362850874662
2543.0991824269295
2539.7989074736834
2461.3629169762135
1951.5304288864136
2284.8807285428047
2553.010961353779
1805.7330302000046
2491.8510943204165
2694.9153912216425
2307.8721188753843
2538.5931001901627
2918.887836828828
2304.7400371730328
2239.1298600286245
2810.0531014204025
2229.8744344860315
2129.2668994367123
1897.1903671324253
2737.0970650166273
2535.2636523246765
1354.7760459035635
2255.253481402993
3428.937121272087
2323.128858163953
2299.361416399479
2537.9879801869392
2387.3745608627796
2118.991619437933
2376.3202309906483
1959.3108701109886
2688.342354387045
3102.2023376226425
2419.9606504440308
2623.0490604788065
2373.9816406965256
2178.457433387637
2104.119130551815
2167.015457689762
2634.1499358713627
2345.912908807397
2331.5421503186226
2593.3529872000217
2270.2988541424274
3211.8119188845158
1675.653180539608
1844.5990417152643
2704.442951694131
2852.050557926297
2473.565579146147
2549.184093788266
2622.14166136086
1558.9013140201569
1870.9604166150093
1921.865805670619
2262.7207996100187
1909.7250101417303
2149.649633690715
2281.4773264676332
2833.3257346451283
2506.4212631732225
2378.5105034559965
2383.9589895904064
2568.4288679510355
2434.7593261003494
1750.2556962817907
2176.8026771098375
2273.8500585258007
2243.4975875616074
1990.0581932514906
2105.7823026180267
3012.915463924408
2498.8773328363895
3009.433241933584
2507.7733682394028
2315.1225705742836
2150.6542527228594
1874.1333303004503
2341.221367418766
2149.2955387979746
2344.8919578641653
2288.2648645192385
1749.1886089146137
2595.0623337477446
2470.1829776912928
1314.342846892774
1896.2079801559448
2736.2753762751818
1989.7625445723534
1865.7436716258526
2391.865357413888
2334.0636653900146
1779.1248506307602
2273.1116273850203
1998.1744312942028
1808.2524913549423
2791.321982845664
2135.7737684100866
2819.207290917635
2265.92565831542
1829.4578811824322
1695.74515157938
1961.59675937891
2338.9360301196575
2010.3563258498907
1845.7573051005602
1873.8135883659124
2233.516517341137
2151.612354874611
1899.699040606618
2708.816109806299
2943.657459810376
2457.0206112265587
2286.672915056348
1852.761397227645
2729.866427883506
2192.6386334747076
2532.0705183446407
1590.0315112173557
2788.4428269714117
1760.2397324740887
1916.8200789690018
2839.057244569063
2643.5261948406696
1857.928678035736
2553.0811306089163
2138.8597739189863
1895.2450019419193
2594.5130416303873
1992.4310989230871
1720.320560514927
2496.247335150838
2955.404591590166
2356.679955378175
1838.8504308760166
2099.395842179656
1984.1256270259619
1882.5708782970905
2390.9761085510254
2485.2751188725233
2725.8566386401653
2734.090687647462
1134.1199889332056
2068.02476772666
2453.6859187185764
2789.902265816927
2401.9422356784344
2950.604187875986
2488.8431148827076
2412.6660184562206
2010.430958867073
1851.7352330386639
2176.948131516576
1925.2326821684837
2399.2064316272736
2562.0630341917276
2990.5721918046474
2212.0272787958384
2398.667929917574
2748.8052748143673
2036.5275360643864
2100.3102847486734
1820.9252503067255
1928.6808191537857
1680.8328867256641
2434.7077887654305
2386.963764756918
1805.2804095298052
2620.5936618447304
2445.169304341078
2634.085550740361
2072.850561052561
2010.1928608566523
2249.918628245592
2892.5055791586637
2117.3877505362034
2274.33232177794
2176.911555275321
2612.4080246686935
2472.1008051782846
2559.4539260417223
3133.487948924303
2603.0857156664133
2121.2446661889553
2540.7139689028263
2333.8433751016855
2029.415685325861
2813.797499641776
2353.6064221411943
1948.9215985238552
2541.680943071842
1735.818024367094
2238.8325941562653
2559.34843480587
2009.320405781269
2675.6872538626194
2305.62411570549
2308.0379526913166
2088.0932445526123
2161.2232604771852
2535.4294200986624
1780.6861837357283
2232.9486201554537
1563.0291656702757
1425.910686776042
2489.3411387354136
2075.1434902995825
2661.5885310024023
2324.498150393367
1816.2656463384628
2445.486268699169
2379.2682621479034
2760.4602709561586
2105.5382974147797
1868.1977000683546
1588.6408789604902
2095.8257611989975
2295.8128653764725
2344.998158931732
2537.488611459732
1863.7154263108969
2396.321908801794
2668.408193215728
2963.32457408309
1983.776512876153
2414.481512710452
2673.8615910559893
2131.5656337589025
3740.9056604653597
3158.5248114317656
2891.6800093352795
4123.44466727972
2970.2243859171867
3385.394560098648
3507.621260970831
3025.984462186694
2683.0532198548317
2618.1117137521505
3622.7208662629128
3094.466263100505
2966.04541747272
3870.307209804654
3578.7319846004248
3103.0336588919163
2411.5476428717375
3387.507527306676
3531.360871627927
2588.0423261523247
3084.815619021654
2969.581645309925
3534.2947944551706
3210.0217470377684
3126.3615649342537
3416.5001513510942
2821.403310522437
2876.2258956432343
2717.140217408538
3662.127679258585
3079.0229851305485
3846.675658941269
2483.1074456572533
3406.967718422413
2915.1978664547205
2967.6667352318764
3148.1454849094152
3774.228952527046
4188.490018680692
3906.888922408223
2119.2749526649714
3648.9580159038305
4076.7153817415237
2487.519719198346
3486.0010249763727
4117.128098770976
2959.8663042783737
3262.569861486554
2547.447996109724
3345.3267095535994
2216.087018981576
1963.9204342961311
2653.8843216598034
2599.1200926601887
1873.2116165161133
2774.2596217244864
1809.4810740053654
2769.229566588998
2025.2410464286804
1915.0278343856335
1772.743485197425
1734.9914814084768
1828.2931430637836
2095.3422113358974
1954.1824255287647
2030.358907416463
2120.5641691684723
2462.9502676278353
2240.0432164669037
2722.4024073183537
2304.7372452169657
2522.864541888237
2015.0694529265165
2179.9898382127285
2963.305663615465
2338.578032299876
2528.5017343461514
2059.191870108247
2593.219877973199
2477.9410616606474
2879.1773019880056
1938.9334411472082
2346.0673533529043
2443.87481084466
2112.5254925638437
2385.1076568365097
2222.2307000905275
2248.5120843350887
2178.788920968771
2293.206555649638
2504.917244642973
1891.4720066785812
2429.012543782592
2246.0804792046547
2490.435638129711
2294.4980069994926
1741.1512989997864
2411.2040895223618
2180.336890310049
2628.9569326788187
2778.314109802246
2330.78708589077
2546.4610210061073
2440.9719873666763
2512.069523707032
2860.853236347437
1833.2789648026228
2891.0347757339478
2762.2814711630344
2243.7021293491125
2738.2167488485575
2071.3012678176165
2505.275693640113
2284.4704850018024
1839.8490991294384
1643.7037306427956
2606.202144920826
2117.199421942234
1905.9973510950804
2319.378510698676
2599.4528752416372
2729.3828089535236
2097.1690901964903
2322.8642150759697
2083.1851163953543
1716.0767704844475
1787.821722149849
1528.472980991006
3041.0872190743685
1949.4715588986874
2165.844083711505
1903.4349110126495
1843.9274513572454
1719.2148684859276
2050.886673554778
2729.8857609927654
2088.7477210611105
2358.0923896729946
2163.9344296753407
2322.2415470927954
2544.6473204791546
2701.483797058463
2237.6968280375004
2627.210206538439
2242.312540858984
2366.8078029453754
2322.7761920690536
2397.937559708953
2650.4293776005507
2442.0223274827003
2386.3127839565277
2195.1042771935463
2480.5008780658245
2130.42940710485
2776.4078981131315
2067.3403390049934
2149.7962429076433
1824.9639553129673
2383.1070693433285
1744.9882778972387
2304.966854631901
2902.8507084846497
1510.9455895870924
2953.3309890031815
1675.5373343676329
1914.5611629784107
2649.081626549363
2201.113717675209
2404.2805610895157
2651.8340038508177
2591.313627630472
1842.8861775696278
1940.2299317270517
2064.036004602909
2271.769194930792
2284.0524320602417
1868.1901373267174
1996.8125843405724
1849.2041068971157
2453.9572568535805
2314.966586485505
2555.541075229645
2355.670881330967
2381.873634636402
2678.6495189368725
1779.3697030693293
2550.089326441288
2086.6465811133385
2026.9483980685472
2485.070244476199
2529.847587481141
2023.869482293725
2156.102009728551
2576.1785353273153
2099.596247524023
2747.0405703037977
2581.668280363083
2693.5950443446636
2276.256774291396
2603.788616359234
2206.902680501342
2793.650854945183
2742.978875607252
1975.6186389774084
2311.2420351952314
2201.9644611924887
2356.2749356478453
1884.7964534759521
2427.4227353185415
1945.3108401745558
2210.9532255232334
2396.744787275791
2243.179117038846
2162.0920588970184
2223.1803134679794
2324.7445743381977
2227.049446195364
1621.539857596159
2455.5205963104963
2540.694963991642
2578.1452040970325
2755.176109775901
2871.756505265832
2140.724671661854
2084.5269668251276
2566.5936520546675
2608.4441229254007
1892.947045981884
2439.421294942498
1943.4663348346949
1444.2458169981837
2869.5556088238955
2139.1228388100863
1734.1581204235554
2214.734148785472
2760.641689270735
2508.3854028582573
2705.265108689666
2852.8731814026833
2691.827809587121
2781.321299433708
2149.9447382837534
2346.9783835858107
2884.2708080112934
2328.5641353577375
2449.7298936098814
2540.388189613819
2265.750945299864
2703.0305714309216
1690.0181984603405
2856.56525118649
2854.35185906291
3252.8821584284306
4017.939543798566
3792.2053981870413
3009.963145762682
3299.6149160265923
3121.74139867723
3473.9941476285458
3545.555069640279
3183.276360705495
2291.9424277096987
3747.843788251281
2543.986951559782
3370.0841662436724
3958.0407041609287
4008.664925530553
3675.796470120549
3449.8663858175278
3966.0408350229263
3334.2286407500505
4317.260745763779
3220.342290982604
3202.776617512107
3716.6176445037127
4406.6887267977
2844.2950068861246
4031.2529419213533
2325.4677378982306
4793.221819937229
3456.061303257942
3797.1300122886896
3556.99454690516
3444.9918016940355
2873.0029472261667
3108.7807644605637
3571.2986251711845
3273.8274173140526
3164.840619638562
3988.5628688931465
2935.5239976346493
3175.761716067791
3471.2561192959547
3611.4282460063696
3071.004008129239
3337.1362293809652
3432.9810837954283
3772.9035213142633
4158.277399152517
3561.574621349573
2035.6138097643852
2422.1900994330645
2700.6102465093136
2137.0622285306454
2154.253583461046
2650.3525026738644
2599.3286325484514
2148.779729798436
2674.8769242465496
2394.151474773884
2431.08164177835
2514.573924869299
2872.1379868239164
2299.9967496693134
1911.9646529257298
1709.5980768203735
2140.3354201465845
1964.1523711681366
2715.977324038744
2289.2160265743732
2187.816998153925
2303.104091644287
2917.9525490254164
1992.8612018823624
3084.4733126163483
1977.4404940903187
2165.781329497695
2157.4760207384825
2708.9923073500395
1737.2613832056522
2031.0899685323238
2661.2790686935186
2460.597673147917
1959.883018001914
2139.908589452505
1756.9945787638426
1926.180099248886
2153.485782161355
2607.97538562119
2182.235584154725
2615.5037311017513
2936.374205470085
2494.0712866187096
1429.372688986361
2049.680355474353
2503.0494408905506
1895.3448046594858
2862.274741232395
2680.248708873987
2177.3306600898504
2969.5755412876606
3099.5643614679575
2809.159930050373
3174.9890216588974
3749.983735308051
3672.5282917767763
3011.1780031621456
3050.9175059497356
3894.2599138319492
4046.1900873482227
3073.269274532795
3062.885898143053
4076.650454774499
4135.349148586392
4314.379234775901
2859.2806716114283
3312.513650596142
3943.3182031810284
2954.3139093220234
3100.9249088168144
2206.651354983449
2838.1514232605696
4230.799675554037
2536.240810483694
2109.4455422610044
3865.8307323157787
2883.619349732995
3143.9852636754513
3455.5672830343246
3604.269432067871
3403.8676098287106
3740.575895383954
3357.0234995633364
3222.668134510517
3301.985910847783
2563.1957404464483
2938.9294458776712
2991.1725168526173
3771.414200782776
2994.271122634411
4602.7572274804115
3925.0108756422997
3207.471064776182
4054.4975701272488
2981.653319552541
3530.4840710759163
4304.744901388884
4143.636128127575
4032.0567917227745
2189.7647934257984
1975.3694037795067
1834.6151201426983
1785.8598051816225
2693.792123913765
2686.543569922447
2301.2029042690992
2235.788032054901
2465.968387976289
1727.2555579990149
2429.9864325523376
2648.527801424265
2870.0084120184183
2250.0566847771406
2079.8541800528765
2284.9892573058605
2352.404378026724
2528.5774763822556
1605.9511577188969
1797.1492763757706
2590.496534794569
2229.9096961021423
1812.0953784286976
2381.427157446742
2106.5873508304358
2015.0618405342102
2495.6343534737825
2127.0879434347153
1903.7653343826532
2454.8187867850065
2696.9768750071526
1956.0607457011938
2112.971797198057
2779.204754278064
2235.770810827613
2681.0353711545467
2039.921832561493
1850.6057510972023
2212.1970073878765
2637.980338945985
2029.0385161489248
2318.261063873768
1833.3323396146297
2593.1424957811832
2815.7368197739124
1687.1701312959194
3062.693745329976
2128.8386557996273
2490.8225349634886
1508.9013207703829
2366.6514859199524
2164.115042075515
2058.9505545794964
1534.4876879751682
2672.5515364706516
2726.0561520904303
2071.222929522395
2596.167664811015
2426.866549745202
2923.321181282401
2307.3675897717476
3037.441636174917
2258.510609552264
1957.8861712515354
2552.033170968294
2212.868084356189
2761.3578949570656
2577.678011313081
1801.5625490695238
2206.655101493001
2492.5891812443733
2832.0689477175474
2041.3213670551777
2495.9040140658617
1957.6599959880114
1858.3173645287752
2820.383612141013
2252.601263180375
1809.2358065247536
1785.733420804143
2450.1502256691456
2658.576423123479
1774.0217787474394
2158.535857528448
2246.9125909358263
2418.777609422803
2539.126596495509
1927.2935855537653
1670.8775750398636
2665.376092031598
2825.356220036745
2698.7805084735155
1946.1187582463026
2640.3090577423573
2524.6490527391434
2115.496443375945
2015.0237724035978
2258.0100612342358
2445.085800409317
2329.245295599103
2355.7865649312735
1733.6674576699734
2019.3717759400606
2554.7718543559313
2468.7695582807064
2283.8324549496174
2193.333291321993
2400.7838277369738
3018.926169961691
2001.739436790347
2106.772606432438
2318.1209713965654
3251.2847033143044
2818.4525169432163
1977.3350505381823
2238.989074766636
2385.0093905478716
2507.8399430662394
2758.9689678400755
2115.1400805562735
2186.0892311930656
2125.1388921141624
2544.7069274634123
1560.3952214419842
3067.331237077713
1642.7837847173214
2431.2419827878475
1861.3833825588226
2483.0577310323715
2002.7411169409752
2713.1442606151104
2108.1182992458344
2011.2665257900953
2950.2323838472366
2136.925160959363
2132.9777863174677
3059.873908162117
2494.843075364828
2479.234042301774
2554.2122795432806
2175.9113940000534
2072.8724371492863
2463.7807087004185
1944.5221796184778
2761.774168923497
2564.5883652716875
2364.1684875935316
2328.1059395968914
2008.4386567771435
2669.322985857725
2398.0450836867094
1991.5854468345642
1634.3010096102953
2192.543527558446
1875.3196115791798
2489.747565880418
2058.29207983613
1853.8071540147066
2495.0418523103
2171.325121819973
1518.342521339655
1547.0939093083143
2120.8999461382627
2323.4640606343746
2164.3366174399853
2019.7068523317575
3040.966025337577
2484.3704857230186
2592.6064887046814
1975.4733673334122
1949.314099624753
2660.967607304454
2342.6787465512753
1875.0904468148947
2230.7779411524534
2523.2826980501413
2660.4040744006634
1589.466965034604
2666.1861035972834
2315.7339430451393
2076.755932599306
2650.0462800115347
2583.1255473047495
2136.6841697096825
2857.0502622127533
2637.1675990223885
2236.474275022745
1944.532607242465
2638.1229497492313
2239.4318697601557
1587.6592809557915
1658.342363268137
2678.0850585848093
2153.8086613565683
2045.9995576739311
2218.93489202857
2713.589745372534
2386.8341787457466
2321.758776307106
2541.337621331215
2420.9936756938696
1730.8950048834085
2786.3113009929657
1557.1662894040346
2982.795794248581
2363.4554033875465
2240.0403997153044
2647.949847266078
1963.1503227204084
2257.9387786984444
2294.2405754476786
2559.025729894638
1988.3463423401117
2454.459873855114
3055.018357411027
2548.913506358862
2093.596522092819
2289.0266507565975
2322.4288931190968
2153.9260957092047
2115.966865926981
2172.756381392479
1725.3242687880993
2794.2546402961016
2420.271501556039
2108.3281961381435
2456.0820777267218
2422.821605235338
1881.4376145750284
1866.8763934522867
2111.7221432626247
2228.674307182431
2606.4750017523766
1842.4483220279217
2131.4387821257114
2546.890001550317
2773.346311956644
2603.210772484541
2435.1101676523685
2338.1054342091084
2531.946517586708
2514.9852499961853
2212.09831905365
1798.6680445373058
2598.7908234894276
2143.178890734911
1912.7256820350885
2380.5952602624893
1734.7628658115864
2293.921917885542
2785.4244850426912
2351.520051136613
1765.9451562017202
2739.2551276683807
3249.2332823574543
1873.473672837019
2283.39143063128
2511.717043429613
1823.487144201994
2788.7428382635117
2869.9152586460114
2711.6916528344154
2201.826426535845
2285.423807054758
2522.020188435912
2081.072298452258
2044.6441757977009
2737.6299655884504
2172.427504643798
2133.827358737588
2399.8829174786806
2048.981626689434
1790.358990624547
2241.9855141937733
1921.0137790292501
2208.0038558095694
1643.68521925807
1925.9448468238115
2598.687474220991
2341.0492687523365
1805.6735398769379
2008.4221194386482
2271.770515590906
2207.313237577677
1752.5414920449257
2514.7664092481136
3027.949958398938
2191.6932741701603
2229.3771246671677
2198.2885471880436
2513.515730008483
2503.750290930271
2271.4663970321417
2432.8480193316936
1673.0762379169464
1998.952869206667
2477.3570256233215
2214.7386638373137
2100.357783526182
1923.927442625165
1873.355904698372
2239.1266577243805
2075.2973304986954
2129.107790887356
1762.474483653903
2796.625244691968
2210.609722211957
2323.705559760332
2215.343402713537
1998.693120136857
2682.4735502153635
2612.509864717722
2074.565966963768
1999.1906589865685
2474.2638143748045
1944.8842995613813
2419.480735629797
2031.117616072297
2837.9373454004526
2021.2582544535398
2701.1429706960917
2555.9049913287163
2710.487884506583
2203.7969932109118
2475.4512728005648
1864.1924167126417
2135.1785499602556
2244.767796382308
2066.5158966481686
1796.2011706382036
1658.5381207168102
2560.3582270145416
2453.329797014594
2139.7370383888483
1543.8985932171345
2430.9063145816326
2162.816527441144
2728.7875841110945
2658.490865588188
1930.2342396080494
2602.9898335784674
2304.52755536139
2007.8617713451385
1659.8414942473173
2046.234773606062
2573.0171556025743
2603.3156172782183
2516.264128819108
2086.167721003294
2145.9357999116182
2895.436083137989
2472.9868149757385
2958.0661269128323
3635.739590346813
3581.46297724545
3769.3016780018806
3455.0865006297827
2825.0331912338734
3386.314782038331
3905.776075616479
3473.8903105705976
3236.550068810582
4312.617563501
3608.310731753707
3659.021447196603
3591.6718007177114
3398.4427404105663
2593.1806959956884
2649.2021927684546
2947.052017956972
3954.867520570755
3903.5838831216097
3010.1641736477613
2772.963895738125
3244.595253497362
3341.1129817962646
3475.474769130349
2875.1888680011034
3471.19506290555
3235.639739394188
3977.1996996998787
3062.056598857045
2681.3417996168137
3017.8876182734966
3449.3034388273954
3946.974405169487
4200.416373729706
2733.4956867545843
3076.506046310067
2458.821687027812
3014.7476946413517
2138.0890342369676
2714.767527461052
2334.8821849375963
4012.56303691864
3425.6899552196264
3456.762798666954
2946.4093268066645
3109.144301518798
4138.3925673514605
2812.931299895048
2011.4468972682953
2055.126542940736
2228.1146338135004
2617.9136835187674
2542.028504475951
2945.599518984556
2579.2830506563187
2703.6631658375263
2723.6622997671366
2157.155404999852
2011.5185446292162
1873.4953229129314
2296.905311912298
2756.7445940077305
1650.814632102847
1884.032650873065
2293.6893951296806
2947.633549630642
2384.176579222083
2531.650631800294
2711.4842693060637
1798.1955109983683
2874.28646633029
2264.1413104087114
2217.8088132590055
2533.785656824708
1896.559509575367
2219.900947332382
2484.8144025057554
2828.4421227425337
1927.073801741004
2278.3658975958824
2427.145748898387
2568.057471856475
2575.0796458423138
2412.7316144555807
2687.800843074918
2834.022555053234
2329.861604630947
2453.6983025968075
2345.0322317928076
3249.5677825063467
2012.186770543456
2410.0990089178085
2052.108910575509
2342.773805037141
2126.378414466977
2162.751874834299
1752.0019504278898
1720.9594535827637
2833.430705472827
2088.162054017186
2640.4169203341007
3120.0241737365723
2156.77346983552
2740.518418595195
2783.149984717369
2665.2925073057413
2541.7109062820673
2272.6756527274847
1822.358836531639
2144.3569833636284
2534.5112754553556
2432.9519985616207
2824.76922082901
2523.785321339965
2474.971672952175
2038.478511840105
1667.2095038443804
1582.211214698851
1880.4331877231598
1923.6956886351109
1668.9830095171928
2350.2023240178823
2255.690547272563
2918.5519412755966
2745.6264833807945
2210.9223866164684
1952.2659720182419
2047.9737343937159
2395.771912381053
1720.5945519655943
2471.2018565684557
2197.5875056236982
3019.445405051112
2822.186136290431
2497.6490111649036
1633.08294531703
2214.0865189135075
2480.48439155519
2130.6995587199926
1717.6541938483715
2547.874035820365
2480.9241421073675
1896.5135314315557
1874.4590595960617
2764.7602837234735
2509.4277169555426
2381.9782300293446
1846.2915905863047
2727.219118177891
2412.074473336339
1790.7877425849438
2335.3790498822927
2179.669515326619
2192.2874237298965
1928.3110170513391
2110.004231840372
2118.690105319023
2560.8680271059275
1807.4551749676466
2397.1293283998966
2327.4371383041143
2649.3837672173977
2102.2034536600113
2315.276166751981
2350.701471954584
2701.0843345224857
2758.0467466413975
1793.6184757053852
2105.022215113044
2773.26090554893
2060.892355710268
1970.7617644667625
2178.4962926357985
1950.2315596789122
1810.31835372746
2536.2300625145435
2210.548126503825
2397.5390772372484
2160.1978596150875
1942.1972883790731
2272.824813708663
2116.886514380574
1960.4742859750986
2676.2769267708063
1970.5752243697643
2330.5187076181173
2371.0903158932924
2258.530019119382
2403.723569482565
2210.1885779350996
2377.6785795986652
2251.1882658302784
1951.0217723995447
1947.9838187098503
1821.6597767323256
2591.9512684196234
1974.4372932612896
2401.9147497564554
2020.8096382170916
2679.022542744875
2502.307880729437
1720.6904729157686
1540.4759034067392
3294.4676963090897
2093.4186184108257
2139.439140960574
2356.32289339602
1575.9976865053177
2831.4706417024136
2460.161212608218
2552.453719317913
2439.169048294425
1967.8937252312899
2195.0231545120478
2425.6395797282457
2396.5654413700104
2512.5504048019648
2403.7240259051323
2511.0736095905304
2419.027160048485
2116.532442525029
2182.19716514647
2538.2168495953083
2976.6917425096035
3105.705280408263
2547.4337403178215
2428.179749429226
1949.2313391268253
2049.0148840248585
2904.4941936284304
2233.220071300864
2203.8766077160835
2441.7841392606497
2253.795509979129
2636.0054997205734
1675.2687395066023
2855.996188685298
2996.290758550167
1917.5972819626331
2557.5563157200813
2508.1273931860924
1644.345672532916
2459.5975487828255
1505.9171638041735
2135.052705153823
2370.388844296336
1841.616821244359
1941.2375207096338
2427.1238387823105
2532.032793790102
1593.7049143314362
2554.794394016266
2349.509760349989
1980.065833747387
2473.6853488981724
2910.845811277628
2896.0774772018194
2559.1256635785103
1753.6753751784563
2027.0434353202581
2796.7044965475798
2448.187392413616
1835.688828587532
2206.52382530272
1783.8684576749802
2681.625397026539
1602.746005937457
2306.609108492732
1910.0046598911285
2083.361096099019
2201.160308763385
2485.3805902302265
2373.9733890742064
2459.738658770919
2484.413796931505
2153.211412668228
2336.7819073051214
1840.9291731119156
1993.3018256127834
2037.7874919325113
2503.6234486699104
2448.6982440948486
2278.5742153674364
2296.2992990016937
1934.0621847212315
2421.543656423688
1975.0497070252895
2199.2476402521133
3035.7260285168886
2061.96803458035
2290.0012326687574
2395.3976232260466
1879.4769408255816
2142.242044597864
2186.296383395791
2401.133105561137
2845.1263883262873
2240.048366293311
1808.0767705440521
1988.665699467063
2181.953351661563
1697.3390274494886
2153.500902056694
2470.4457888305187
2084.585191309452
2234.953666821122
1707.789962619543
2068.3223124444485
2867.9530824273825
2565.731592297554
2192.7088318765163
2526.4865313470364
1894.5958845466375
2738.6237804442644
2246.618157878518
2422.8680074065924
2072.4036718308926
1917.3534873872995
2826.0801465064287
1961.3885376304388
2246.472832545638
2208.0690669566393
2365.025891944766
2315.3414832502604
2041.156443938613
2044.908648982644
2283.4487116783857
2401.274080440402
2454.294615447521
2382.447374433279
2122.2345629930496
2168.7018166333437
2271.508242368698
2351.548705086112
2632.2347232550383
1670.7100050598383
2673.1607310175896
1645.6990520209074
2732.9958519637585
2178.8812720626593
2237.621263384819
2118.3372310847044
2562.797207891941
1783.5255918949842
1780.2415801137686
2389.3490848988295
1966.654930114746
2896.6021596342325
1985.4721034616232
2644.1760423332453
2572.3480569273233
1969.1099047511816
2673.932954147458
2260.695812344551
2279.090246900916
2596.0591957718134
2495.6999078541994
2166.3742872178555
2457.9515391141176
2153.4067121446133
2186.9624993801117
1701.1753240972757
2869.7406659275293
2420.158087924123
2176.526959359646
2197.9349438995123
3108.6084082126617
2321.4696413725615
2326.8074000179768
3038.7723927646875
2395.4535918682814
2784.7203239649534
2200.665479108691
1479.2345799654722
1795.1603666841984
3123.9922886639833
2181.880939155817
1766.0054689198732
2732.9009384959936
2162.132416397333
2059.2992035597563
2044.939343586564
2767.926374003291
2374.4443883001804
1925.0301555097103
2550.132319495082
2530.668576836586
2146.7115076631308
1803.1241343170404
2445.0842333883047
1783.8432248681784
1950.0267100185156
2513.442340761423
2336.254805639386
1965.5016101896763
1547.4491994529963
2150.9458166211843
2508.3934524953365
2595.9555626809597
2223.6937562674284
1950.6204705387354
3053.0421178489923
1883.479078784585
2276.867590278387
1740.5403919965029
2145.4463866502047
2261.3492110073566
2435.3663322925568
2105.2288144379854
2620.578305825591
1881.2084565758705
2029.9680728912354
2625.249258518219
2423.7201402932405
2131.4506855905056
2651.7540327608585
2861.888743132353
2211.3335426449776
2238.5690148174763
2931.671522438526
2173.7543333917856
2472.758161023259
2989.681003406644
1692.876882135868
1850.7280553728342
1934.1753053367138
2097.149607539177
1973.7362044006586
1806.7125299274921
1893.332363590598
2377.8542178422213
2535.261634066701
2220.1207882612944
2140.8183424025774
1674.0908635258675
2122.067790478468
1892.8785273581743
2180.3887170404196
2890.2282032966614
2458.3734560906887
3035.8225423693657
2051.58783274889
1786.4149819016457
2234.261379286647
1354.2569738775492
2457.9223803281784
1618.4210971593857
2356.530912324786
2887.239153817296
3550.51882442832
4475.16363362968
2538.4371584802866
3501.6252532452345
4824.190162673593
3348.598600745201
2500.576431825757
3589.99767832458
3574.5472980588675
3190.171604245901
4404.293630897999
2877.061692506075
2826.7074465304613
3420.512055531144
3629.352021828294
3547.8541311472654
2736.150033965707
3837.727305367589
3103.862973049283
3145.456761687994
3275.781073525548
3402.753798455
2415.3044999092817
2699.547281265259
3545.001315742731
3791.537316888571
3786.4094623476267
4535.901103183627
2870.282724007964
4748.745328307152
3873.663210645318
3241.760046750307
3023.9718107283115
3050.7617521882057
3173.6243863105774
2522.384541094303
3068.1174941658974
2909.4401527792215
3706.2206173688173
3966.4424194842577
3027.7888815402985
3423.7861004024744
3454.929161891341
3264.5646377652884
3451.3812264353037
3204.933168441057
4237.3831814825535
3651.271318078041
3669.3440360873938
2154.7422225922346
2338.0609614402056
2391.7341144979
2212.4156997799873
2444.3027835935354
2081.580554589629
2757.753974378109
1888.6120774745941
2247.6889880150557
2568.1971550285816
2577.1323318332434
1825.245026230812
2217.9538334310055
2409.5365204662085
2728.2123312950134
2076.640938460827
2193.6572202146053
1613.2784714698792
1945.1260404735804
2351.8484711647034
1868.0529033094645
2071.2298912256956
2751.2468559145927
2194.8390073627234
1957.6088021844625
2699.3196585327387
2169.740996569395
2537.1962288469076
2362.4905096143484
2160.0019311457872
2245.909850716591
2019.8843933194876
1554.0910596996546
2077.848510712385
2461.1197509914637
2353.144420862198
2406.4670161157846
1901.5331946462393
2414.735291391611
2279.3380235880613
2418.984733134508
2932.8832640349865
2402.2588831335306
1976.9372423440218
2179.5222941488028
2802.9899936765432
2276.108320891857
2194.73687300086
1516.3949771374464
2506.914066106081
2032.155050382018
2345.05669246614
2118.104148671031
1915.346176981926
2422.0921458899975
2025.2342518419027
2075.410168632865
1815.0743508785963
2561.1651372015476
2164.4549272209406
2335.8677674382925
2849.9298713356256
2428.010846555233
2334.1764228641987
2243.3626616597176
1897.83975879848
2090.160447344184
2465.2788888812065
1962.931840121746
2003.2639594227076
2017.668892517686
2765.220216065645
2873.548982784152
1612.1588780134916
2221.3087826669216
1812.2786323428154
1818.9776905477047
2185.352441459894
2052.2314724326134
2085.9505422115326
1818.205774500966
3037.178700104356
2268.5708184838295
2548.8602397292852
2663.983591452241
2475.4876867234707
2437.332636579871
2266.402717411518
2811.510402083397
2963.4754889011383
2086.9818819761276
2417.0186719745398
2480.961139112711
1652.336418479681
2553.4973940849304
2920.3569878339767
2154.564222484827
2296.046754181385
2108.8571614027023
2137.6581670343876
2552.316796168685
1887.2550827413797
2413.647524923086
2548.6135482490063
3066.473116248846
2576.2352736741304
2547.1819199174643
1797.7427700310946
2097.157218977809
2872.7437016665936
2716.280950501561
2287.947361662984
2444.6613354086876
2355.095424592495
2326.5981228649616
2056.3281505852938
2392.635035455227
2411.1083846092224
2202.405688688159
2293.0896273851395
2232.7601394057274
2330.3518497645855
1979.7322330027819
2805.644726321101
2227.1132796108723
2303.96346321702
2330.7260275036097
2231.2913490980864
2438.9644994437695
1898.8119004368782
1978.2499852627516
2520.667772680521
2355.9698994755745
2406.2514415979385
2447.8974251151085
2201.728179425001
1153.3031862825155
2679.129131063819
1905.6141253560781
1153.823028974235
3005.528175935149
1841.9138980060816
2351.435899987817
1592.4146857857704
2646.6948307603598
1850.5567541122437
2601.858566880226
2388.540180578828
2133.8096308410168
2211.5834568738937
2440.721934467554
2349.683824568987
2461.105039715767
1546.5579489469528
2307.6961450129747
2206.903504088521
2312.2479516267776
1984.9411242753267
2224.545426890254
2272.7840150743723
2910.38909471035
2571.323463514447
1582.1766264140606
2653.54349437356
1864.6287284046412
1903.4072273820639
3075.058203473687
2022.6027728170156
2563.1736393272877
2498.5710563212633
2278.3641933500767
2228.919525846839
1956.8503000736237
2153.8959556370974
2342.985533505678
2150.2936242371798
2656.5955898463726
1971.1656454652548
2396.1784702837467
1912.2736323922873
2018.4318900555372
1980.5939466804266
2082.0815391093493
2225.7969808876514
1998.7042243033648
1838.9246338754892
1926.3641247749329
1704.1832424104214
2235.0453068614006
2138.126486837864
2067.226306542754
2517.964382261038
2948.9607329815626
2106.1617336422205
2801.5776700228453
1710.5393448472023
2930.0396344810724
2665.7581160515547
2316.064480289817
1638.0214230418205
2080.698729246855
2767.0365436971188
2434.0618288367987
2761.9373708814383
2894.7400341182947
2195.302689805627
1730.1366835832596
2057.770740300417
2234.431770861149
2957.5007587373257
2329.3067590892315
2692.810572490096
2601.003639012575
1638.4505103081465
1964.9003786444664
2162.330267816782
1996.7327987104654
2372.925692588091
2712.555106177926
2268.5337547063828
2074.7330637425184
2468.4854654818773
2152.175673723221
1790.0857585817575
2183.056116655469
1436.0033904761076
2018.2184232622385
2185.2335818111897
2640.9591066092253
2222.086344987154
1927.6735522300005
1618.8544144034386
2116.5964674949646
1875.7028489857912
2178.6889282763004
2650.169355586171
2061.4572136998177
2076.194086417556
1977.886389553547
1728.5658721327782
1717.5310842245817
3128.9766349047422
2112.444356560707
2066.4790873229504
2794.9183750003576
1547.7283016443253
2385.435456082225
2226.7044764459133
2294.067572697997
2289.640947729349
1887.3235491514206
2541.393232882023
2253.383423447609
2104.052168160677
1827.6732814759016
2227.338027536869
1978.1606898605824
2348.79968701303
2681.9825941175222
1562.2400172501802
2420.4138467013836
2621.7743182629347
1720.3471138477325
2756.2151431143284
2708.4814092218876
2136.772676229477
2047.885390907526
2389.319568529725
1826.5824715048075
2866.513588041067
3233.037836641073
2575.229428857565
2491.773518651724
1484.9618169218302
2626.065501958132
2221.6807323545218
1886.5747619867325
2295.784463569522
2237.2281246334314
2284.173291236162
2843.3355597406626
2660.230515345931
2349.2535025924444
1265.9645661711693
2521.150832504034
2175.6070726513863
2591.6570593863726
2417.112005352974
2466.1378433555365
2344.6391256451607
2235.19447542727
3197.047132194042
2462.3631375581026
2504.2163749188185
2077.9803687036037
2023.8139434158802
2250.04265794158
2111.33288744092
2447.629601120949
2108.9363347887993
4378.773061826825
3325.853582173586
3676.465794250369
4981.786628469825
3791.0454361885786
4926.6187539845705
3337.902326822281
4161.893639281392
2556.203335419297
3566.939049243927
3763.385759398341
4429.026032954454
3746.271906092763
3664.7688516825438
2436.9383258372545
3920.776271119714
3434.6918215602636
3030.6588108092546
2864.198309287429
3525.4351626336575
3924.6601121276617
3636.9117976129055
3673.9936835616827
3730.067208096385
2982.5404182374477
3335.431678161025
3124.135222285986
2940.276913970709
3393.4586328715086
4088.0173945873976
2566.22444345057
4132.316940113902
3119.5347502976656
3431.590971261263
4014.6759031414986
4046.097623437643
3060.503589063883
3064.627334073186
3273.9859370440245
3431.4301274716854
3084.3845358341932
4543.427336886525
3104.085911527276
2964.980482906103
3326.7297646701336
4043.6120421886444
3601.255617812276
4121.10076148808
3270.2034851163626
3188.523689210415
2015.4863059669733
2125.979166716337
2686.042180195451
1607.4201617091894
3279.667800873518
1881.9050091654062
1647.6896729171276
1982.639293730259
1705.0453322082758
1983.319574818015
2890.650273144245
2225.331366673112
1897.2997628748417
2374.630963936448
1647.2731281518936
2232.392907977104
1881.8879664689302
1704.1503481417894
2020.0700616389513
2567.436533406377
1716.622985675931
2627.238071203232
1903.6566916704178
2434.7015260756016
1954.111956909299
2097.614452883601
2212.9804630726576
1881.1754230856895
2129.115939512849
2474.4083996266127
2242.0409541130066
2608.6029683947563
2201.6103140562773
2307.3948993086815
1957.3165426403284
1896.3944828510284
2539.480649754405
2294.63709923625
2279.0866393595934
2337.614175364375
2258.4329160898924
2478.6395375430584
1893.6969923079014
1929.7596981972456
2056.661987453699
2048.629685804248
2216.3293456435204
1974.0494480133057
2332.268081098795
2470.7009032815695
2049.4446025937796
2384.75815564394
2800.6916942447424
2414.241841390729
1537.3975723832846
2335.2846862226725
2234.8393226116896
2518.4661624133587
2277.389170587063
1900.5425696223974
2275.869743809104
1872.4436853379011
2766.7327282875776
2366.919984653592
2492.098906248808
2459.466598778963
2339.261984527111
2266.9748479425907
1868.5754702985287
2220.427554100752
2195.8433640301228
2063.037134349346
2736.76517175138
2832.3187434971333
2161.9950164854527
2118.438563928008
1960.0239208191633
1778.7655999809504
2682.7635741978884
1618.369570299983
2019.5503396242857
2650.2299190461636
1769.038182720542
2404.0717955827713
2351.162348151207
2864.601260140538
2924.015163898468
2135.660665437579
2425.6987395733595
2536.039436340332
2588.099004343152
1880.1130788326263
2927.3799470067024
2233.4506071954966
2386.903625175357
3070.656619220972
2368.0058153271675
2413.651473477483
2433.3830995857716
2197.7795367091894
1689.2049217820168
2779.8193946927786
2248.8385924249887
1767.1319113820791
2562.414821714163
1903.5697521269321
2660.9603921324015
2048.3149118870497
1899.2759978473186
2840.8041040599346
1881.3187038004398
2833.878234758973
2140.2074614167213
2344.94815094769
2297.0020221322775
2479.356144487858
2672.34854452312
2415.5941613018513
2335.2116726338863
2519.5889196544886
2183.071757763624
2264.0126228928566
1934.6834117919207
2354.022236570716
2116.824422210455
1505.6046845316887
1596.661756530404
3115.6765579879284
2281.2666058540344
2240.5474469065666
2158.9535909444094
2166.585997328162
2434.856652826071
3036.693954333663
1799.5323102474213
2488.7353631705046
1987.1023397892714
2230.8989771455526
2462.969575971365
2467.690538957715
1960.003843843937
2578.658848643303
2262.5520896166563
2174.5159438997507
2348.122483253479
2407.8951366990805
2302.70486754179
1715.4595575332642
2683.42341516912
2239.900905266404
1901.9881556779146
2413.6798043847084
1854.358002498746
2357.242670610547
2731.184254363179
1928.7175783962011
1989.753936946392
2432.079591602087
2318.5580413639545
2669.9241330623627
1905.478014394641
2407.034228861332
2310.9398724734783
2237.320459574461
2418.2838286161423
1962.8985770493746
1747.5674463808537
1770.9409260004759
1841.1174505352974
2074.310276001692
1609.5856236964464
2104.410787433386
2651.722735196352
1852.709760606289
2243.827316388488
2042.7444358617067
2090.063171520829
2936.0032064914703
2859.6474177092314
2147.5410258919
1701.6995555907488
2134.877352938056
2616.0334653407335
2666.2754455059767
2645.64452496171
2513.996298149228
1780.4614703059196
2039.489906206727
2806.542704284191
2311.7028588801622
1657.172584682703
1657.2783865183592
2527.914381891489
2921.1644275188446
2340.702573031187
2425.8630114644766
2547.7491836100817
1995.7840429991484
2974.1287567317486
2473.9946434795856
1821.5325361192226
2410.9228475391865
1600.5459629446268
2160.8496718406677
2065.445058852434
1898.3183962255716
1531.3684165403247
1814.5236983448267
2270.8657631874084
2657.90445163846
2081.574623838067
2243.5780900269747
3129.2655780017376
2140.272523969412
2454.8432799875736
2221.9991219490767
1797.8774441033602
2387.728230059147
2373.3613696694374
2069.5688261389732
2454.2536451220512
2520.4715572446585
2481.91871252656
2496.074748247862
1731.1346861124039
2119.6755918115377
2301.6428353339434
2250.5752079486847
2928.3586316257715
2122.1684975624084
2788.1978341788054
2744.930664137006
2356.8265252560377
2502.192796111107
2723.534045383334
1755.683708831668
2188.4792142808437
2080.344373062253
2115.480663701892
1992.8027308136225
2021.3123017400503
2497.949024811387
3204.075780943036
2536.4893713593483
2181.4548864513636
2186.6188910901546
2656.765240892768
2838.562188386917
1955.891095429659
2433.7314398139715
2639.1844902038574
2363.5260701924562
2303.3849945515394
2090.2149947434664
2250.9000779241323
2187.564878359437
2362.6644517183304
1848.9240749180317
2583.1900200247765
2667.0972854942083
2156.6087256222963
2247.24082942307
2102.074474334717
2174.9987670481205
1567.6384318619967
2607.869130283594
1497.612184047699
2399.496287226677
2778.942110955715
2196.8775588274
2367.5440308898687
2397.6695382148027
2833.904569402337
2551.6185292601585
2110.9938512295485
1880.4686331301928
1765.2044590711594
2171.9968937784433
1634.6634818464518
1584.1199029386044
2583.174881786108
2271.649723097682
2373.647948682308
2419.799103617668
1921.2718210965395
2007.1522832810879
2241.4981523305178
2337.9309077858925
2487.9817353338003
1694.5612757951021
2124.0122237205505
2469.2549631893635
2493.09690849483
2154.8803826868534
2472.307522729039
2317.6711399555206
2914.1775713711977
2170.799425289035
2797.318243175745
2385.5768079012632
3314.8047664761543
2078.4792550057173
2472.552488565445
2289.933891430497
2379.6083350479603
1930.77349896729
2504.435446098447
2958.5588016062975
2690.059871122241
1556.8850566893816
2621.5120533406734
2176.6565947532654
2279.840490400791
2899.3749841302633
1740.9380884468555
2943.579991340637
2186.6488747000694
2105.89400228858
2749.1133485138416
2040.422933652997
1803.6849919557571
2515.173243626952
2524.927693411708
1847.8094018697739
2455.824085891247
1894.078172430396
2417.619872957468
2242.870793417096
2098.771786004305
2030.416815906763
1831.094910889864
2839.126495629549
2572.3058857172728
1954.7286235541105
2474.0711373090744
2192.3727128207684
2518.2172726541758
1955.8454093933105
2703.239131078124
2696.511935263872
2358.907612219453
2739.384087741375
2406.9774140417576
1923.535603865981
2766.0969572663307
2211.7939297556877
2471.0560451895
2222.207285568118
2214.49188233912
2798.0853399783373
2443.9686565846205
2002.5115271657705
2850.8531782776117
2415.0078982263803
1995.7610680311918
1600.9489287883043
2511.3917673826218
1781.1275754868984
2088.5572376847267
2345.705354914069
2476.5540738403797
2241.686892554164
2534.9358928203583
2304.837403640151
2606.8646031171083
2449.8180724084377
2334.4616405516863
2193.2889367491007
2568.8594419807196
1710.5730741098523
1923.0306726396084
2474.4711559563875
2088.2177559137344
2282.3253865242004
2282.1692827790976
1658.175316274166
2051.0051355212927
1823.6482968628407
2383.1815482974052
2555.1516455709934
2324.1294318139553
2475.010392308235
3056.266842082143
2086.6087797284126
2318.509623244405
2164.5365712940693
2479.3340908139944
2714.0505378246307
2960.3464365303516
2853.7219648212194
2645.3495140075684
1760.44564075768
1866.0225916057825
2209.899677172303
2288.5086444318295
1992.4444891661406
1913.9642290323973
1741.0213258713484
2216.93031360209
1549.1747063398361
3610.191906839609
3841.2981703728437
3253.591166436672
3558.2654243409634
3264.650420859456
3026.587090149522
4129.698654636741
3333.306027278304
3361.755894854665
4045.1030454188585
2528.532551780343
4139.713134378195
3728.7663915008307
3366.117953762412
2773.0361385047436
3487.214134708047
3225.9793800264597
2953.2737974226475
4266.272769272327
3907.0305760651827
2352.683277055621
3779.0133965313435
3245.5872845500708
3133.248604014516
2904.8633704185486
3417.604188516736
3583.7202190458775
4481.411207199097
4244.353491991758
4252.441283375025
4095.7692360579967
3008.649718105793
3606.2479994148016
3418.8312515616417
3026.206822425127
3359.7034169882536
4439.084850460291
3297.6381812244654
4376.475339457393
3525.577639475465
3772.4877175986767
3261.8047298789024
3727.187083438039
2262.4096543192863
3878.3732989132404
2817.9403575360775
3799.335676625371
3886.790223956108
3507.1794016361237
3468.1249371767044
2463.499663233757
2231.3380318284035
2850.869016766548
2272.3359594494104
2452.7951869368553
2591.1609299480915
2294.565577238798
2047.401997551322
2236.4275768101215
2430.0967856496572
2157.4160194396973
1970.1098784804344
2554.662336692214
3009.24001288414
2992.348174929619
2904.77023409307
2737.2349026948214
2656.407345801592
2492.1751477122307
1448.5445526316762
2457.1049339473248
1819.0822987407446
2175.0777683854103
2070.7011014968157
1429.3103400170803
1768.7573105990887
2726.9315196424723
2501.1806835383177
2812.42030672729
1883.29040800035
2142.732002645731
1871.2025343179703
1814.5070997476578
1531.4555931538343
2543.477633535862
2702.284546762705
2828.8148845136166
2349.7503920197487
2713.812297657132
2267.3100639283657
2386.9375744462013
2006.0333643704653
2615.0069850981236
2157.17452634871
2157.6471092253923
2777.0788810551167
2047.7615589499474
2659.0675225555897
2297.70305454731
2063.7813563495874
1979.9859634041786
2355.7657251507044
1946.5836627334356
2248.3697548806667
2536.5553902238607
1902.1945594102144
2104.0140185803175
2551.861933261156
1931.2942847162485
1663.6374797075987
2169.470131471753
2128.456421852112
2251.643491730094
2264.2655677199364
2714.1315264850855
2572.9000339210033
2291.2628263384104
2136.9359177798033
2627.3088874816895
2334.3030170351267
1920.560292482376
2461.312816515565
1623.0336255580187
1752.5423416793346
2754.1364693045616
2376.321662172675
1713.4044843763113
2820.5872395783663
2554.589482203126
2184.129347756505
2112.569350078702
2563.655744969845
2557.161610633135
2091.8535640984774
1955.8482732623816
1976.6448713690042
1797.053834632039
1811.6329465955496
2867.15578392148
2295.5974906384945
2825.3374696969986
2624.303961366415
2121.1455563753843
2343.4875366538763
2208.8616804927588
2650.050376057625
2422.955154031515
2390.7223655730486
2168.400160446763
2990.1244237720966
2404.507329568267
3055.979801982641
2711.5946135669947
2027.4800418913364
2041.2357141971588
2632.130883336067
2552.17052385211
1843.068925499916
2296.8338032513857
2205.9481613636017
1989.5495568960905
1403.4183525517583
2460.2852858155966
2710.979315534234
2469.1449780911207
1712.5438373833895
1955.4377190321684
2153.7820089906454
2084.623026177287
2232.3534417301416
2385.558966189623
2716.789623245597
2328.075528487563
2127.628096371889
2861.7580480873585
1573.0611546337605
2305.922464415431
1703.7948192209005
2390.840617015958
1793.5902679115534
2205.962273567915
2345.5789657086134
2669.098078519106
1295.2126667797565
1885.2633077949286
2345.324704632163
2020.3610468804836
2248.97169098258
3021.638153910637
1561.4972485899925
2629.1925889998674
2485.002709776163
2344.9047146588564
2506.4971341639757
2522.7708390951157
2239.4066357016563
2453.3986899256706
2846.054134875536
2563.018247425556
2696.734427407384
2857.3121942579746
2065.9974525868893
2499.149705529213
2459.201494961977
2269.9824056327343
1935.5719299465418
2384.8244073688984
2665.4289309084415
2049.159683689475
2532.4448067098856
1644.6611456871033
2828.2719374895096
2487.3196605294943
2866.5563020408154
1913.2476496994495
2207.9393503814936
1528.8287715911865
1843.8945403248072
2561.2595991641283
2344.078380808234
1790.6683987677097
2611.0246661901474
1909.8533509522676
2514.158954128623
1974.7255270630121
2113.7303913086653
2179.03791937232
2036.3073295503855
2764.911245390773
2127.514430448413
2782.4091261327267
1970.0411280095577
2453.8561824709177
2207.5708066523075
1801.6508232355118
2039.8593727201223
2482.745698004961
2150.6113864332438
2424.4297321140766
2255.9017692804337
2429.434946730733
2096.738591596484
1961.1750713288784
2382.922050729394
2900.0366922169924
2116.312609523535
2328.8837875425816
2332.3323245942593
2651.2659536898136
2595.137099429965
3489.352778956294
2908.3266772031784
3550.9027408212423
3780.4598372280598
2986.4646694511175
2710.2837929427624
3727.2486968934536
3733.9881657660007
3131.9687040150166
3440.071163356304
4270.1352176219225
3167.0600028783083
2642.923803985119
4016.8853681981564
3339.4416588395834
3890.8664797246456
3530.3165936022997
4935.083394944668
2941.778758317232
2418.6807833760977
3319.21558059752
3972.8032548725605
3208.4237683564425
3514.702294304967
3634.4984199106693
3939.380294471979
3811.8840228915215
4584.913499906659
3562.27403524518
3789.759429588914
3996.669459298253
2886.246832534671
2771.698752015829
3755.5945017784834
3710.503509670496
3512.5503966212273
1970.4314910918474
3802.9259580373764
3086.367838308215
2932.1825664639473
2139.9480746611953
2411.9599733948708
3103.6278296262026
3979.457758843899
4095.9844677448273
3616.265813946724
3696.9222549945116
4642.60373942554
3115.3653740137815
3797.178868636489
2609.2183339446783
2636.555345222354
2818.2376452237368
1979.996995165944
2042.20408731699
2246.3291773200035
3377.134873956442
2759.5158983916044
2641.5882737636566
1547.375068768859
2486.91503085196
2378.106241285801
3249.2510441988707
2409.296643048525
2750.5646331757307
2416.111205279827
2240.2499385476112
2521.8859962821007
2552.2706771343946
1955.9058231413364
2109.805903747678
2328.063409537077
1819.896225914359
2960.9296124577522
2215.549974396825
1983.2137847691774
2219.8100635260344
2669.60982362926
2626.317502349615
2402.354063823819
2489.5984384417534
2545.7872831225395
2548.8607609570026
2349.183456391096
2403.8149205744267
2170.378572240472
2405.438747793436
2793.456661581993
2655.535613834858
2443.486814543605
2124.7245224118233
1933.612710610032
1855.9366327673197
2845.8091117590666
2418.1598402410746
2470.607412919402
1870.8741868138313
2013.7962057292461
1917.0185472369194
2382.604316651821
3477.5617299228907
3251.427267923951
3114.591896981001
3858.2051259428263
4274.137329846621
3728.897887453437
4215.479255735874
2523.1477518230677
3168.6351008564234
3210.6722010076046
3673.6027753800154
4057.462728098035
2171.716319605708
4294.83365920186
4207.430237293243
3508.4128069728613
2705.2088493406773
3395.130626440048
3947.8741808980703
3228.081145375967
3322.904201462865
2738.3611937463284
4181.319514378905
3458.9153735637665
3272.433639064431
2952.9863920360804
4921.403872817755
3291.237807556987
4283.740990146995
3388.769154936075
2901.4468941688538
3125.9526782631874
3187.6246297061443
3377.1401301175356
3528.652515038848
2541.366501927376
2590.230714082718
3758.6020778119564
3155.2278699576855
3579.19857506454
4553.689838781953
2839.388405069709
3501.18836453557
3173.830187126994
3664.374478057027
3107.8918420523405
3032.8574661910534
3026.447367310524
2892.6956645846367
3170.285603195429
3143.978843599558
3341.025763526559
3850.8712915182114
3307.742073997855
4571.878082886338
2627.1962467134
3418.247830197215
4072.182136774063
4252.315349370241
3695.9668868929148
2661.965146794915
2874.213317155838
2651.3631641864777
2925.376362219453
4071.2745871543884
3129.5541306585073
4587.961566597223
3576.778642833233
3349.0271481126547
3552.0607189536095
3034.9708101153374
3351.8222479969263
3561.686514467001
3207.5624111145735
2879.962085276842
3959.572805657983
3139.4464751034975
3418.234849318862
3416.9278925210238
3092.3642028719187
4536.277450308204
3468.8669471740723
3328.4791573286057
3057.930304571986
3168.787485912442
3497.0939851403236
2895.8114656358957
2901.7070863246918
2577.6949757039547
2703.6180015057325
3390.4372394979
2626.450671941042
4418.969355896115
2729.1965188533068
3769.409372702241
2498.6455180495977
2972.204460218549
3163.8760762512684
2618.6179551184177
3281.2302788496017
1778.9138696342707
2046.6436083763838
2041.769926443696
2508.8507533967495
1908.7405271679163
2471.681574821472
2663.0289661437273
2651.4696130752563
2300.6066812574863
2173.052894219756
2487.2331420630217
2577.4434325248003
1333.826511517167
2448.896716147661
1631.0465902537107
2385.326580733061
1944.0389658808708
2787.569246932864
1602.6084657907486
2416.367958918214
2392.6349029690027
1991.9066272377968
2484.051927432418
1742.5634745806456
1784.5421226769686
2007.7412172108889
2265.812037676573
1448.4482648670673
2504.4877750724554
2319.9171701669693
2005.9371644556522
2928.657989293337
2804.2078130692244
2132.193157762289
1735.791193768382
2230.56482604146
2799.26338095963
2748.442312836647
1769.0380771309137
1912.2958522439003
2078.906015008688
1814.2449254095554
2661.01080738008
2347.986272677779
2416.6993414461613
2198.744781970978
2915.940897077322
2011.114093273878
2630.697112649679
2451.8849137425423
2706.1303241550922
2379.9605516940355
2139.621954023838
1312.214762225747
2633.2323512136936
2118.516372486949
2703.7515912503004
3095.455820262432
2006.2704325765371
2501.293502345681
2651.6677802950144
1957.5052299648523
2736.3947245925665
2022.5819874107838
3098.0176060199738
2674.3066980093718
2549.209037154913
2550.066105633974
2574.648357704282
1630.707536548376
2473.69462351501
2376.915989726782
1833.7825138121843
1987.3949366211891
2055.390086904168
2384.5178173333406
2535.4024383574724
2244.310742855072
2237.841301202774
2537.9823419600725
2808.5796182006598
1926.69106438756
3050.2665621340275
2437.1095650047064
2427.7894983440638
2760.131940588355
2326.601008296013
2346.8812838941813
1278.8086489066482
2205.97060854733
1516.7038598954678
2095.391094252467
2311.0324847847223
2201.5238925367594
1532.8999236896634
2533.3012601435184
1821.7003077417612
2678.5384749025106
2966.5909253805876
2129.969025492668
2569.2500775009394
2670.2572557628155
2348.2152367532253
1919.6760928928852
2291.5332273095846
1194.541829943657
2706.7397808134556
1965.225072145462
2034.005855485797
2825.988178998232
1996.7699945867062
2761.08460098505
1978.9546702504158
2623.338971287012
1909.1885843873024
2328.4053650051355
2423.55836071074
2445.495059609413
2893.6355959773064
2357.6245857924223
2002.6482860147953
2325.1638159006834
2399.273423060775
2026.4905066043139
2275.9710302352905
2378.1787163466215
2192.3913840800524
1895.219422698021
1808.6011195033789
1864.8786650300026
1648.8783640861511
2361.467772051692
2514.590274080634
1875.7785268872976
2633.105900928378
2250.837505146861
2193.379006013274
2707.477670431137
1957.5634884685278
2388.0373941659927
2221.631231188774
2398.617815002799
2699.8313354104757
2165.232469022274
1214.5103634148836
2414.76873485744
2279.850138232112
2885.655784294009
2625.0297290831804
1939.018417418003
2397.0980852097273
1779.5066464543343
2561.3553937524557
2339.7871313542128
2111.756553545594
2294.5825271606445
2351.267679065466
2414.8718978613615
1421.2270435243845
2174.890223905444
2105.809108749032
1900.1807361990213
2138.8837044537067
2553.499153509736
2433.036172196269
2744.3042933642864
2208.116232201457
2236.1313642412424
2279.5758585184813
2146.249304816127
2013.6232074648142
2500.6480670571327
2660.5663287490606
2165.3027543872595
2281.8225542604923
2249.5145715475082
1952.6665011644363
2853.641329407692
1876.879126638174
2449.9653757810593
2084.6991105675697
1563.4792685210705
2626.401711449027
2002.946051850915
2346.074667170644
2367.215160384774
1814.191198348999
1918.3720134496689
2279.601368546486
1463.9319788962603
2583.7671334147453
2744.174741357565
2332.607054695487
1816.8485459387302
2670.8662512898445
2269.0665156543255
1809.1489875912666
2517.7978823184967
2573.894564509392
2473.521913200617
1999.0189882814884
2069.414075240493
2312.234123080969
2846.7231898903847
2240.1238142997026
2783.9188005775213
2590.24957190454
1989.9358426332474
2248.2598824501038
2982.470978602767
2214.45450592041
2440.1343417316675
1257.8685677051544
1457.0800051987171
2362.4549161940813
2260.0352137237787
2175.510693475604
2341.1953749656677
2177.6700686067343
1912.2015994340181
1911.0653438866138
1977.1429297924042
2802.9801274836063
2162.0102070122957
2381.5390935987234
2351.4900501072407
2012.5302528738976
2575.4957818984985
2124.31321439147
1861.3372849673033
2138.2124699503183
1723.4662462621927
2951.6802170425653
2155.0373394042253
2224.1364392638206
2743.743732586503
1973.4317671507597
2141.747276082635
2015.792910039425
1876.7993182092905
2448.3175532519817
2796.4400836080313
2561.4516043514013
2404.300709605217
1928.878745868802
2192.353067830205
2743.31158618629
2010.8053683787584
2370.250411659479
2204.6845367848873
2795.181300252676
2209.9804161787033
2537.938734918833
2441.066264435649
2651.777881577611
2457.088109970093
3168.7738206386566
2699.7511718273163
2375.0265042185783
2037.3419134020805
2506.761373460293
2686.4920762330294
2615.099973216653
2195.2033283114433
1767.6396135687828
2703.252322629094
2534.7176452428102
1477.2969877123833
2083.9743853509426
2496.2920084893703
2594.202489078045
1934.9488053917885
1844.7065392583609
2570.811525374651
2510.3883824050426
2591.282613426447
2071.9938769340515
2133.0810589939356
2432.835425823927
2375.2475307285786
2198.5240407437086
2254.4968852996826
2235.121308013797
1950.0295046120882
2499.4817087501287
2710.0590913891792
1562.150477528572
2574.2847574800253
1846.5690409243107
1537.215206965804
2517.7278905808926
2184.7073545902967
2070.514834627509
1994.6156480312347
2254.524221763015
1852.8966792970896
2498.6054445058107
2292.300125852227
1628.8499333411455
2611.672785818577
2027.441430658102
2844.1422198712826
2167.178563416004
2223.6579988747835
2205.165825858712
1378.7284001260996
2117.880692794919
1969.0859615951777
2872.898649200797
2226.892467364669
1574.628503292799
2334.151866748929
1817.0059305727482
2722.2895012050867
2002.8181729316711
2849.2946497946978
2377.662394374609
1748.2460991740227
2381.9629617631435
1667.8987827301025
1949.4197335839272
2463.808751806617
2450.5638093203306
2666.7562339305878
2809.188500583172
2380.1751381903887
2239.098418459296
1835.3566939979792
3038.4062485694885
1777.6544592827559
2418.2719910293818
2173.1224526017904
2024.3835327625275
2029.0453517585993
2474.2060580849648
2709.44654455781
2095.5014029294252
2125.388037607074
2479.072214588523
1510.3856331259012
2456.6011425852776
2543.3318745195866
2833.6921587586403
1863.9522121548653
2189.4450869858265
2327.0642204731703
1870.620079830289
2248.266140624881
2149.5946567952633
2528.7099192738533
2446.5359823554754
2387.132750555873
2754.242657765746
2370.5524518191814
2161.928652495146
2093.8505739569664
2157.2980286329985
1885.5062408298254
1833.2502728253603
2221.088996037841
2352.6385387927294
2356.883876606822
2068.6035200208426
1620.245374649763
2277.412642598152
2578.2726530730724
1930.221966817975
2152.2677184045315
2179.9580545574427
2207.0281726121902
1986.1120861321688
2063.529048204422
2712.1752247959375
2496.832285925746
2766.1462953537703
2258.4297707676888
1731.8519511967897
2020.497878715396
2021.640787243843
2481.4964983314276
1941.5368529111147
2350.323372527957
1991.77654273808
1874.9653490036726
2683.279702991247
2128.8644809275866
2267.7667610496283
2374.7694302499294
2374.618447974324
1840.167178466916
2095.9770886301994
1901.6782789230347
2731.3821791261435
2401.6420297175646
1977.26144503057
1744.2769079655409
2103.0686413496733
2404.931480690837
1874.4290689378977
1810.6889887452126
3379.019481524825
3596.2884891182184
4058.6286570578814
2707.3597277998924
2653.731886744499
2792.4121960401535
3188.0290999263525
3768.821689903736
3091.0816614329815
4184.068629994988
3617.264420181513
3483.382090717554
3151.1271861195564
3170.818519130349
3080.397154286504
2289.0898130834103
3312.6029886752367
3226.6346103549004
2712.931827813387
3621.535697981715
3003.8469887673855
3948.223341137171
4358.25414223969
3396.5472840070724
2907.457414865494
3442.9752601981163
3438.622500061989
3818.0133812874556
3172.938356295228
3118.400202393532
4284.430029407144
3439.3932635337114
3718.0816634744406
3246.615322947502
2651.19533072412
3698.8767350018024
3722.3950155824423
3701.773791477084
3191.422640159726
4503.052879035473
3753.1985620111227
2964.8234084695578
3108.732808455825
3089.663431212306
4139.1751821786165
2690.0743568092585
3720.906649634242
3603.2068449109793
3431.42122015357
3248.7907159477472
2562.473257303238
2393.163600191474
2266.9667759388685
1707.1414621770382
2223.928799882531
2581.630626499653
2108.638833940029
2196.934002816677
2071.5903908014297
2589.3223595768213
2256.3307214826345
2349.1291836947203
2822.8789785057306
2023.2433795183897
1694.5456901192665
1443.7193796634674
2186.9289313703775
2402.447947844863
2817.1435018479824
1507.3125199526548
2523.688398718834
2423.1012221723795
2405.8335000127554
2144.3274397701025
1837.8297465890646
1409.9518782421947
3116.1275355517864
2445.5984965115786
1865.550392061472
1894.8066547960043
2542.0606037974358
2227.930498793721
2072.697656005621
2154.6803368479013
2133.345914706588
2386.8994726240635
2569.0825415998697
2423.769065141678
2260.8898907005787
1569.0340397059917
1751.742293342948
2204.137986958027
2725.644822910428
2835.0580222159624
1664.550275862217
2445.182454660535
2188.7177837491035
2781.546093940735
2010.9815958291292
2674.488319322467
2066.787909530103
3880.3232949227095
3594.491507783532
4140.044074505568
3109.6911770254374
3241.940030515194
3876.725255101919
3408.564562186599
3091.466042369604
3439.7461601644754
4007.5625152885914
3828.8130431622267
3328.723630234599
3054.2426566928625
3669.8505968898535
3043.4329330325127
2896.127485230565
3831.8119111955166
3834.44006074965
3054.886929869652
3806.1355915665627
4331.8343860358
3144.4526187628508
2891.4384321421385
2935.033916965127
4083.5123537629843
3773.848113834858
3133.0430520623922
2693.407074943185
3503.7801741808653
2785.2725137621164
3518.1001049280167
4021.11153306067
3842.734972342849
3830.3301833570004
3475.7362187057734
3418.933667227626
3390.4546090364456
3767.1109607815742
4207.4610760211945
2929.4949114322662
3946.89300981164
3657.675421267748
3888.5757195949554
3060.9468303769827
3590.2035864144564
3518.7771787792444
2699.2646352499723
2973.891217261553
3859.5435093045235
4103.133353531361
3790.8787037730217
3513.396154433489
3359.284407168627
3536.5177386403084
3170.042598441243
2877.45968195796
3413.7836801707745
3265.0727640986443
3089.5177402347326
2738.6118560284376
2644.0760282725096
3315.6156343519688
2884.545689329505
3156.9111984968185
4380.291702583432
2810.1985142827034
3728.707327231765
3209.263945147395
3857.9920314103365
3483.1353491693735
3326.392106592655
2973.1738202273846
3472.753026306629
2905.1772801727057
3172.7675495892763
3207.957672968507
3351.7309861928225
3621.9433610886335
3960.0381962805986
3800.039177045226
2869.5986668765545
3604.2479698210955
4193.474960818887
3420.988498494029
2771.2430344522
3625.6204293221235
4190.2263071238995
2922.9862317442894
3601.330363318324
4538.467283964157
3046.6080526560545
3171.729936376214
2956.6891116797924
2942.63511171937
2665.9748209118843
2918.2699666917324
2219.152856372297
3803.6943405121565
2258.237998485565
2000.1957060992718
2373.9459036439657
2479.2764068692923
2644.6997888982296
2174.379643574357
2177.7516078799963
2797.4462999403477
1886.715033531189
2698.7928529679775
2223.598545923829
2558.3971009403467
2446.1241805255413
2811.9502104073763
2755.1123004853725
2042.2633982598782
2040.0752651840448
2010.517221570015
2342.0054207742214
1940.8773148208857
2752.3771412819624
2314.724481791258
1979.202674433589
2754.0840021520853
2064.517365887761
2183.1914630532265
1992.8512436896563
2237.4611850380898
2631.847561016679
2527.924387305975
2276.4139267355204
2222.360308930278
2049.2196047008038
1932.9752044528723
2035.2223619520664
2263.3145939707756
2330.2715970277786
2353.179632231593
1951.7653119564056
2888.5718725919724
2953.8734197467566
2701.5641518086195
2916.0508728027344
3002.2837078273296
2161.0695479512215
1896.8165331035852
1982.5838705003262
2691.4681216329336
2857.4304861724377
2456.1855035424232
2665.1017170399427
2914.2965546548367
3127.988460943103
2137.5479738265276
1547.65735052526
1203.238534644246
1631.9268293380737
1688.0753961652517
2582.024340465665
2400.803384140134
2195.8062331974506
2526.7088975161314
2639.4987229555845
2277.4232785850763
1807.4390349835157
2332.4882669001818
1919.8883121013641
3204.1629857867956
2357.4318967610598
2030.0714564621449
1413.8026414066553
1467.4702440798283
2560.603361994028
2405.3166151344776
2035.827733680606
2675.6823794543743
1040.9223343804479
2393.1406650543213
2566.9983360618353
2331.6169670820236
2887.066089168191
2663.070154041052
1925.6183019280434
2257.8917138278484
2693.483626306057
2365.3886854052544
2761.8472536355257
2838.1527536809444
2797.1908102035522
1774.671002715826
2535.625055372715
2731.571770235896
1904.4346317350864
2066.512353658676
2000.1440548598766
2455.9461635500193
2170.351158887148
2059.0201875418425
2645.0498816370964
2289.746016934514
2193.2047507315874
2754.5266019552946
2085.80137757957
2751.3773552179337
2427.0957286655903
2037.6236465126276
2166.176595851779
1905.431243389845
2694.769577085972
2171.1016021221876
2232.940781340003
2009.520155519247
2148.31764061749
2026.9273857623339
2116.760692283511
2311.913822963834
2067.6218786239624
1632.8765166252851
2157.1393879950047
2269.35171957314
2231.7474851608276
2248.8040125221014
2629.104555502534
1975.5280450433493
2265.0896207243204
2012.7074913531542
2321.1886434853077
2749.9409410506487
2425.2229603379965
2175.931389808655
1770.2835403978825
2709.9914759397507
1377.471556097269
1671.2984235584736
2028.2362996190786
1929.2649362534285
2048.209781318903
1904.0567181259394
1486.5553490072489
2791.723315104842
2675.0359245985746
2864.4747790396214
2232.366460800171
2096.4564747214317
1618.071104079485
2598.0568510740995
1749.3895747065544
2086.315398529172
1971.2611875385046
2320.844656780362
2448.5056580752134
2169.09886020422
2135.7860293239355
2064.094995647669
2513.146183207631
1934.9752620011568
2126.6770936250687
2528.84836897254
1640.7295032441616
2093.2002275437117
1610.445315465331
2500.8290478289127
2841.0456082224846
2268.0113083720207
2221.4342518746853
2153.401288717985
2256.0056468099356
2631.949316546321
2560.051775559783
2211.8865402936935
2285.2936403006315
2206.5796294510365
2488.6765777766705
2659.5958439558744
2061.427645340562
2629.7934398800135
1728.9364492595196
2967.022742778063
1564.3947476893663
2238.122264713049
1760.3941188752651
2319.2422598600388
2761.107359752059
2596.9628013968468
1302.4595831036568
1949.562179967761
2111.1547957360744
2610.927814513445
2442.1858741641045
2416.911232948303
2481.950884476304
1655.049072444439
2733.0362303406
1749.0642240047455
2656.2434251606464
2744.9255569577217
2004.1721332222223
1971.5608275979757
2411.6074480861425
1966.5236655026674
2031.9636393636465
2519.744197383523
2004.2002073973417
2080.7684860378504
1784.5734204500914
2598.4216530770063
2740.9713082164526
2241.3828917890787
1789.8303852081299
2270.008148998022
2272.2588960677385
2057.724717795849
2498.4980800300837
2216.6929935216904
1979.6432139128447
2069.9437099397182
1797.4838211983442
2378.7260766476393
2854.809575855732
1892.7996922880411
2495.1206947267056
2345.909947410226
1967.2676134109497
2263.7777329981327
2501.5055405795574
2090.128473058343
1786.58613024652
3024.9457193762064
2540.79758939147
2385.7591782063246
2113.5928145498037
1947.0756948888302
1785.6072770655155
2283.195714637637
2640.940817758441
2239.0361915528774
1991.9914911836386
1610.227340310812
1728.9855789095163
2231.66620208323
2454.191006913781
2376.4774786680937
2303.5459899902344
2121.1288655996323
2005.1070249676704
2422.9949474036694
2183.857918828726
2851.32886248827
1302.0231125578284
1903.4137682318687
2026.3607404530048
2145.2690005600452
2394.0128668248653
2362.1937862336636
2561.903718546033
1966.9606358706951
3138.098955795169
2222.4774341881275
1888.6120595932007
2020.7972290664911
2747.876111060381
1916.6312151402235
1733.6928368508816
1724.9296608418226
2374.2902240008116
2598.0674050450325
2718.5437382012606
1979.5463016033173
2478.9861626774073
2378.8854328095913
2547.8866887688637
1960.308216303587
1837.400866702199
1776.28997887671
2205.6507245749235
2395.4789868593216
2076.0076122283936
2791.25399184227
2175.7307634204626
2443.711997896433
1789.1909809559584
1626.4609245955944
2517.5436560958624
2000.1722109764814
2215.1534611731768
2549.0629496872425
1993.4134309440851
1949.121655791998
1609.1825209259987
2147.226449176669
2389.946285560727
1787.7082599550486
2204.472603842616
1933.7027321308851
2149.677713751793
2615.6367862671614
2058.4460157305
2107.120198979974
2547.854956254363
2615.4197679907084
2915.778388515115
3042.391228839755
1689.232895925641
1792.9300752580166
1795.4395772963762
2214.952438339591
1387.8031630963087
1935.0381232202053
2264.6074079424143
1819.0570064783096
2146.057916626334
2595.524587124586
2754.2742454111576
2524.3232868015766
2353.848778143525
2440.263621196151
1976.0852555036545
2209.758994758129
2612.1990456432104
2572.7809139341116
1956.3068568706512
1928.6065949350595
2298.112051129341
1858.658191934228
1966.3648648560047
2103.0284770578146
2043.1418495476246
1880.989989489317
2091.7822771072388
2487.0216158032417
2097.730017632246
1902.5131232589483
3093.7881912887096
2443.6983580887318
2647.7733805924654
2498.2258599102497
1680.060198098421
2649.9853205233812
1773.2466321736574
2890.9017032384872
2490.1315408200026
2586.774738147855
2471.8047204613686
2156.1911056786776
2274.109775289893
2705.6790034621954
2515.6042860150337
2099.8288089782
1602.1068302094936
2657.0374772399664
1686.2980084866285
2620.7556727826595
2289.6676346957684
2678.4561887532473
1704.8406813144684
2847.363310933113
2248.0471935272217
2808.501916900277
2435.5163445472717
2367.8453996628523
2467.551383435726
2216.270967081189
2863.92278341949
1999.7749608308077
2484.058971643448
2711.727473169565
1982.4588998258114
2000.6348310559988
2808.6225855648518
2722.126690387726
2525.446540892124
2281.1939051896334
1600.0696304291487
2294.0913698524237
2035.9327774196863
1333.7929638624191
2621.416055634618
2139.272024437785
1969.0829237550497
2278.469045639038
1971.2772774249315
2274.329111933708
2377.7795624136925
1684.9537738412619
2670.193228378892
2685.9210030436516
2191.571679085493
2455.5166276097298
2360.398266375065
1637.8149382919073
2172.919710442424
2551.8920938521624
1913.9852371066809
2724.2831518501043
2539.2331763654947
1884.0644808113575
2558.5625584572554
2466.6500696390867
2242.0900351554155
3052.843599587679
2767.980070307851
1646.1500087082386
1656.959552526474
2754.4244639873505
1805.7890035063028
1584.9680751413107
2294.281586781144
2495.1834393441677
2208.5115994364023
2117.861589178443
2175.29765611887
2186.8132687807083
2360.9497610777617
2210.465039625764
1713.1535118669271
2687.460067540407
2006.264459475875
2125.0510351508856
2118.1105871349573
2122.0131371617317
2096.133295953274
2326.842051386833
2340.5822560936213
2179.4684859365225
2148.388101801276
2408.9229591935873
2050.8380714952946
1845.0002893656492
2418.701434060931
2447.6859504133463
2661.494184538722
2345.877030596137
2518.3025080263615
2515.430248364806
2286.799114599824
1764.864209741354
2043.250876531005
2135.2434253543615
2102.077663987875
2252.3998489528894
2467.743943735957
2584.016090542078
3004.1744833141565
2576.5687704384327
1484.3029717057943
2128.049048066139
3015.8090685606003
2535.8860177248716
2257.038525864482
1520.918000355363
1752.4695682525635
2282.8161464184523
2576.735638231039
2697.8548102378845
2498.243399053812
2260.931074500084
2308.5928593724966
2365.820329710841
2491.280975908041
2083.595222532749
1890.9149882793427
2485.7279285788536
2179.622794866562
1997.6788204461336
2220.760073751211
1836.6532905697823
1992.365175127983
2118.8765833228827
2895.5546628534794
2490.878394007683
2679.1587492525578
2330.278105571866
1965.3936708569527
2321.295003116131
2180.0667308717966
1978.4211580902338
1769.937174230814
2765.9902702718973
1789.5663056969643
2473.3972067683935
2119.4497530907393
2261.0014346837997
2601.9080331623554
2384.736994817853
1913.844323426485
2543.399711802602
2221.6167676597834
2575.968812316656
2454.1512602716684
2333.7375485002995
2047.5809195786715
2115.2991067916155
2544.2361921072006
1799.422931700945
1901.8726765662432
2223.524251356721
2705.253426387906
2055.123488202691
1813.2512903660536
1813.7397283762693
2412.624085202813
3816.2686054855585
2819.673765093088
3547.1773614287376
3608.3119968622923
3344.616461917758
3505.223758175969
3084.152422055602
2887.7084528952837
3152.3299916237593
2779.643295094371
3813.903561040759
2601.1657321751118
3650.794513389468
3137.1856849342585
3760.317632317543
3211.919634670019
3711.285757228732
2878.466542452574
3300.7087968438864
2118.7673134356737
3268.6238625496626
3302.0060910582542
2527.833418980241
3738.926933065057
2233.3959976807237
3917.296923905611
3877.679182007909
3368.2358624339104
3993.846129924059
2733.790683493018
3413.1798525750637
3923.922943800688
2591.0324515998363
3271.069554284215
3983.4146569371223
3571.52910387516
3218.564550846815
3266.9257236272097
4018.734983474016
3911.4706211835146
4029.8286478966475
3431.7327680140734
3872.325824663043
3297.2392086833715
4742.28180450201
2989.21710267663
2914.393908381462
3739.5851301699877
2828.4566638618708
3500.604796528816
2706.6266804784536
2235.848554864526
2463.657691925764
2920.2242347598076
2132.13519243896
2479.9424773156643
1722.5186412930489
2033.5870652496815
2105.641660645604
1673.4914258271456
2135.0170242637396
2501.942407131195
1750.485335111618
2352.0301766097546
2743.147123783827
2508.4919563531876
2116.517539769411
1796.0846188515425
1861.0454296171665
2374.3624672442675
2557.926497668028
2614.528139308095
2567.3353479504585
2600.795196071267
2410.2046540677547
2230.299519762397
2790.3888102173805
1631.7333707362413
2117.6990998387337
2625.8320863693953
2746.1415031701326
2595.1803320497274
2676.4336693286896
1572.539609387517
2833.732010692358
1865.0181660056114
2698.7012243419886
2075.2715898007154
3663.4623562395573
1892.74701012671
3074.541118249297
1463.083370871842
2564.7347891181707
2621.843800678849
2511.3420739918947
2880.120419025421
1622.8335861563683
1603.0655191987753
2075.311463519931
2513.5800120532513
2059.615482226014
2381.4980298876762
1873.3174092322588
2280.805856361985
2157.7173613905907
3058.829018443823
1802.6304587721825
2937.903214201331
1933.4469967484474
2445.3231368362904
2236.8424996584654
2003.5935376733541
2389.7697980105877
2002.7496362179518
2008.4774672687054
2854.303812086582
2107.672490924597
1943.1097359508276
1611.7817333489656
2447.3430344462395
2044.7306744754314
1380.3790033012629
2053.355400517583
2890.5075649619102
2114.6603046506643
2685.290560513735
2253.0728971660137
1799.8810592144728
2169.584040477872
2157.6494200080633
2055.862882256508
1585.978561475873
2289.2662704885006
2244.34908631444
2223.5914402604103
2102.690303787589
2109.6926997750998
2273.1306180357933
2329.722345098853
2061.5558307766914
2425.841696500778
2656.1531369388103
2472.493523031473
1647.996505394578
2384.99012991786
2403.5149049907923
2075.2548725157976
2889.5946907252073
2327.2958412468433
2454.713203534484
2615.4310664385557
1842.2323547303677
2386.1614836007357
1711.0198471993208
1822.6137342005968
2311.3552619963884
2245.7138068825006
2355.3259317725897
2237.6150655150414
2558.533484607935
1791.4328145980835
2180.137307047844
1929.3705850541592
2246.980175420642
2157.0156598091125
2383.193169847131
2060.889447450638
2645.523784533143
1979.3434070199728
2267.2467335015535
2061.6581133902073
2421.5239693820477
2330.193427413702
2294.5357263088226
2371.452727794647
1520.1499222517014
2514.647464811802
1979.5737655162811
2409.931236669421
2190.5412404686213
2656.7060915380716
2525.5676125735044
2140.6638665795326
2266.232346341014
2601.8714878708124
2251.4689381718636
2654.4343756586313
2298.956152841449
2937.7906798422337
1854.932656377554
1901.3929850310087
1888.550479337573
2117.205995440483
3013.843405112624
2842.3048718869686
2499.2908567488194
2736.6513571441174
1837.4466376304626
1510.8802808076143
2756.4715652912855
3090.27869053185
2484.9840185195208
2049.7947289049625
2464.1035843640566
2061.1862168312073
2539.588880047202
1401.41641895473
2052.330341205001
2040.229049488902
2078.0935337245464
2580.9267242103815
2606.05078522861
2853.3672480136156
2497.4705215394497
1483.0271004587412
2194.8494750857353
1702.4144200086594
2097.7975542992353
2825.136839210987
2201.51344306767
2167.27622371912
2228.7047761380672
2093.1781534552574
2544.506531253457
2360.29473374784
1747.0359385758638
2379.936822101474
2123.270029708743
2318.2233382314444
2120.739377453923
2219.781597286463
2227.616155087948
1534.568023994565
2690.6534781605005
2345.3601539433002
2223.8374347239733
2237.4599031060934
2253.0925937592983
2402.5421441942453
2439.1973724514246
2947.6979745328426
1940.9424211978912
2490.7493741363287
2806.941990748048
2186.7769766896963
1839.308012008667
1992.59349745512
2121.655900388956
2355.9940274059772
1801.8011009544134
3430.9896209836006
3713.7696121037006
2925.1275848299265
3219.4806178212166
4320.962418034673
3029.0722421109676
2871.714441329241
2858.52576315403
3502.782714828849
3856.2030190974474
3992.5870499163866
4009.5030956715345
3855.4318368583918
3272.283620417118
3076.52050845325
2353.1157645583153
3180.99541208148
2739.1741001755
4306.579600930214
2190.730754762888
3257.1623774319887
3125.460197970271
2748.267685085535
4122.403295502067
3677.9644246399403
3494.761326596141
2840.1993931531906
3493.9700561910868
2672.708064585924
3951.04184114933
2785.4795924276114
3095.4496422261
3845.2001128941774
4283.390167355537
3236.208706110716
2749.6844270825386
3464.4495267122984
3372.067444369197
4125.591432452202
3092.022231504321
3638.944437235594
2550.148304015398
2883.5975275933743
3905.1793815642595
4389.649892896414
3933.733536913991
2803.7204378545284
3405.161647066474
2887.6480374336243
3718.42159666121
1999.874728679657
1995.0094312876463
2342.447181671858
1500.7751818150282
2299.3969199955463
2238.6505921185017
1915.5894069373608
2589.068716868758
2204.5751787275076
2495.051051095128
1767.2957255989313
2489.1514800339937
2078.6595730930567
2754.619281157851
1782.4894191920757
2379.1276304274797
2017.6891292780638
1940.45585565269
2587.908764153719
1589.7021374553442
2173.5717554092407
1986.1609879732132
1990.6929317116737
1818.6471860855818
2746.1471762657166
2188.5527013093233
2632.4556879252195
2559.0280385166407
2324.714509665966
2218.774849280715
1329.937289685011
2134.8357649445534
1551.4918266236782
2051.544985279441
2440.459838360548
2055.878325045109
2227.188380971551
2052.063360378146
2164.2972830832005
2529.212809443474
2639.7137929797173
2449.5200153440237
2021.5255115032196
2132.472802862525
1526.9652785658836
2203.370515912771
2667.700186818838
2521.913358926773
2297.5579981654882
1888.1573082953691
1805.9416195750237
2480.186939895153
2208.656687512994
2489.2931144982576
2518.3185244351625
2298.1829222738743
1697.231155976653
2636.878584086895
2621.985637024045
1866.0768988728523
2423.270277827978
2175.53633351624
2337.492575377226
1563.1553041487932
2021.605337306857
2347.9626348614693
2904.567523956299
1929.6513857543468
2170.0697985738516
3107.1179079711437
2489.9551629275084
1907.3156314194202
2522.0589944422245
2537.3729633539915
2298.1928543895483
2692.0563894808292
1383.1057537049055
2524.008265927434
2355.932045146823
2687.59713126719
2672.1217770427465
2461.3121407181025
1949.4945108890533
2466.2263223826885
1918.2842516750097
2141.9977837353945
1542.0661623477936
1978.46999900043
2199.6184301823378
2444.59824475646
2201.182640492916
2518.241401076317
2941.5716881603003
2445.4551315009594
2125.064081773162
2089.0268856287003
2443.5642451047897
2487.4616952091455
2330.0343798696995
2273.250034868717
2240.36631706357
1509.4225605130196
2745.2268345505
1907.1426696926355
2381.060972288251
3134.1607422977686
1848.1289924532175
2069.106069624424
2685.1982994675636
1806.3056407123804
1885.7324321717024
1637.7245739549398
1770.8954461812973
2628.7392296642065
2143.555013909936
2577.7754065841436
2766.838996514678
3016.5524659603834
2450.7437866330147
3164.912260249257
1844.3737726211548
2510.9545421749353
2110.7008605897427
2354.830407872796
1803.8362019360065
2140.6052745580673
2057.4676005095243
3063.0548566281796
2553.6452884823084
2220.3944851756096
2232.311535909772
1749.2860783338547
1785.1464219242334
2490.5785715729
2553.9968391358852
2574.0091121196747
1372.5496762916446
2504.25188601017
1860.186112165451
2359.276263177395
2545.772578343749
2040.9378308653831
2500.488561153412
2665.9887139946222
2045.2740665227175
2075.080991089344
2377.771008104086
2798.1725477576256
2364.378944054246
2984.3470481038094
1898.5162843838334
2803.217622563243
4338.059313356876
2504.902234941721
2282.8292515724897
2571.422744691372
2548.165927231312
3685.122751697898
3825.8862274438143
2834.4063862860203
3172.6374688744545
3771.704157933593
4459.924670815468
3769.7691673338413
3770.6123964488506
3451.4957232177258
3876.284396648407
3389.9589850902557
2889.0105336159468
3380.1949093937874
3112.7950249165297
4248.129992112517
2837.6702764630318
3256.0622144788504
4386.079472690821
3324.021234050393
3523.969910502434
2680.472770124674
2311.507546313107
3682.0551302731037
4128.7235406041145
3961.1117026358843
3720.1127044409513
2913.0765794962645
3383.4477313905954
3018.3415547907352
3552.304232418537
3757.2136732786894
2705.561278641224
3261.4376041144133
4169.517045035958
3610.5554996430874
3727.89431476593
4960.785319685936
2939.966295197606
3415.94795063138
4203.422696784139
3493.3039982765913
2963.0142761021852
2699.593097150326
