580.0
620.0
660.0
520.0
680.0
580.0
620.0
640.0
540.0
620.0
620.0
640.0
600.0
560.0
660.0
600.0
620.0
660.0
560.0
580.0
600.0
580.0
580.0
580.0
620.0
600.0
620.0
640.0
560.0
640.0
640.0
600.0
600.0
640.0
600.0
620.0
580.0
540.0
640.0
600.0
620.0
540.0
640.0
620.0
640.0
580.0
560.0
600.0
560.0
640.0
540.0
660.0
620.0
620.0
660.0
600.0
600.0
580.0
600.0
660.0
640.0
620.0
540.0
520.0
580.0
540.0
580.0
600.0
640.0
600.0
660.0
700.0
620.0
600.0
620.0
600.0
560.0
620.0
600.0
640.0
620.0
640.0
660.0
660.0
620.0
580.0
480.0
560.0
660.0
640.0
660.0
520.0
640.0
620.0
600.0
600.0
620.0
660.0
620.0
620.0
