260.0
360.0
200.0
460.0
240.0
460.0
280.0
400.0
420.0
300.0
120.0
240.0
380.0
200.0
260.0
440.0
500.0
100.0
460.0
360.0
140.0
140.0
80.0
280.0
140.0
220.0
300.0
260.0
420.0
120.0
200.0
240.0
280.0
240.0
260.0
280.0
320.0
380.0
580.0
340.0
200.0
520.0
360.0
280.0
380.0
360.0
200.0
220.0
200.0
340.0
340.0
340.0
340.0
220.0
360.0
440.0
300.0
440.0
160.0
420.0
300.0
380.0
500.0
200.0
360.0
400.0
240.0
400.0
500.0
320.0
240.0
340.0
260.0
500.0
320.0
320.0
400.0
380.0
320.0
200.0
540.0
340.0
520.0
380.0
340.0
340.0
400.0
380.0
100.0
620.0
420.0
440.0
220.0
280.0
140.0
260.0
280.0
480.0
360.0
300.0
