880.0
860.0
880.0
900.0
880.0
880.0
900.0
900.0
900.0
900.0
880.0
900.0
880.0
900.0
880.0
880.0
860.0
880.0
880.0
880.0
880.0
880.0
880.0
880.0
880.0
880.0
900.0
880.0
880.0
880.0
900.0
900.0
940.0
880.0
880.0
940.0
880.0
880.0
880.0
920.0
880.0
880.0
880.0
880.0
900.0
880.0
900.0
880.0
700.0
900.0
880.0
920.0
880.0
880.0
900.0
880.0
900.0
880.0
880.0
880.0
900.0
860.0
880.0
900.0
900.0
900.0
880.0
900.0
900.0
880.0
880.0
880.0
880.0
940.0
880.0
880.0
880.0
880.0
920.0
880.0
840.0
880.0
880.0
740.0
900.0
880.0
900.0
900.0
880.0
900.0
880.0
880.0
880.0
880.0
880.0
880.0
900.0
900.0
900.0
880.0
