459.718564927578
540.8292579650879
495.8374443948269
485.706959977746
582.8104514628649
378.4759529232979
414.70436453819275
412.49074399471283
487.48928736150265
531.8642727732658
437.7298608869314
414.34216287732124
410.35965453088284
464.1581045538187
361.0596892237663
564.2208812683821
395.6204834729433
374.0560826063156
353.4048358127475
403.1568875461817
431.61019553244114
397.97985650599
533.145433306694
460.6067375689745
460.85497514903545
580.2657092660666
534.5156791508198
369.37746097147465
516.4951286017895
361.06148429214954
457.73396423459053
342.0802909657359
344.9537078142166
558.8545018434525
381.3532467633486
433.00085411965847
428.44454768300056
577.4528659433126
400.81113854050636
442.9042294919491
400.8324718773365
423.45708103477955
422.50104127824306
354.0970560461283
425.03775422275066
575.9700747579336
516.997370287776
323.7583467066288
576.0210089534521
369.36536663770676
461.3838085979223
434.45932717621326
432.5309762507677
460.2466665059328
419.38187551498413
310.2922441214323
478.29052886366844
443.35236616432667
410.91050910949707
471.4025177806616
431.5705298036337
355.46156630665064
544.49998049438
361.55845788121223
416.68806932866573
374.92796594649553
405.43692611157894
494.77983374893665
402.55303904414177
420.99271769821644
445.68200658261776
451.07841758430004
377.18807995319366
496.51431776583195
465.2640214562416
567.5419569760561
582.4029124826193
448.57663866877556
344.1453154236078
367.80171053111553
424.3278860896826
456.0906489789486
414.03215700387955
503.8380410373211
392.61005237698555
446.8811069726944
478.9047408401966
383.00093115866184
405.6141556352377
408.653055369854
443.19016221165657
390.8682619780302
572.3856428563595
506.34635461866856
439.3276776522398
532.0515856444836
497.79487201571465
349.73789819329977
446.7241411060095
405.3420218974352
413.818951189518
496.36119189858437
423.7074795514345
413.9977579563856
464.3172750174999
434.8747559040785
288.7094103321433
408.281683370471
457.9434557110071
446.64639592170715
337.29081604629755
418.457161039114
513.3038188815117
426.1517412215471
312.24949987232685
386.7655473947525
336.55416867136955
371.07528541982174
430.114595875144
328.883255161345
473.4757583588362
403.1416407972574
396.9817012399435
303.1302094832063
300.3905414119363
379.32145388424397
504.141496270895
432.76110979914665
449.5580076724291
495.5445300191641
322.6978704482317
391.74215665459633
443.30707186460495
386.01845932006836
428.78048165142536
310.68737579137087
364.766286611557
397.24157823622227
437.1287941336632
520.6360050439835
461.4743261039257
530.0326928049326
503.44286742806435
480.442759886384
470.8943724632263
370.50165371596813
344.27814473956823
410.216049477458
440.03907166421413
415.1907278448343
369.1235520541668
362.9566206932068
397.5695058852434
324.6437442973256
385.92151379585266
454.60681688785553
504.96335972845554
434.35050988197327
458.7621611058712
453.34183283150196
410.09556160867214
393.4261277318001
499.4960957020521
452.28387857973576
497.420531719923
271.45662319660187
472.90278320014477
392.4223688393831
392.95572486519814
509.7934095263481
499.0412988066673
470.8791520744562
351.23957565426826
388.3108584433794
466.746737152338
526.1715110838413
334.0028013139963
495.6190277785063
439.6171105802059
490.3166767805815
565.0226145833731
578.3432650119066
439.44992235302925
493.47055827081203
326.3406315371394
409.69502007961273
448.11829471588135
380.97028574347496
496.01403373479843
425.5660891234875
446.7438058704138
374.2104732245207
501.66861636936665
491.81364369392395
384.8074421584606
349.3703501075506
366.11045026779175
513.3398430049419
392.4445211738348
591.933436691761
427.4635132998228
266.46677900105715
409.4624682068825
381.86123991012573
423.53388971090317
444.9579274058342
348.9607835486531
389.58099669218063
396.60575917363167
354.4737873971462
468.0923460870981
387.47617913782597
353.117149412632
320.6294429600239
418.1478313058615
461.29031090438366
328.24486864358187
308.72444101423025
490.0807834863663
405.86488461494446
353.4724910631776
488.0373257249594
393.37585158646107
328.00747515261173
444.4314439445734
374.55081082880497
454.20593824982643
456.7253898829222
321.6546181216836
419.16917821764946
371.75892047584057
449.54266625642776
320.78889371454716
485.7882282137871
404.6625216305256
378.93767346441746
487.08317214250565
364.6558146774769
276.92613319307566
477.94441820681095
399.8198758661747
367.4203413426876
364.1559701040387
384.29888141155243
416.2090438455343
416.5500852316618
393.4118579775095
457.9402629137039
383.00064504146576
459.22426925599575
536.5176688730717
485.8470347225666
347.1134151443839
451.57625372707844
448.48813666403294
376.30390940606594
363.09272523224354
391.5066884756088
329.35287272930145
535.2359579950571
443.315914735198
376.69713421165943
416.0720009505749
434.8027935028076
308.53464955091476
455.17269583046436
414.3539107143879
434.126689940691
494.1188787817955
366.3396055698395
392.26924426853657
548.6693708747625
365.07441564649343
423.69522996246815
473.9099665880203
339.88351737707853
458.7257381975651
463.7976763099432
587.2659176290035
488.09843853116035
447.473136305809
412.9570372104645
521.2136949300766
439.0434007793665
375.7119467407465
531.3368849605322
462.89336909353733
419.1624111235142
368.5591726824641
465.11021813750267
498.710961163044
353.90115045011044
408.58743657171726
404.9856088012457
322.25771759450436
544.5543894171715
371.32492181658745
550.0318814665079
410.84567284584045
465.8331126719713
361.41929526627064
410.209334179759
511.83068668842316
272.0581047683954
443.28985254466534
381.8187362253666
393.3648703843355
376.4551279693842
485.49075512588024
360.2721186503768
354.65090227127075
433.2219757437706
507.3249540477991
438.19461415708065
446.33834816515446
489.1086225360632
351.38066759705544
445.10919888317585
373.4385029822588
389.3612090051174
386.5299951583147
463.942191824317
441.1858751922846
484.87111224234104
426.37974378466606
404.8874102085829
555.4405930787325
493.4338689148426
466.8392173498869
403.8024388849735
410.7888790220022
428.4615899473429
473.7626072615385
508.23058573901653
391.7627253085375
530.8194971680641
439.2871430814266
492.22945830225945
345.1081752553582
418.87461256980896
418.808641910553
483.48436364531517
465.48480585217476
392.29987874627113
341.1662475168705
319.8152374699712
441.8161769360304
368.5377738624811
342.85797998309135
465.0247714817524
356.9392782971263
309.51904095709324
389.53622138500214
326.2013090699911
413.08523385226727
373.09395272284746
419.965016156435
345.4935597926378
414.8455703705549
420.33324202895164
282.57997900247574
350.7866718620062
425.50746127963066
444.77303835749626
348.4810619652271
393.3959406763315
347.43469224870205
452.40452441573143
373.5148464888334
322.62748872488737
338.175042681396
412.91203197836876
274.81727650761604
477.82464711368084
435.9701589345932
411.687531709671
390.592887789011
341.4662564769387
332.7169212549925
392.3107252717018
390.64199860394
321.7832313030958
409.80670526623726
378.31120409071445
444.87750819325447
437.2018373310566
334.443314678967
352.86540561914444
403.44522258639336
353.5137713700533
359.9673083201051
440.9134115576744
286.8098429813981
538.9431597739458
517.5897501856089
382.4441512078047
424.3444137573242
359.8700791746378
451.4920199364424
450.20510448515415
330.4611765742302
498.0196697562933
352.4708122164011
346.6889620423317
440.65941770374775
411.5003597587347
345.0272379517555
419.8686016947031
279.6976595893502
279.74119405448437
444.314729526639
353.81682278215885
407.7479931265116
411.4668828099966
405.2303899079561
379.32283191382885
394.72942891716957
344.75614219903946
431.0981164127588
336.65275725722313
355.1557294726372
274.32250954955816
352.2655610591173
387.871945515275
344.02541330456734
453.25218527019024
494.16468177735806
368.69430696964264
417.6742067039013
439.2243169248104
399.3781635314226
355.40101842582226
470.63365755975246
510.2552709430456
408.98768155276775
383.84656196832657
267.19689045101404
361.9915047734976
380.4526020139456
404.7227208316326
536.3654387295246
327.48949371278286
351.4122772067785
333.710307687521
367.0372585952282
436.85393410921097
319.22932874411345
360.504938557744
411.78949096798897
429.1960733383894
432.2087228298187
452.2628741413355
432.88005970418453
342.4513482749462
595.4383542686701
300.3263707458973
295.12479927390814
374.4095735102892
423.9928770661354
437.77007338404655
506.3945626914501
436.1031854301691
417.76881018280983
484.63684494793415
561.3722709268332
471.44468650221825
516.4051444977522
377.04992574453354
373.94997760653496
571.8051007390022
539.3331296741962
437.1220558285713
390.7731312215328
439.44433234632015
401.26315051317215
463.63696122169495
356.2513410374522
433.85232196748257
472.93714106082916
330.85061740875244
430.3044692724943
431.5141716748476
424.4558657556772
458.53972908854485
533.7565799355507
479.5774519145489
425.14269499480724
430.1725921332836
425.2355935126543
316.8179651424289
501.46428140997887
458.0712697058916
365.34351029992104
452.36815287172794
413.46528239548206
491.84333400428295
449.3255819529295
495.4329855144024
489.0371640920639
406.29424038529396
535.600018247962
476.807470574975
309.9566164240241
401.44814971089363
351.6652156934142
470.1732646226883
381.0439088642597
413.4090632647276
331.6264522001147
401.67589999735355
519.2111806869507
390.18679493665695
331.67620775848627
424.05404314398766
333.0839104875922
341.06970650702715
490.7919304519892
473.94084303081036
387.49637372791767
341.4039796963334
482.85733249783516
402.17246013879776
450.89259415864944
428.83352921903133
396.8497915714979
458.17890977859497
379.9571238607168
309.0993890091777
425.9916244149208
366.44737976789474
381.1481220424175
386.0878776907921
438.5004870444536
496.4765768945217
534.2071121037006
343.64990125596523
394.08180652558804
428.5953639000654
362.40444718301296
475.23003974556923
461.9019426256418
468.03573547303677
560.4051796346903
520.1319509297609
398.3240991681814
404.57540671527386
408.50065064430237
301.12320536375046
422.5198717266321
446.63605247437954
462.1790539473295
499.93217810988426
451.94910322129726
428.69339786469936
408.01679265499115
376.47586067020893
497.95978881418705
432.0248171836138
441.84557999670506
412.438231036067
509.37556855380535
441.47882579267025
394.06598292291164
476.6939540952444
351.171890668571
333.69455225020647
368.3730120956898
410.8451620787382
453.3611292093992
433.72409696877
423.1290785372257
343.36877509206533
449.64463102817535
494.27540431916714
384.3089490234852
487.96218536794186
482.39837877452374
403.54053638875484
542.1938382387161
493.03113831579685
364.82334554195404
382.5044512450695
419.6777664870024
429.2387791723013
503.95166179537773
406.49874290823936
324.460123822093
397.5788346976042
423.8545281589031
345.05645202100277
321.4236605539918
474.5549566298723
422.6573240906
368.92163449525833
430.4484052956104
393.70433743298054
450.7619831711054
414.8900224119425
398.8577339053154
393.6994430422783
400.27594670653343
466.34150356054306
406.6605499088764
416.9841496348381
455.0955568999052
362.37486093491316
461.3556870818138
556.8187631368637
418.14135682582855
472.2872901856899
494.34291975200176
528.327177003026
362.364453792572
407.0121168792248
514.4407539069653
422.0000919699669
433.5258421301842
395.33351795375347
443.3123497068882
443.63413938879967
399.9307960420847
541.2474906742573
360.27506931871176
452.47209095954895
397.29168716073036
497.0820999741554
432.0662752389908
420.08329869806767
478.55360186100006
375.80312260240316
494.18690142035484
418.03262028098106
387.8043549358845
348.56666611135006
417.54916882514954
485.3249863386154
483.2423756122589
483.47669719159603
415.55078072845936
410.1131199747324
326.85453648865223
369.91460256278515
400.04019701480865
436.1154368966818
407.42475543916225
454.5158138424158
546.0854368656874
486.5117399096489
523.4403633922338
447.742226973176
330.97922952473164
305.67694391310215
356.63029620051384
377.00006429851055
426.61246950924397
319.7929901406169
493.0942043066025
386.46902729570866
358.2109979838133
494.3012124598026
377.97827334702015
389.8128210604191
385.5971166193485
335.945791259408
398.70704321563244
260.9500629603863
329.89512933790684
315.7445304095745
356.24890349805355
284.94412621855736
276.4204588159919
420.4278803765774
474.0899514108896
321.7157134860754
394.6145842522383
315.1713563427329
328.2487147897482
322.59710374474525
404.2507758885622
362.7579104155302
302.3334844112396
348.3954807072878
362.62009577453136
353.7416095882654
296.47311659902334
336.75041265785694
386.82880114018917
353.6054581552744
290.6733736395836
415.3159006983042
459.7818292975426
333.88748037815094
351.51401875913143
492.9173102378845
379.29000383615494
281.7576259225607
324.0714621990919
398.11354799568653
451.21856509149075
399.59190395474434
379.70200115442276
421.210117071867
332.783009365201
431.05466739833355
395.4161917716265
435.35321402549744
264.871480345726
583.8142243474722
383.61630898714066
352.09424336254597
331.2216926217079
445.68563048541546
522.0609495192766
477.4039978682995
426.4626458734274
399.9103997796774
429.1148279160261
340.17891328781843
409.393460765481
439.5769491046667
338.40493923425674
459.5796009302139
317.4326765239239
447.46346957981586
415.3577013760805
403.04697881639004
407.0051995366812
392.69843296706676
393.450316503644
373.32922254502773
418.71399107575417
400.9348461329937
393.25573948025703
394.04594929516315
399.648647159338
433.8294520229101
422.00622817873955
374.90495183318853
413.4027475565672
359.45039650797844
288.19508718699217
449.6521402001381
416.14450193941593
256.25754707306623
422.93430376052856
551.715936794877
392.0810216218233
359.0879277661443
412.603390827775
398.61584517359734
479.35216127336025
488.3855367153883
453.30098773539066
478.69403621554375
589.5802626013756
436.48935846984386
534.927503824234
484.4137210249901
421.6676124036312
363.4918359518051
391.18023043870926
542.505279481411
402.4007009714842
481.5556515157223
451.67013692855835
409.55471025407314
583.9960812479258
309.3078762218356
347.83063108474016
443.4259248971939
545.4818552732468
463.6710788756609
511.5307228118181
507.4618447124958
394.4295955002308
398.8498090058565
403.96106354892254
495.04719103872776
377.3635802716017
378.3335400596261
471.80661530792713
507.1321975886822
499.26981119811535
424.1400794684887
431.59854243695736
496.69615975022316
464.4282386004925
346.0479750558734
415.62153831124306
452.0225351154804
407.3441669344902
391.3146164268255
419.59578712284565
517.5805454403162
488.7248273640871
563.1834962666035
551.5368608534336
408.60709027945995
400.1358281970024
375.458004578948
446.96891418099403
419.77875578403473
439.64418813586235
409.887103125453
322.56482794880867
452.53174394369125
451.50715397298336
279.5509283468127
386.6607732474804
524.6017930060625
412.55347518622875
445.14244347810745
478.9913080483675
473.43352214992046
354.36780624091625
464.2281290590763
452.9118905365467
387.0625052601099
539.6799816042185
408.7139617949724
497.3877350240946
432.8932057470083
308.8986080214381
415.7102536559105
419.96628201007843
472.7314509153366
416.4827454984188
350.7304388284683
466.36788031458855
467.1971396058798
438.7294382452965
407.55448330938816
462.6746161133051
571.2772939056158
517.1455575227737
440.05125020444393
406.98337329924107
481.72683160007
443.23691430687904
488.4358117580414
397.4883355945349
504.20318980515003
349.8626401051879
408.69714760780334
562.1120282560587
512.6499166935682
300.9043652713299
500.6665489375591
475.27880035340786
330.8354422226548
438.1170047670603
313.92761816084385
406.96112033724785
399.33644945919514
462.6963234692812
382.0251870751381
347.5981151238084
449.33631923794746
453.29785554111004
415.4453743696213
374.2581772059202
410.05464570224285
429.684317111969
494.50050431489944
237.83516494184732
396.43254889547825
446.3029704093933
472.95315992832184
392.2369976043701
428.67348559200764
486.87924683094025
448.90281806886196
308.11078533530235
308.0230689421296
428.29405358433723
355.7809729576111
430.5566446483135
426.73389118909836
498.9832570105791
418.5189193636179
398.35821060836315
484.36204692721367
402.74657343328
307.54364646971226
289.1657101213932
353.3138652443886
302.5389840826392
375.52293115854263
469.98612347245216
400.049587816
431.02753496170044
435.68575206398964
412.75104945898056
329.55422469228506
357.69033147394657
422.0440077185631
400.53035694360733
407.4643411040306
383.1912909299135
353.2846374511719
496.818859949708
521.736237347126
458.38453763723373
521.5916056483984
436.64868135750294
395.07839918136597
598.5326920747757
404.3477435261011
460.6699224114418
474.84869365394115
512.1168781816959
351.2399272620678
500.7125056833029
399.7488270998001
474.3382680118084
507.7094074189663
423.7409195303917
460.10920387506485
462.9840474575758
410.6847446411848
465.79914923012257
379.3214727342129
492.74030724167824
400.652620524168
473.45543129742146
384.02750696241856
343.2272103354335
493.9535678178072
436.5995171368122
549.7877045869827
372.44547905027866
318.153555855155
382.6461072564125
475.4595763236284
476.18363162875175
411.36752712726593
395.8300838917494
396.51034635305405
434.85876013338566
414.0168043524027
418.50822070240974
523.5724838525057
347.66910745203495
443.3928125053644
545.8545257896185
571.790568575263
402.82551892101765
495.56614868342876
469.86885729432106
383.7842486947775
458.98273231089115
484.8224692642689
304.1585913822055
549.2048385590315
408.69617202878
428.90910343825817
432.65318332612514
456.87151642143726
429.9998980015516
333.99729589372873
475.6884986311197
444.8796319961548
349.9613016396761
431.79248654842377
519.7520480751991
429.39006569981575
408.45114305615425
381.7886615395546
368.20739847421646
347.9760684669018
411.2017631828785
451.0449384599924
538.1245227307081
457.6468426734209
393.783560693264
449.4405208528042
419.0012740492821
433.10732428729534
336.18463491648436
480.5142794251442
430.6880826205015
483.1237944364548
347.9660042524338
529.175987586379
421.3627872765064
326.9036461561918
419.4410827308893
430.80522607266903
541.9484236687422
520.4691971689463
317.8321328982711
542.5017147660255
483.3595735281706
386.66586934030056
359.1264963299036
479.95314049720764
484.2950134575367
414.7607771009207
400.2848836630583
482.52732388675213
375.79647244513035
401.5726439356804
520.987716153264
376.511502340436
320.47587049752474
543.0673517733812
377.1090973317623
460.93860526382923
396.3272222727537
399.80576072633266
421.98462046682835
444.19174437224865
396.5352649539709
404.0462281703949
416.0831411778927
431.5709159076214
348.7495701313019
391.2562131434679
457.03879107534885
391.48405523598194
378.01089049875736
423.1885403394699
378.61891339719296
386.8632769882679
485.7663416862488
476.4351082891226
485.94051015377045
422.5111827403307
442.9818051457405
492.57667852938175
504.68967358767986
414.8539143949747
500.65088514983654
437.0146404504776
345.4009653329849
412.1560902297497
381.40819442272186
380.26674169301987
476.0921467244625
409.1133650392294
390.538024276495
340.12085093557835
476.9658774137497
426.0482949465513
425.75859658420086
472.6999810934067
300.7689378708601
464.073621109128
507.4580681025982
446.64567694067955
466.46968717873096
456.44880153238773
451.4931150972843
432.5869120657444
428.2631804794073
505.82588817179203
361.16721929609776
467.0571138262749
482.7022130191326
382.0585682839155
511.92705473303795
339.31943076103926
486.32228645682335
419.2537915557623
409.16225150227547
327.21905337274075
472.75795398652554
438.68114526569843
404.12762416899204
412.27091574668884
443.4018360674381
537.395450592041
433.2981244176626
472.1414892077446
450.4257223159075
359.7711034193635
376.891174480319
416.11502881348133
560.1174181848764
413.61295641958714
321.06276639550924
370.56768964231014
313.191233150661
393.09442688524723
457.1460780650377
457.00598204135895
377.9760667234659
421.33297879993916
402.72379218041897
435.5861817896366
515.6694822907448
483.1819265037775
399.0464637130499
489.65370056033134
399.8791720569134
419.7223209142685
462.1470125615597
458.5094128251076
434.44804958999157
476.3251962661743
443.33707696199417
492.99858939647675
530.6876744329929
450.8526246249676
569.0594607442617
416.7566495090723
425.8449011147022
345.74637787789106
502.54382286965847
289.0013368949294
506.26694180071354
605.3142118304968
400.44008611142635
528.2703153938055
387.06479297578335
445.2048032730818
478.5144331306219
393.4295996427536
440.69643069803715
557.2927317172289
549.8965491205454
373.81626296043396
386.1070528328419
329.6626002341509
447.4962971508503
401.0303414463997
373.52827797830105
444.2518528699875
445.52338472008705
461.4101556688547
416.1077958494425
486.6057949513197
455.33401334285736
425.1035435795784
558.9362809509039
349.25417175143957
478.8623135536909
428.045872181654
398.95235250890255
462.1776688247919
493.2033738344908
350.9392116814852
461.9994152635336
417.9964055418968
408.6822994351387
474.15500247478485
558.6354866474867
498.08111464977264
506.4357324540615
507.1063796877861
481.1173870265484
416.2100768238306
502.5718144774437
384.6151597946882
421.88642816245556
449.1223298460245
425.6499324440956
429.68540446460247
471.3246559947729
499.70997263491154
375.30474799871445
502.270895794034
412.3864388167858
459.6539535075426
402.18561874330044
494.1952811181545
450.0295317173004
307.83919429033995
437.13744039833546
523.7380474805832
510.0080501437187
473.9261986017227
568.3141587972641
407.1343395859003
456.9524413496256
483.17361000180244
482.8741040080786
427.7409002184868
479.2203945219517
446.59013694524765
335.227768689394
539.7176618874073
374.7315377295017
395.18633246421814
380.00690291821957
513.0441506206989
456.7215123921633
465.42044462263584
557.9946422874928
564.7821998745203
512.7563285827637
459.24904076755047
463.51731427013874
490.20869378745556
508.66052946448326
458.02991895377636
461.82952919602394
418.68073603510857
516.1639792919159
404.0131333321333
368.2094501256943
425.7579863369465
473.5275753438473
558.5199100524187
490.06142266094685
406.66145960986614
440.00883787870407
370.66950591653585
473.57430459558964
425.35483479499817
460.5992031246424
309.6516195163131
428.00958763062954
354.77106719464064
358.7639756798744
527.2577367275953
464.0068762153387
478.8688798546791
411.544808357954
468.38218063116074
432.30194367468357
529.7287121862173
455.8973271250725
347.853593878448
526.8569525778294
476.00119879841805
372.03542470932007
494.05494187772274
399.4109733402729
569.2488217055798
489.2189078480005
491.10864755511284
444.9532964229584
459.520888492465
435.84534749388695
489.53787273168564
475.67735543847084
418.8358840197325
448.1983978897333
490.5941238552332
430.3965173959732
390.6258317679167
405.9714404940605
469.9087875634432
370.19053196907043
384.60723665356636
512.2067949920893
473.1291919350624
450.725737079978
427.6303284317255
380.83234760165215
442.60978400707245
513.6466966420412
394.60837419331074
499.70499317348003
475.6811875551939
475.8699463158846
382.2555630207062
564.9953761994839
395.83910842239857
484.87934428453445
446.97267347574234
596.6764762401581
516.1642710417509
402.23777274787426
388.07617151737213
477.64151196181774
420.37377052009106
583.1059856414795
406.13419081270695
472.2465658932924
428.780357003212
529.3069745004177
332.7392783910036
499.65317891538143
438.97376576066017
405.84185180068016
503.004611864686
503.7006704211235
380.88780914247036
424.54695123434067
529.0467960089445
496.31324353814125
438.1090406179428
404.72376514971256
350.26199405640364
387.8047189414501
472.42208172380924
435.5230081677437
436.1980723887682
496.317348793149
489.31897190213203
511.0232134312391
309.5360624715686
365.8186244145036
475.1119106858969
400.68835124373436
558.9825845956802
543.2659261375666
453.55280317366123
386.7973622381687
433.70056806504726
382.73964136838913
362.65572164207697
483.230650216341
448.1846854686737
356.96701403707266
415.4210900813341
473.90734012424946
472.06285232305527
389.4227302968502
468.9449339956045
523.1204571723938
511.92682990431786
560.6802145391703
367.2814965620637
459.1278027296066
501.98810686171055
380.3251022398472
423.08887262642384
311.4035507887602
401.11086988449097
463.3274410814047
370.2033915668726
301.31259109824896
454.5740181207657
356.9976215288043
403.8675689846277
476.712512999773
466.83599887788296
461.14588192105293
429.65716314315796
450.7676795274019
460.1102092862129
372.404040902853
389.7649880796671
468.6497245281935
320.902386598289
447.7010127454996
448.447914019227
646.6623774170876
469.35545279085636
462.80472849309444
521.2208386212587
400.05334912240505
511.65679763257504
479.16317373514175
517.8545051664114
535.3338108360767
380.1872830837965
387.03530445694923
387.7006215453148
395.56138034164906
478.32915076613426
550.0992762297392
421.3249194175005
460.88803827762604
457.29686366021633
407.5257099866867
454.72947204113007
503.2037129551172
562.814925044775
396.7589511722326
443.7261819988489
458.3388950973749
450.9871007800102
539.1640449166298
441.16259421408176
396.24921876192093
510.9960947036743
410.30658635497093
412.01918540894985
518.0970879495144
348.61022875458
365.0743966549635
502.32195088267326
391.18475756049156
450.52660904824734
474.5887024253607
468.56800036132336
400.1560256332159
455.644031599164
400.24790927022696
453.2298801988363
519.6366987526417
349.34375540167093
414.00697453320026
496.40032406151295
402.12748831510544
441.51016679406166
461.52506300807
376.5331712067127
485.5991691350937
493.4857234507799
360.14695486426353
554.5546578913927
446.192069619894
505.44225554168224
370.5454551652074
474.29502749443054
363.34491388499737
361.8294211179018
319.42450822144747
445.4365452528
451.16360883414745
429.7323729246855
528.8088166564703
427.50445809960365
615.2082298249006
440.32974426448345
521.415911346674
433.05058811604977
381.0039178431034
452.45587119460106
410.8556060940027
554.0147272199392
529.414252564311
404.87668633461
445.2604833841324
488.8385131806135
488.52944718301296
436.1067953109741
488.01610320806503
434.75757732987404
350.93215677142143
548.7229536771774
464.1745802015066
334.3520165383816
337.5338326767087
443.35829347372055
460.5667597204447
369.6892928481102
422.5594312697649
428.9863735437393
485.33938755095005
460.6524051129818
442.74548640847206
407.82888643443584
472.2520458549261
481.8119311183691
489.7698742002249
424.60516281425953
535.7016782611609
440.50914856791496
383.29240930080414
417.82301327586174
399.886615678668
467.2021974772215
481.93534204363823
467.0260057747364
384.90600572526455
404.5315978974104
409.00865039229393
516.8896680176258
480.0151103436947
350.14030987769365
439.55145996809006
513.1455677449703
337.7641560137272
340.38972912728786
316.93349535018206
527.0110370665789
526.4070461839437
330.23099687695503
404.61698754131794
440.0192826837301
529.1081997305155
410.5211381018162
309.9350445345044
340.1076367646456
426.40148931741714
488.80062483251095
321.54105270653963
516.7853669971228
359.0817147195339
385.7097961753607
343.71839705109596
369.39633996784687
278.26046166568995
406.2226036041975
361.1721965819597
408.46651317179203
471.6226057857275
347.26703617721796
392.17691391706467
523.885240867734
424.13707335293293
504.78402338922024
400.3032513856888
341.9306442961097
326.8872911706567
379.9606001675129
396.6971597522497
466.4799038171768
441.0998140871525
433.53180830180645
392.6173174828291
301.93706518411636
418.8109522163868
428.32224425673485
359.1179074048996
290.34391586482525
424.9911653995514
445.07089245319366
414.1026897728443
402.9751113951206
359.2645016759634
414.6762599796057
361.45109198987484
279.2710291594267
348.29605058580637
459.03794990479946
468.03017212450504
449.38116367161274
386.4010204821825
529.8241777271032
448.3154743462801
531.212996378541
383.19660049676895
390.57427532970905
474.42834179103374
433.7660975307226
288.55300087481737
481.94739474356174
467.1212874054909
532.317483946681
405.18131589889526
424.4035265147686
457.6831730157137
420.79367661476135
427.6933637857437
499.53140868246555
426.35206823050976
525.6496573090553
469.0618024766445
416.6046525388956
411.3157061189413
542.0190298855305
468.0388917326927
314.9686216413975
322.74810180813074
445.88815642893314
394.81335747241974
418.5165006965399
398.4429541230202
366.3843716979027
488.3132588714361
505.93102960288525
409.15215896070004
443.0855220258236
412.3545798063278
537.0501483231783
275.18535654246807
528.5570483356714
466.90051217377186
398.13817512989044
487.38816122710705
427.2783926576376
515.1534998863935
446.70078836381435
444.7933457940817
370.70672857761383
511.05843909084797
578.940873876214
572.8494351953268
426.2172154933214
432.6657702475786
528.5903592705727
367.2419355660677
375.3128503486514
462.2074348628521
371.26106752455235
491.5358698517084
438.25989528000355
472.5941736996174
454.47738279402256
483.45573657751083
364.6196462213993
382.3155453503132
404.53828778862953
466.26599122583866
457.47641691565514
404.82353350520134
401.7131226658821
495.70963603258133
480.76936124265194
504.08476200699806
417.6890175193548
331.5256926715374
477.93610087037086
520.5258090943098
402.5944908261299
328.81390281766653
433.4847209006548
438.74372930824757
375.24154964089394
489.6795072108507
366.25899723917246
515.3490804880857
516.0596998631954
385.5323500186205
309.96884448081255
459.1280150860548
606.7253665328026
390.7945690304041
452.1993381232023
424.15806199610233
409.97466960549355
520.0734224170446
478.6025509685278
599.0673442333937
438.43398578464985
507.89123962819576
458.4207801669836
402.49269412457943
408.1743744313717
514.7033065408468
458.12769162654877
423.34194807708263
394.22169031202793
425.43112686276436
380.92476028203964
391.8173493593931
333.21332916617393
379.86284194886684
367.4980174303055
379.44804091751575
480.21728010475636
408.21431091427803
371.0024118721485
456.4293162673712
371.4150686264038
382.1748802959919
415.16898810863495
432.4279241114855
485.9433844387531
392.7312882989645
344.54004053771496
408.52842585742474
512.91753436625
466.6732462644577
442.76701897382736
412.4358330219984
382.20600816607475
351.3083807826042
385.86727780103683
485.9762068390846
327.53775304555893
385.31587237119675
422.47886119782925
458.4316835105419
391.4957738816738
386.4540522247553
387.8219607770443
503.3940788805485
428.46712009608746
472.5609821975231
368.0528846606612
374.7170977592468
483.264343470335
456.7156806141138
393.96638706326485
346.50384709984064
455.2720195502043
403.8468853533268
442.2821879386902
406.0874766409397
493.1983812302351
341.19229827821255
438.202338591218
474.6736951172352
421.05845542252064
366.9055785834789
434.7867849469185
320.5753161534667
443.68724393844604
463.66120843589306
371.3764330595732
279.5092045068741
297.83224385231733
443.32458701729774
429.32405057549477
362.2861825376749
296.46856939792633
441.03811264038086
388.24006398022175
483.78763246536255
499.68646685779095
363.5582809895277
543.3196563273668
362.41577030718327
433.42793405056
292.4691197499633
439.3529384583235
494.83380702137947
407.23700815439224
435.95207142829895
356.615472830832
391.1249141395092
451.7190390974283
302.92199881374836
391.242834597826
450.95337891578674
460.0774827301502
498.38754768669605
530.9928254634142
406.85819602012634
420.92509461939335
515.4756813049316
459.3140728622675
395.89026878774166
563.173836350441
540.0081979185343
518.8169522881508
501.6580163091421
446.01468738913536
354.4155562222004
361.9860664382577
386.6828924417496
454.97907650470734
481.0770605355501
423.1538116931915
346.8543978706002
456.04607528448105
435.9048019349575
430.38536824285984
430.1303283125162
436.3996191620827
410.9399119466543
540.4185393899679
420.52422538399696
279.2041755914688
418.31663133203983
440.78208416700363
533.0492137223482
535.239913225174
446.67520624399185
317.3088256493211
445.67907981574535
337.3115257099271
293.95104912668467
403.7481162250042
306.2949356213212
445.073475420475
429.54948100447655
424.574728295207
333.18655627965927
460.83387342095375
498.02155064046383
365.457104369998
446.4532260298729
460.8772702515125
379.45760667324066
457.16692508757114
565.2253196686506
531.7283504158258
466.90317307412624
505.93549606204033
567.4284453988075
376.18817660212517
417.79900942742825
379.93115116655827
359.7134364768863
472.7681971490383
391.77262768149376
431.79767829179764
391.2541081160307
520.8697628676891
444.9047762453556
468.2120430469513
552.4927837699652
337.4671226143837
531.5668166130781
462.27961288392544
445.305789321661
531.7658251971006
384.3797967582941
419.68374690413475
465.8152993917465
521.1474922448397
422.92593416571617
484.2422417104244
464.5804497599602
430.29252640902996
524.7839206010103
472.58724743127823
461.01356276869774
561.8660503774881
441.4452428817749
452.3978460431099
443.58116142451763
618.8223516494036
473.8584384918213
423.63144889473915
404.35692125558853
438.0900656580925
382.12732896208763
429.34260956943035
391.52090795338154
373.2668305337429
616.0752762258053
440.4288896769285
519.5252309292555
595.9099134653807
426.02629643678665
455.54576048254967
453.99442534148693
462.39648962020874
499.5845030993223
474.3671956062317
327.30693220347166
418.9000446200371
550.2562891542912
355.7365708872676
488.15041333436966
456.82405196130276
523.3360612392426
470.9733748584986
386.8420435488224
292.7415644004941
360.3839302957058
415.78750245273113
339.4610331580043
441.44650757312775
412.0327048897743
460.4288084656
523.6265691667795
455.37173199653625
333.86188791692257
430.9948946237564
471.8860749602318
362.1226595789194
452.1045912951231
466.38714557886124
554.8546988219023
491.3084192574024
445.28697657585144
372.97413742542267
436.91560830175877
478.732172742486
475.099543556571
335.1942636296153
515.435580432415
475.9638377279043
353.54312566667795
379.55402088165283
528.7071537524462
489.9725684374571
446.8910579830408
314.9155398607254
426.06709027290344
396.6099342703819
348.9462503939867
424.8029626905918
369.17004396021366
408.20793233811855
369.84563551843166
371.5589473247528
344.31702141463757
414.29163959622383
322.49401895701885
413.91044479608536
425.34269465506077
431.0507782548666
388.3740751296282
439.266649261117
398.2211222797632
387.50167809426785
450.99052143096924
413.98363964259624
323.19864907860756
471.44242046773434
390.76469525694847
432.6294785439968
460.62327341735363
322.6733781322837
302.0550209954381
403.6503051966429
305.2522921413183
435.17753860354424
378.02919766306877
408.45348213613033
381.47096695005894
372.8686615675688
308.7679392397404
372.71260683238506
361.7423302382231
366.3710340708494
402.49351847171783
370.1414659023285
389.86911480128765
351.25490683317184
399.6313657313585
381.7060270309448
342.790376201272
336.0497695505619
304.4191768690944
412.7514431923628
421.9679116308689
412.9989191889763
367.17492854595184
450.2819799929857
449.4313133955002
280.32249550521374
315.47342673689127
559.9847162663937
369.2580932676792
446.7910944223404
462.6039278060198
336.30309250950813
447.63804429769516
479.1560386419296
430.95383977890015
455.49124825000763
401.3873918354511
357.0746478587389
457.6714204996824
509.32834850251675
421.20964346826077
503.5515112429857
445.03578048944473
476.76508878171444
400.0228228121996
446.8190078884363
473.7124999165535
525.2779377996922
499.34398648142815
415.2290195375681
384.87281326949596
393.2824679762125
438.70114386081696
476.6521464139223
421.6193868666887
397.65618900954723
477.56694090366364
394.71201960742474
500.4286041557789
372.1632009893656
525.062259376049
560.550316169858
376.8808978497982
506.34486201405525
481.3696685731411
342.54195249825716
434.1495311111212
293.6062201112509
389.3345506936312
468.3413065671921
316.1537963375449
415.5917630046606
455.4670004695654
524.2448108196259
348.6010936871171
502.227104768157
444.8413333892822
346.08499904721975
517.9761846959591
544.0084796398878
528.5594930946827
498.02296763658524
400.51405005156994
466.0746116489172
516.6214719265699
511.81667037308216
464.8805037289858
460.95950934290886
471.05913887917995
523.2244311124086
388.7745792269707
461.74986854195595
387.0334870070219
344.8845860362053
378.55882808566093
494.9131241738796
406.0388678461313
443.5445749759674
482.7659517377615
438.5452255755663
470.3439302146435
445.27834063768387
361.2323321029544
452.50768645107746
474.67327350378036
509.76558850705624
401.30186431109905
437.89947271347046
431.66327749192715
490.44206061959267
421.95716735720634
449.4420168697834
559.6929325163364
443.23244646191597
422.279537409544
497.61993792653084
424.8005617558956
364.7554045692086
461.3387706130743
403.3610804826021
447.56231209635735
424.21433144807816
362.6723868101835
462.62163734436035
402.18984727561474
319.83670146018267
390.7339695096016
472.3672577291727
382.8583087772131
394.90757252275944
409.86520597338676
385.5860973596573
522.6153729707003
431.91839741170406
371.2103805541992
517.2530588209629
393.3362414985895
487.195804014802
387.7531613409519
453.2890669107437
441.14975851774216
399.2535206079483
451.4521433711052
397.12524919211864
388.89443458616734
502.93892742693424
401.1985737234354
531.2848657369614
355.72120194137096
452.93375347554684
478.9544288665056
461.45038014650345
479.1159708350897
464.2958017587662
385.4294145554304
464.51865392923355
436.2834170758724
490.94670905172825
498.3023028373718
382.6268218457699
515.8117635250092
346.20269287377596
494.4620961993933
484.4472209662199
479.212850227952
497.5677174627781
470.9920814037323
344.53489442169666
414.8443908840418
476.40536637604237
404.07932482659817
585.5888951271772
358.63879868388176
466.5912301391363
462.74961648881435
362.9778787791729
495.4251528531313
509.0376847535372
405.23375894129276
499.4725199788809
578.5512566119432
426.03920762240887
539.865099042654
460.50266440212727
461.08208344876766
421.64766469597816
516.7122650295496
521.1569823026657
453.9797956496477
536.5886678397655
565.6387846022844
410.5998551696539
449.2838641256094
569.1381067186594
493.01928171515465
478.5079777389765
377.875969722867
331.24409133940935
418.2580525279045
528.3847832232714
439.2421883046627
399.6751432567835
456.673525929451
489.9699831902981
467.2551215440035
431.46437875926495
529.4298965781927
533.1106348335743
390.77402149140835
540.7604307681322
521.6220020353794
440.95176884531975
367.248079970479
399.446622222662
447.57351680099964
444.17001235485077
531.9025843590498
408.25194293260574
463.636342972517
339.25642754137516
401.83248041570187
460.74866084754467
464.809506714344
451.21964037418365
350.2441247329116
564.6592827886343
389.2771910429001
425.12295980751514
311.83643721044064
326.16326981782913
516.0086449682713
475.5006104707718
420.49178253114223
594.6248273700476
370.9189681112766
409.61872385442257
514.6695584058762
494.1366295069456
443.5275943875313
509.2531887590885
517.3470479846001
405.45777437090874
423.9150910228491
580.5416620522738
398.69186113774776
475.533972248435
571.2318398654461
261.2496768012643
340.81674598902464
337.47215008735657
430.58530093729496
384.5937294661999
394.64068153500557
343.54009037464857
451.57447911798954
380.0761561989784
451.82870925962925
393.7649536430836
256.6770622357726
453.72928316891193
360.64258617162704
400.8301672041416
514.6746644228697
480.0436551272869
520.2531985789537
396.4869474172592
411.52923403680325
429.4742365181446
341.5681527405977
410.0286201238632
350.6675397530198
489.8573912680149
341.67892322689295
340.31383373588324
455.0196250230074
373.03482058644295
452.9062223136425
563.4654743075371
388.852093487978
361.7363593056798
433.94226364791393
461.37894546985626
356.4685228765011
535.6441127210855
347.3454820141196
360.4053745418787
363.3572570979595
419.0980801731348
391.39225897192955
412.0288020670414
495.89013171195984
419.5814104527235
360.2969009131193
381.45225590467453
448.4387454241514
316.0516380146146
421.7192009985447
355.17244409769773
469.64875327050686
476.2176579385996
531.9971532523632
344.5439782515168
547.5378937125206
441.4419382661581
432.8436992019415
355.66396229714155
386.65194480121136
396.4629144221544
331.6316910907626
424.091933965683
391.3331238925457
505.125655323267
443.19273315370083
394.94598427414894
408.04871840775013
429.42171037197113
445.0317083001137
400.4954596757889
441.8794436007738
479.0654870122671
404.24570171535015
390.8239061385393
479.0309440046549
501.535348251462
446.8881704509258
418.71427108347416
428.2634238451719
317.54354072362185
480.43325378000736
368.83789095282555
345.2577190846205
537.7029974013567
442.3693255931139
409.39625422656536
384.2342232912779
442.3604368567467
576.8800305724144
433.44159373641014
373.7340317964554
407.9653289318085
367.7615552917123
445.18892031908035
425.7997450828552
463.7140365242958
511.2735336571932
441.4315227866173
423.2636339664459
449.1816833168268
354.93798480182886
438.23890712857246
476.64393547177315
401.5399592220783
357.38347813487053
435.7514479011297
312.13396444171667
334.38487116247416
462.6676328331232
421.8988469094038
452.0874132066965
387.4001272022724
447.7312513887882
456.00186148285866
440.4670249968767
498.3004964441061
399.1388943940401
321.4797068759799
459.51305471360683
502.1997293382883
414.27738527953625
342.33667927235365
308.8460985869169
480.4597042053938
433.4439546465874
483.6672061383724
447.2706522643566
349.7741531431675
480.451040238142
376.82870180904865
415.9197774231434
343.66406589746475
519.5454426109791
464.24254497885704
486.2841301113367
537.5279342085123
491.8446807563305
477.1122097671032
358.8659705966711
413.58493426442146
374.60118727386
432.7290729433298
406.94746078550816
360.97813084721565
371.2605634480715
529.7401701360941
471.55979573726654
427.77393847703934
373.8362556397915
423.51362822949886
434.400509595871
376.5083215087652
372.0109278857708
377.8218871951103
375.26545971632004
575.5360968858004
387.7101126462221
548.3219689130783
477.9022763669491
480.37227645516396
437.4593054652214
445.886322632432
533.8784918785095
576.9548640102148
386.3688973635435
464.45514810085297
572.2296261638403
361.5284438729286
395.5229993611574
498.7251411527395
488.63081273436546
402.54239462316036
452.08692225813866
464.7536060959101
423.96536023914814
420.11400113999844
491.97220197319984
549.2420112788677
512.7365467399359
529.0584029555321
467.99602027237415
373.30651646852493
482.99744215607643
539.7470843195915
506.9685098826885
446.5146321207285
525.5540673136711
467.48710049688816
442.8876501470804
451.1796246320009
502.27693773806095
421.97235955297947
415.3546665906906
417.35519053041935
489.3761020451784
431.9848453551531
430.9146103858948
484.19005113840103
479.7635877877474
498.5270581394434
495.85852332413197
420.3335429728031
475.0233271121979
443.03677271306515
403.1701543331146
434.1411599814892
508.98936624825
531.3552170991898
485.94549675285816
462.8473659902811
347.3280713111162
538.3123839050531
431.0771855413914
249.91086307168007
514.5704271346331
384.780186727643
477.83700339496136
400.4951917231083
503.5781790614128
377.18205140531063
535.6416884213686
456.2720964550972
423.3613525032997
506.27759036421776
460.64577005803585
498.1824450492859
416.65268908441067
273.7346226796508
442.61546854674816
424.87573815882206
417.18157571554184
333.8034984022379
492.71486416459084
464.14796225726604
545.3490072488785
488.92862398922443
337.0831688269973
533.2547655254602
475.65549671649933
408.24970848858356
591.1660326272249
407.24234165251255
512.9315182864666
469.3355466723442
456.61883929371834
410.62400683760643
358.39631171524525
473.1786994636059
465.9146871268749
422.8783688247204
531.2955295294523
354.57009279727936
474.3703435957432
404.3641774058342
484.4785948842764
450.0914368480444
362.3287857398391
397.4862751811743
458.7781355828047
378.6281177997589
413.10956417024136
395.59856456518173
495.8158963918686
397.6475882977247
384.3175255805254
461.4833830296993
513.822713881731
458.69591078162193
572.6202229261398
473.7303414940834
588.3393606692553
474.5672607421875
490.4680305570364
434.67557284235954
404.418488830328
454.83680759370327
450.35837556421757
521.8143620043993
509.56206800043583
397.65182380378246
349.25726367533207
407.88043358922005
419.7196546047926
496.6049472540617
528.1270559877157
588.760869204998
419.8052903562784
396.7766875177622
398.50433601439
463.3564656674862
346.4524875283241
478.72694040834904
488.9317219853401
525.0814237445593
433.3998364508152
502.52601985633373
428.23770473897457
390.3583452999592
496.5474941879511
307.51116324961185
465.83559124171734
394.2220134139061
563.1979627758265
503.0182826370001
414.24822323024273
373.19794549047947
401.315281689167
403.51754163205624
489.2544005960226
546.8677086085081
379.27291744947433
412.22319035232067
380.3669943064451
361.91905938088894
341.392307266593
580.3653929233551
438.08075255155563
363.2172309756279
556.6284973323345
388.49552470445633
459.60058926045895
434.21366073191166
440.5540292263031
475.5823026895523
430.13241532444954
411.2805523723364
393.4213963896036
312.53163277357817
352.02603351324797
421.1252495646477
359.8919852823019
338.4301338493824
449.58645635843277
280.44970251619816
441.05915911495686
454.77848683297634
347.70672315359116
482.5420115441084
512.976329728961
458.30057194828987
497.25329568982124
450.2785633057356
393.85107620060444
459.7613430917263
622.8716208040714
413.5825489461422
471.045799434185
315.33718264847994
422.2315059155226
358.25197157263756
373.8240544348955
343.27623857557774
351.03939789533615
497.48239132761955
476.94375421106815
496.5486343204975
437.2387465685606
356.1484755128622
452.04967127740383
439.46131782233715
492.40401826798916
396.5390921831131
444.443474650383
412.136096149683
391.0210987329483
565.8505499064922
459.25952585041523
471.37572906911373
460.8866598904133
354.4274059832096
484.8605259358883
352.5612448230386
393.707959279418
415.93040288984776
513.0392245948315
417.6726109981537
416.40274031460285
630.1020480394363
466.2906855046749
625.4355449080467
519.5236215293407
556.298506975174
344.3069106787443
529.4217451512814
520.614602252841
598.4801592081785
467.1583564132452
399.0270137935877
369.54016649723053
488.5706398189068
478.78182815015316
428.55247220396996
361.36972522735596
459.3051578849554
584.5081753581762
528.2786776870489
444.05935913324356
350.66957127302885
369.9982314556837
428.79209277033806
352.6596669703722
327.73043882101774
521.3468464910984
477.023703828454
366.3383438438177
544.0414852648973
394.6217519789934
479.79591576755047
585.3730121552944
503.2341205328703
450.03217728435993
342.4314966648817
415.9650178104639
535.9899855256081
417.0752723515034
594.6764147430658
436.41231133043766
357.26235092431307
473.0701637119055
443.37234146893024
493.8364804536104
514.5619072765112
472.03324319422245
436.79740288853645
338.4989327415824
433.97224690020084
461.4763458073139
316.6299350783229
473.2826677262783
346.6313521191478
205.86836156249046
363.55018532276154
334.1278049200773
423.1204322129488
495.45968931913376
440.51224929094315
450.22798866033554
371.5001464486122
300.6951097175479
372.4118564873934
409.0501804947853
299.97986866533756
420.9556842595339
389.01111111044884
342.4481703341007
504.7668078839779
436.80473248660564
432.9901427477598
301.6028467938304
339.85245664417744
393.7768558859825
295.4160846695304
338.58358559012413
403.52875094115734
378.0290402472019
468.06446059048176
423.4300526380539
394.8108941614628
370.6848209053278
384.1039369851351
463.354560226202
455.0373374372721
430.5613923072815
441.83458611369133
363.32121293246746
456.3200682401657
310.8153497129679
336.55808041989803
304.2321138754487
360.4556794166565
441.6607817709446
319.45189812779427
475.74340130388737
405.5972230285406
361.78976130485535
412.34118634462357
484.2775357812643
427.60900816321373
362.36449678242207
407.98287676274776
407.1052188128233
476.63263116776943
409.01059563457966
380.20050793886185
426.1360305547714
333.2288402467966
483.38286861777306
409.1816895008087
402.97570721805096
451.5384794920683
367.9563616514206
392.21097832918167
309.63375755399466
386.9188994318247
493.4590673446655
376.3245709091425
498.60260328650475
482.83040484786034
434.6971139460802
455.82991287112236
406.9367143213749
327.0680091008544
478.21962259709835
425.90949964523315
345.71444092690945
447.9353519976139
310.80787187069654
439.9669614136219
433.8773439824581
518.0985458642244
442.4649396240711
364.61403608322144
490.4310229867697
473.6052279472351
429.6448854058981
365.45446640998125
471.9509825706482
505.10861283540726
451.0781830698252
484.25951555371284
410.9378595352173
419.1366712599993
443.1753680855036
417.703194051981
324.53391613811255
481.62773026525974
433.2105538547039
345.4313216358423
423.32737977802753
297.58801325410604
504.75887371599674
370.976971834898
406.34059546887875
487.31983256340027
336.6217248663306
523.2144761830568
393.4999403953552
475.25528933107853
411.36268576979637
468.4007448554039
481.98442178964615
419.5225776731968
420.5208323597908
458.05184131860733
394.66765600442886
399.36598029732704
307.15146620571613
408.36475044488907
394.6493919789791
278.48924396932125
359.83503533899784
549.1955767422915
476.40344566106796
376.65309995412827
464.0876168757677
441.1844695955515
441.9373507499695
512.8679096549749
411.74377205967903
466.8170011341572
400.8489496409893
469.0279628932476
374.4916092902422
385.322891920805
438.13724252581596
407.14519515633583
414.7367414087057
430.95738400518894
385.63255147635937
511.9587172418833
388.9468005299568
336.1916505098343
437.30517072975636
424.0583577156067
268.22197961062193
373.04180413484573
388.74206183850765
402.127898350358
452.3541051596403
380.17869490385056
286.7028925716877
405.35388591885567
418.7456876039505
452.75170443952084
381.95927172899246
421.3372692465782
408.1749558597803
351.7556003034115
430.7574659883976
333.0525754839182
356.0795526355505
317.22226363420486
311.02054165303707
449.50027802586555
355.92523731291294
432.9094833433628
405.8674867898226
368.6930987685919
377.07096150517464
353.3719630688429
372.36014215648174
483.28421357274055
460.75117138028145
342.8360361456871
386.1871643960476
359.13974948227406
429.99574023485184
473.4865925312042
449.1149515658617
412.2867650538683
310.02593134343624
397.42716263234615
438.7858327329159
429.781549051404
358.705701649189
378.92026530206203
407.786510437727
437.93850937485695
454.0946172475815
385.6388481557369
394.0290625691414
324.3526072502136
461.9101883172989
347.0321953743696
397.47836914658546
467.67671068012714
345.0577261671424
449.12270130217075
428.77071353793144
398.805117636919
299.3865525126457
318.73821818083525
399.8090225607157
403.7464078515768
408.8916097134352
524.2343464046717
598.8791988044977
420.5401273518801
457.59074099361897
407.67396864295006
395.14379309117794
551.7254568934441
509.67810602486134
462.38338331878185
533.3839903473854
452.76816204190254
521.8652987033129
435.53679540753365
355.6817024797201
435.54530295729637
476.66609124839306
436.3874599635601
579.4664663225412
401.6136902719736
494.76376707851887
547.4931843727827
432.68216305971146
508.7653793543577
535.551667869091
394.9063000380993
437.0019931048155
382.4727563560009
391.33980037271976
400.71576108038425
480.58959536254406
495.0512546300888
556.9520998001099
462.621578887105
434.58292615413666
396.6668949127197
490.5151626765728
551.7681502997875
363.37121967226267
451.6272606551647
423.40992449223995
435.87427991628647
488.253565967083
327.57018426060677
447.99273620545864
441.1967194378376
455.9138076752424
376.1107890456915
405.03302727639675
415.11804232001305
400.73618020117283
426.9551628679037
363.39398780465126
430.2075054496527
350.20587635040283
439.41642920672894
292.26906983554363
461.6832972615957
438.6661105155945
379.0982533991337
372.5521878525615
509.150099247694
487.7912140339613
449.73688647150993
376.8644574955106
341.3954477533698
384.1679620593786
356.22519358992577
305.16531686484814
406.91510304808617
497.64384365081787
494.1975552588701
414.5068719089031
391.0161565989256
304.844962477684
396.6961691826582
467.1458580046892
449.5387273877859
520.1241608709097
395.41855777800083
460.50448647141457
468.15018677711487
415.65671257674694
381.28034859895706
463.7179416567087
437.6592426896095
540.6030116677284
422.9904336333275
502.7283230870962
404.76351995766163
490.3437602221966
428.0547444820404
443.09097392857075
449.3880153000355
409.8438002318144
324.5396242812276
415.7998342514038
509.5241029262543
437.9008268266916
290.9605246633291
469.9221448749304
466.2487397044897
478.38967438042164
460.0518750101328
331.1244920492172
476.3315431624651
369.50769835710526
361.0748158246279
532.568162471056
476.96548499166965
387.88987761735916
488.90467239916325
497.6816875189543
349.05699579417706
467.3973657786846
306.6426670253277
501.7561120688915
423.56770174205303
395.22809061408043
490.2436860650778
349.2429787814617
472.8861775100231
456.53364799916744
343.9944991841912
495.3365854769945
450.3953353315592
510.05408073961735
371.8062615990639
446.816390439868
381.0383030772209
464.9544276446104
490.1790045648813
538.5920311659575
386.126365929842
486.8693024814129
328.40367882698774
438.9812238961458
391.5013693869114
445.9089939594269
553.9724777936935
477.28858183324337
407.7649172395468
435.7327074855566
447.1287533938885
425.7615007907152
463.3712532967329
455.3918952345848
430.9421543031931
434.1668285280466
501.9851091504097
489.82714718580246
420.70761585235596
504.36696372926235
390.9442857801914
546.6114928275347
510.2961717545986
390.63240237534046
410.1728888005018
458.3708002716303
332.4380008801818
443.5482744425535
524.7429790347815
454.3227981328964
465.1909634321928
468.05362747609615
408.56346632540226
370.94955019652843
374.35101357102394
507.0097291767597
488.7566487491131
500.99090714752674
474.1209972947836
535.2779270410538
386.9605253189802
434.33340868353844
403.9254424870014
475.15741673111916
483.83546002209187
516.8506201058626
553.4691075384617
586.4519705474377
416.167534455657
311.1397681683302
505.2625952810049
465.14790730178356
440.4805588275194
373.84152069687843
303.4398455545306
442.0646272301674
371.2715269699693
347.1242399662733
399.76840747892857
387.5167106837034
422.07928428053856
345.79003409296274
339.23435217142105
459.13930359482765
418.413819655776
348.78921288251877
444.83232466876507
308.9746877402067
495.98718082904816
418.26090483367443
414.62256060540676
345.9771680831909
409.5207982212305
387.00752158463
350.2374257594347
475.8815136253834
510.78646443784237
336.1848798915744
454.13430078327656
335.79673700779676
394.4278051406145
354.2703573256731
446.7784749120474
429.6117015480995
509.33032062649727
527.6977827996016
457.86230555176735
448.9102528989315
342.6941148638725
454.68426267802715
447.1584865152836
332.85419245809317
403.3442619740963
493.26409780979156
397.17593993246555
451.64555045962334
402.7551629990339
374.888750821352
418.8337670266628
395.5336706340313
257.40637638419867
452.2694164663553
352.8501494526863
455.9848002791405
414.8661911189556
448.51206924021244
427.6165902763605
464.93639436364174
402.99838791787624
509.65254694223404
485.36568224430084
479.067664667964
471.5383926779032
400.7862538546324
416.6294709146023
416.7473497837782
407.73161724209785
476.7312355339527
369.4170545786619
463.69208650290966
551.5558856576681
531.4071387052536
523.1353147774935
557.766176700592
540.8778903931379
481.61370211839676
330.9197544530034
515.6597119867802
402.4367035776377
386.05880154669285
356.4344062656164
341.5978142619133
407.73612493276596
469.0147927105427
452.90956811606884
504.1204935312271
411.6020856797695
425.3589237034321
359.8031042441726
367.92928272485733
345.22031814605
551.7100555449724
438.21783024072647
579.1810314208269
450.28496569395065
493.47455871105194
445.7928182333708
498.33224649727345
364.30605559051037
515.2299486994743
492.5237450301647
363.46305707097054
482.39351169764996
371.2698380276561
466.44408759474754
383.3312476873398
441.9730015397072
399.9065768420696
420.22310200333595
359.9450513496995
399.4765711426735
395.6256458759308
400.4516106694937
431.87574292719364
464.0371219366789
374.7218375355005
405.84486542642117
474.90026618540287
422.6255152672529
412.6389447003603
377.53377555310726
467.7586164623499
484.17102909088135
456.0948796570301
443.08893087506294
455.26420168578625
432.50790402293205
400.1469717025757
467.5276827812195
341.004091642797
358.5012126788497
479.246096983552
440.7272716611624
360.69501243531704
511.4548500329256
513.0436627715826
386.7253388017416
338.5576913356781
442.39555691182613
460.7431944459677
401.71134492754936
365.4103633016348
441.14045318961143
377.55199195444584
360.94499887526035
539.9254918992519
469.9972936809063
530.0119887590408
480.23771737515926
438.613579839468
448.7685498446226
336.6676794812083
441.5545698106289
478.53209437429905
441.90657925605774
419.5338147729635
532.4465631246567
474.3515654206276
483.97102043032646
461.38633704185486
385.75578923523426
367.2749832570553
476.92883513867855
457.39443303644657
420.1294818818569
481.5135256946087
462.77329905331135
396.3153655678034
283.01516392827034
471.50306114554405
544.2364990115166
497.1535994261503
366.62303403019905
423.60350643098354
404.5301151871681
351.4854293614626
381.6419253796339
405.7127394527197
524.8807553946972
385.5286503881216
447.5788870304823
538.2329754829407
314.5198150873184
513.9165512174368
343.1378272995353
522.2712178528309
393.4355706423521
393.8338805437088
431.2944406569004
528.6620368361473
262.8276694342494
422.32111221551895
468.70663619041443
444.7204687297344
431.77322129905224
570.7052598893642
440.16341273486614
490.9675803780556
545.124140009284
524.1366845667362
540.0765607953072
407.1714163571596
450.0296179950237
494.57979533076286
469.5565677732229
545.9836209565401
521.8977435231209
526.4038007557392
468.75725892186165
417.8253860324621
469.76726710796356
430.39542596042156
321.825850404799
388.30934074521065
442.91112592816353
450.75872108340263
483.4968340843916
325.5510470494628
575.9509992748499
452.61802768707275
537.9314871430397
357.78178191930056
408.37868578732014
410.68860912323
344.45635053515434
510.37940411269665
477.5073028206825
328.13563518226147
500.15570436418056
349.44575525820255
404.97019113600254
332.20393311977386
425.17964170873165
381.36890982091427
342.96823567152023
514.4789888262749
423.38534773886204
486.39691603183746
407.23123349249363
504.8066993057728
475.07419112324715
377.888180360198
385.2262477725744
529.6794646680355
468.5429777055979
505.8776035308838
489.15953931212425
556.1010452955961
369.9791884571314
338.5268144309521
434.1212991774082
559.306683331728
416.8112434744835
448.21182538568974
497.6085234582424
492.5855795443058
429.46628910303116
392.1927905380726
347.4974514618516
435.86166632175446
416.66983383893967
372.2102967351675
357.7801710218191
384.81085117161274
450.246090605855
412.1877701431513
446.536847487092
544.3267329335213
413.98608319461346
327.4742317199707
413.8654325157404
344.6957127302885
476.64029738307
414.0547839999199
564.7596428394318
395.3085440248251
346.88475745916367
395.99471697211266
471.5159092992544
389.70379596948624
396.44738169014454
443.8024726510048
451.18983705341816
505.2431724816561
488.2230018824339
502.40247681736946
411.9440116286278
480.04638819396496
424.8682462275028
329.68984485417604
424.98231330513954
434.4566676467657
373.8814420700073
345.11492761969566
503.50612780451775
414.10279251635075
346.6769490838051
345.3392049074173
279.05312952399254
431.01951609551907
519.7173464745283
504.51467706263065
407.49565993249416
387.977084890008
463.409932076931
405.4517704695463
447.77093563973904
467.7144870907068
447.84309028089046
501.6075166016817
413.38018749654293
412.8632744550705
447.050684645772
551.0715168714523
457.4357805997133
506.8837972134352
304.35076477378607
449.1557498574257
378.34285908937454
537.9181370139122
384.65474331378937
460.179648399353
422.51238246262074
457.4216006696224
455.57429352402687
447.73602382838726
449.8855884671211
454.87670236825943
400.00696286559105
327.8705063909292
575.4390297532082
446.6079911738634
359.00409983843565
384.79769675433636
443.1131877154112
480.79708313941956
424.3870698660612
498.29785975813866
498.2687145769596
440.33261604607105
387.0521304011345
461.199100330472
456.4958330690861
432.70096157491207
513.644710868597
491.28795029222965
426.8259079605341
381.909741088748
399.82025749981403
402.28028433024883
483.7796625494957
451.8755848109722
374.1406303793192
402.6568390876055
502.64463713765144
360.668773278594
411.09002235531807
431.0815185904503
460.7511026710272
419.75516375899315
398.7969423234463
588.8971431255341
454.5364371538162
526.7707325071096
332.42346093058586
437.3569949120283
394.55788619816303
440.1749109476805
490.798216804862
302.82883720844984
463.50417667627335
485.91811703145504
464.0725222080946
360.0195483267307
427.72923843562603
486.5641846060753
408.03164149820805
405.34145052731037
288.2844598740339
511.1594816148281
474.49975952506065
401.93643595278263
357.8146266192198
542.9327055066824
439.966319873929
541.7109858393669
357.88904344290495
344.8369034230709
375.08428777754307
456.76743414998055
427.67314141988754
462.97558757662773
337.87354439496994
362.90542174875736
463.85601752996445
469.72063736617565
471.6758292764425
607.8546325862408
387.7602435797453
423.0385819673538
470.01319563388824
475.20466232299805
479.92514330148697
433.60242007672787
479.99308483302593
428.88726660609245
439.74822559952736
392.35355427861214
441.95525981485844
483.55897156894207
371.8405780643225
571.4937813878059
428.23226226866245
393.0881391018629
576.8864056617022
475.65714325010777
447.8562494814396
430.85061429440975
376.2029069215059
354.2066789492965
336.00993651151657
498.46059957146645
446.27256605029106
565.8086926788092
517.755359351635
388.0127213150263
451.0138776898384
453.0337591469288
423.1945828795433
454.9767193943262
378.0236490815878
389.94309946894646
474.61390264332294
382.2521508485079
407.354381531477
463.83250615000725
479.39723816514015
561.6791818886995
382.64736177027225
450.3135963231325
439.0616939216852
471.43833780288696
487.43799759447575
388.8271579891443
452.919547572732
370.84023629128933
410.2203075438738
401.56644037365913
348.5499494895339
514.8069161772728
299.1479606255889
489.4981537312269
398.2354112714529
436.58622412383556
415.88007225096226
387.41958421468735
462.32006274163723
363.4163638949394
332.97221210598946
418.26016914844513
385.5906250476837
381.7772555798292
413.68612100183964
453.8549479097128
481.7601960003376
470.1860334575176
305.19205774366856
432.01196298003197
453.33431716263294
266.78519401699305
453.3813228607178
414.81940335035324
403.729110956192
372.7524098753929
441.0558374375105
322.84836871922016
423.241062939167
456.99221800267696
338.88239572942257
438.1512379050255
315.00625163316727
351.4552433863282
303.622003801167
437.3465446382761
230.9424009770155
476.9139737188816
361.4387852996588
400.5588636547327
438.9071978777647
389.6997067630291
409.51679489016533
347.97600424289703
357.2065445333719
486.6619429141283
442.50718852877617
378.6000453233719
297.45226453989744
318.3122476786375
328.847981646657
500.9005305469036
452.4766961634159
438.3501220345497
355.89960591495037
512.7315706759691
404.0556048601866
413.6080936640501
350.0798522606492
450.36869002878666
508.7902940660715
406.19885282218456
294.15989807248116
442.1006510555744
370.09774546325207
475.0741828083992
533.2663651108742
389.35280917584896
516.7807292193174
488.4680608958006
451.10816840827465
518.2469897866249
418.46128380298615
549.0024349242449
465.64303098618984
450.94699992239475
500.4948526471853
506.9272809922695
375.6231332421303
497.2454169690609
432.9187970906496
350.10332664847374
420.3099569529295
428.91736537218094
461.4109676629305
481.5734956562519
318.7991783618927
519.933295994997
568.0783306956291
485.3420548439026
442.68469597399235
573.4248881191015
514.1913891136646
413.3299182802439
485.16468903422356
476.5436097830534
464.08551685512066
310.57655623555183
452.01421631872654
330.56002508848906
421.2801379710436
468.26995596289635
403.50695234537125
326.551916398108
500.1230346262455
453.5617429167032
543.0525671541691
531.4260574877262
451.71294340491295
421.22719809412956
526.5047668963671
358.7412460297346
331.7897739931941
369.1099788993597
275.93287175148726
451.321281850338
409.3610804527998
379.87741777300835
438.17059250175953
325.9981768503785
395.3851489573717
337.1780956313014
493.19878675043583
320.4519359394908
483.0136113613844
392.7813102453947
437.99375312030315
520.2339862436056
454.9497668147087
339.1414477750659
390.1763664036989
434.3721656948328
420.16874630749226
459.10403479635715
390.7949762791395
377.27212250232697
357.47214575111866
369.8456760048866
416.9131034165621
315.52778040617704
423.23106802999973
492.8855008780956
425.6695129573345
460.57381695508957
412.451778665185
398.60248436033726
519.2678596526384
386.7183816879988
356.8850555792451
400.61924862861633
423.1276274174452
514.0175435245037
389.28582315146923
216.71869757026434
364.62156896293163
345.5627717524767
503.38935473561287
416.14838744699955
369.00777365267277
379.3361932337284
317.4925656840205
477.6072692722082
404.55531515181065
321.8355583176017
468.13271993398666
437.6531750410795
411.44118396937847
315.8062015324831
388.15828239917755
347.51794861257076
376.6119155883789
374.96222500503063
363.0218272805214
369.3187226653099
445.3484507650137
347.83147048950195
390.74033902585506
371.94035890698433
448.8326694369316
402.80699236691
419.35292372107506
457.82897163927555
305.30732624977827
419.2529625892639
408.67743949592113
344.1728179305792
447.6130353361368
285.5145125761628
431.6545604020357
380.7469990104437
383.94955064356327
470.3719725459814
307.1283723190427
399.01256431639194
358.4014836549759
353.6828178912401
332.34034092724323
413.6571791768074
304.6961136460304
429.23433846235275
416.26818938553333
362.40167312324047
320.53839126974344
401.6344574838877
401.6740413457155
337.71819093823433
401.7531429976225
399.606036439538
439.33151933550835
334.32625064253807
434.1932400614023
447.5286684036255
444.83751061558723
431.7120496481657
545.099067941308
493.9309989362955
405.92331467568874
401.9185234159231
506.83535815775394
413.1755879968405
458.33684246242046
304.7778882831335
329.53284072875977
458.2282051593065
375.0547365769744
398.58893816173077
447.562188193202
410.63898128271103
321.7954811230302
365.08786031603813
371.12588331103325
535.1301689743996
426.8307435810566
391.59395256638527
389.81577368080616
349.13356418162584
468.42414467036724
452.6483243852854
363.9389873147011
410.98677794635296
299.4493046551943
513.2411857843399
433.63288500905037
396.119958743453
482.82223354279995
351.82444716244936
362.1326824873686
396.1247745156288
348.8918852582574
467.842735812068
497.40690928697586
437.60044603049755
420.6049882918596
386.62735214829445
436.4830851405859
506.70470033586025
410.9580092281103
444.53191435337067
451.0461882352829
511.00059704482555
372.74051210284233
470.69639724493027
462.65961141884327
470.3086467087269
434.79269601404667
601.5960384905338
456.6229542940855
492.60894171893597
424.83215379714966
510.1192342340946
577.9296364039183
456.61035926640034
437.59769500792027
412.8416165113449
565.162716910243
414.68510246276855
294.5033186599612
388.0151849389076
461.8410672098398
453.4529214799404
348.0875807851553
350.1161865144968
468.7855550199747
467.52213391661644
470.09561052918434
402.4780828654766
445.0741291642189
466.09077832102776
437.85652662813663
422.72831666469574
403.17681609094143
425.03991301357746
332.68306794017553
413.7057050615549
498.3360315412283
346.6670259088278
555.6671639829874
418.7333482205868
345.5647126212716
518.9190523773432
380.35704992711544
320.4322673678398
376.6087520644069
387.89512211084366
427.76169326901436
497.2992975860834
449.92740947008133
398.137162566185
494.9815196245909
488.65147948265076
575.8785598576069
382.94557620584965
450.42383378744125
397.90369768440723
331.6651982218027
353.452964566648
416.58332918584347
554.8710513561964
397.720701828599
352.1319050192833
455.6160662472248
404.3129831254482
465.6885120868683
397.9292093962431
550.498261898756
465.29650431871414
358.1334373354912
497.7295412570238
310.79974745213985
397.8318465203047
472.90949365496635
517.0611089020967
542.1932528018951
558.4331143945456
453.24277675151825
418.90287022292614
325.54728343337774
553.6372984945774
437.8183468282223
510.49728786945343
380.61060689389706
367.7324982881546
388.9166495427489
523.3771332353354
533.6769567131996
386.98236881941557
339.4342824816704
425.8135095536709
351.850228369236
475.7139200717211
536.1723932474852
500.0032217055559
385.5548913925886
402.38427022099495
511.019369751215
362.2171689122915
426.1315755993128
382.79445023834705
487.7973474562168
393.04119677841663
402.18597780168056
491.5689937323332
449.4319002479315
411.94725696742535
369.3202578872442
395.4950110912323
390.58415611088276
316.8033313304186
414.618494361639
415.407414406538
406.5507949590683
374.64787605404854
275.57920476049185
413.53535579144955
373.5855835080147
327.9898009225726
328.69618309289217
399.0624266862869
413.59742972254753
480.55915528535843
398.7253417521715
380.1280427277088
424.72102926671505
457.1687512844801
441.98221147060394
332.13301296532154
392.0336239486933
354.2888353615999
446.0261450111866
369.75849617272615
484.2618450820446
382.61407129466534
322.97468757629395
518.9052033573389
375.14387987554073
468.46079659461975
429.79289646446705
462.8200995028019
303.448164395988
462.1161904335022
377.96026326715946
542.3180733472109
454.2132912427187
333.78671269863844
358.544733479619
392.25273111462593
451.17664816975594
350.36363300681114
331.2663005068898
452.356728464365
429.33947506546974
499.3616461008787
438.5407540202141
351.2060611844063
345.7382038831711
398.7366745620966
467.4186948686838
390.13612481951714
460.92041435837746
500.48884077370167
457.4709266126156
478.4656701236963
456.77239882946014
422.55063186585903
348.9833471775055
407.21354170143604
470.1051248162985
381.6293642818928
475.18536196649075
390.16465678811073
487.76468975842
481.2029287070036
430.90195471048355
488.74151073396206
385.14304798841476
439.7934317588806
469.82932594418526
400.3370736539364
386.160638615489
535.094293564558
449.129102230072
428.3153811991215
461.33621487021446
352.90213663131
486.3120940923691
526.6284971535206
495.838651239872
488.202496945858
482.34598672389984
479.35112819075584
400.2698161303997
408.82339692115784
411.6839911043644
452.73080134391785
363.6049600690603
492.210925206542
442.7668209373951
390.8764070868492
453.23791904747486
510.02511847019196
433.29359021782875
503.7708454877138
341.8165755420923
439.6568552851677
478.18311493098736
411.876175776124
468.9956533908844
443.9177467226982
467.8386361896992
452.3640258163214
444.1083072721958
526.8968335688114
389.6485681682825
372.9313611239195
335.1030657440424
472.7439404129982
496.9085395485163
520.2860919982195
313.4926332384348
578.9857186973095
470.41319899261
428.8919928371906
467.8635358661413
339.4864129126072
365.21128000319004
505.4252215921879
488.37905482947826
386.14431568980217
381.63549341261387
460.84644627571106
434.7217921614647
305.5840409845114
494.42290914058685
463.51769429445267
437.93304392695427
496.29598112404346
392.1401922851801
442.41060280799866
311.423917748034
361.299273326993
444.3150812238455
514.1143284291029
541.7131650298834
398.5987206250429
463.07393957674503
406.35316766798496
575.9286853969097
341.817651078105
491.41540732979774
350.19221376627684
482.1493625789881
456.0535756498575
508.85516311228275
448.9270903468132
408.1585810929537
492.946840018034
414.59042216837406
384.8836680352688
489.62904223799706
517.873551607132
445.17661768198013
396.69214947521687
385.28143095225096
467.168946146965
406.741033911705
340.15595262497663
468.59583903849125
467.4488654434681
340.47497086972
491.5515772551298
524.7812996655703
365.72978185117245
423.51312579214573
423.56059159338474
474.479369148612
487.5491403192282
385.99391912668943
353.8434879630804
454.1184291690588
375.9190980643034
417.1545947045088
538.7639815509319
471.36221669614315
472.45213282108307
399.17750965058804
455.1738769263029
455.478381305933
427.1493743658066
496.305042758584
395.3668021708727
460.2498003542423
437.74547389149666
406.8600007891655
395.8689756691456
473.55128064751625
476.24720418453217
412.64863516390324
391.05741687864065
445.64204382896423
478.1418230086565
440.2635048031807
388.84365110844374
459.3984490185976
422.88231237232685
438.81614224612713
383.71261598169804
402.27454210817814
452.20717391371727
477.0384033918381
391.4801774471998
357.0773524567485
377.1419751495123
372.6390411555767
400.27460104227066
518.0880500078201
381.3613922894001
482.77835957705975
474.0847387611866
414.78682920336723
489.7548490911722
361.0133333802223
428.2801576256752
458.10447619855404
378.68845573067665
447.83824299275875
387.41251742839813
448.33000323176384
461.9525446742773
427.5617483705282
498.17953062057495
402.60941813886166
515.3154852539301
424.90728026628494
431.35196816921234
329.9583229124546
420.84858733415604
523.3959406167269
392.6921152174473
435.44178126752377
494.8391430824995
421.70754420757294
438.73024232685566
349.37881648540497
385.1800039857626
421.3380942195654
384.17527525126934
273.97881589084864
474.0060058236122
309.40656173974276
505.0947342813015
474.42196771502495
422.4281825721264
513.4609691053629
450.91418266296387
431.62932784855366
493.39020696282387
338.64945467561483
480.27671222388744
398.1298869252205
466.72121725976467
375.5432900339365
516.6358467340469
452.2370117008686
358.0704114511609
430.5497036278248
409.13601699471474
449.87340021133423
396.0258325189352
465.5954537987709
396.9633803218603
459.43411825597286
420.04282653331757
394.23254342377186
422.19108568131924
467.28639951348305
463.3099589496851
446.95924586057663
415.5557905584574
473.7509466409683
432.354816660285
380.3390043377876
365.84938272833824
324.85271245986223
401.0488491952419
424.83849193155766
481.34551164507866
387.17945566773415
588.9575266242027
547.9849172085524
594.5749947726727
537.9825915694237
602.3373568058014
476.02105179429054
407.61289082467556
363.70121647417545
487.247895732522
551.9471718817949
556.458428889513
468.8564403504133
495.83721113204956
510.1160654723644
409.1772147268057
354.9575268626213
276.1685165166855
416.77536404132843
345.6381871700287
394.9394090026617
469.65650586783886
427.30578745901585
476.7845711559057
489.7742902934551
338.25306233763695
370.80718598514795
429.2402820587158
378.9571654647589
551.2215801626444
419.80899354815483
418.0335976332426
283.7275784537196
338.2389795035124
397.4956871122122
464.6631785929203
359.6419809907675
462.6729128807783
288.29985304921865
487.82412277162075
530.3314401656389
443.62270261347294
497.36895771324635
412.3965800255537
373.20513962209225
346.0467613786459
498.15186443924904
460.97034396231174
473.0152511447668
562.9890420734882
479.2851957678795
347.504196241498
428.3504023104906
524.8680984228849
385.14168648421764
370.54699179530144
391.7646685242653
398.6294528692961
392.75917119532824
326.2420218139887
474.73772983253
397.18112413585186
438.26068733632565
441.9670499712229
317.0419225394726
389.8291946351528
366.32705419510603
356.39022947847843
373.1895596385002
299.9581229314208
477.12400326132774
417.0076338201761
406.084040671587
402.0557157546282
390.73102264106274
366.4226278960705
397.46936598420143
392.8460350483656
392.9029968678951
354.7582585513592
360.39943143725395
409.97949853539467
431.72154319286346
464.15334716439247
396.2999119311571
300.64113111793995
378.85110434889793
365.16831178963184
453.3161010593176
433.5296129435301
379.50208090245724
349.6338320672512
319.4835840091109
419.15938843786716
291.847215436399
299.7904138043523
340.36822728812695
348.9519834071398
361.48629282414913
332.1767272949219
339.46551279723644
463.50239323079586
471.26394663751125
437.75611716508865
424.8497907668352
327.7327686920762
339.25414644926786
495.2365170419216
338.7222259938717
334.44202610850334
380.9396132975817
400.20455223321915
362.0899459272623
405.71935695409775
439.3643371164799
376.9161439239979
460.9946143627167
340.54632660001516
417.3671636879444
501.84962867200375
356.1069751083851
458.93453258275986
289.0579854026437
423.29873134195805
446.263548374176
413.66248524188995
421.35405944287777
436.2041716724634
422.1945972144604
510.39651124179363
471.8769433647394
442.8966912329197
448.50944678485394
423.832652926445
467.59014500677586
423.2483558803797
425.70117661356926
472.61984577775
349.93060391396284
545.2279900163412
278.887105204165
432.07617977261543
389.5641011893749
452.69017165899277
472.97485888004303
468.6815026253462
348.89630503952503
309.5898454338312
412.67887061834335
485.7981703132391
458.74036179482937
414.1026546061039
464.068226903677
402.17073057591915
418.51125875115395
319.1827065050602
496.32364471256733
472.1263473033905
426.3004190027714
351.80539207160473
467.225642696023
408.02710162103176
403.2176289707422
571.9322605878115
398.2889784872532
390.99873311817646
315.47835909575224
496.94607965648174
574.8714411109686
432.3958047926426
374.3561509400606
455.0623778104782
339.7831919118762
398.9529461860657
440.4602706730366
391.60462552309036
405.91360379755497
408.67618529498577
364.32502594590187
414.42445063591003
440.59877422451973
350.0391176491976
415.86717146635056
438.3070916980505
407.82397209107876
457.99470803141594
439.77294667065144
380.8948771953583
397.8871926218271
445.9873643219471
457.10456795990467
449.07776840031147
381.9336738139391
385.55695713311434
311.2517499625683
439.1649471819401
454.8619311004877
388.4070939421654
393.56693986058235
376.54950089752674
311.1225401684642
428.2188339680433
474.46895039081573
486.6259067505598
463.5156364440918
435.5871602445841
332.47906041145325
459.23759365081787
456.47304786741734
530.7291953414679
284.7355182543397
387.34469175338745
343.41968404501677
471.81106528639793
460.17072385549545
421.0122406333685
482.1542001962662
440.69156473875046
532.7758409380913
512.4944444447756
388.06015384197235
462.5836310237646
430.7510633766651
454.10853074491024
322.90284905582666
351.73701690137386
505.0092739313841
453.0029758363962
513.4271749556065
412.11653684079647
447.11396262049675
428.26868093013763
490.7271671742201
456.379984408617
396.9403795301914
361.7157666683197
417.1421334594488
458.36313946545124
386.0224655941129
484.90038584172726
484.29665970802307
429.8243658840656
394.58170659840107
406.6044423133135
424.98333621025085
460.7550140172243
449.57502080500126
448.48899622261524
357.48967956006527
439.8918734192848
323.302637308836
364.9039005488157
510.6572734564543
361.5418363362551
440.0836534500122
450.05119529366493
423.87154047191143
515.2212329953909
428.5230303555727
402.12577034533024
485.2123277634382
525.3508394360542
553.4354411810637
507.02330650389194
269.8796453252435
360.1674220710993
366.43355506658554
392.5581221431494
265.7701216414571
330.75596898794174
401.6132634282112
309.43777091801167
361.3930739611387
478.1714660227299
506.7527569979429
471.37665624916553
452.06617987155914
405.1387228965759
388.80667044222355
430.0075323432684
461.356855481863
438.5331329405308
370.4699937403202
361.5691961199045
475.68572422862053
390.7790346592665
444.1935494095087
372.63033877313137
393.3261702209711
399.6317187845707
423.1735223829746
427.8182353824377
434.8575965464115
365.67793104052544
473.21502862870693
442.52715115249157
485.7559769451618
412.97958770394325
354.02053712308407
533.4404240697622
308.68383644521236
496.4938858151436
470.52883364260197
500.34218223392963
374.9503731429577
411.6907864958048
344.65351904928684
428.65408858656883
423.97955122590065
475.98249934613705
276.4161656871438
430.55402114987373
336.04360373318195
430.1837954223156
417.53606121242046
437.786363363266
284.1398340538144
464.1618977636099
406.8186921775341
446.3386731296778
387.680645942688
368.84252901375294
469.9339566230774
349.2969302535057
513.4167937487364
355.58579613268375
379.3574206382036
408.2674825191498
371.567593768239
371.8380397260189
495.0439852178097
471.0395281165838
422.640509352088
409.7499386817217
341.14121744036674
362.9369114935398
418.8697031736374
312.44099006056786
453.08464516699314
372.08212403953075
353.21014423668385
423.0664999485016
304.4818354472518
377.44100077450275
402.58422465622425
350.39264193177223
448.2350598424673
461.3119277507067
392.5830221772194
355.4223597869277
464.1087871938944
340.76056227087975
413.111305937171
425.1821342408657
293.80257764458656
462.3946050554514
461.46559566259384
389.5398348122835
387.82530258595943
391.82403540611267
395.5498067289591
505.8590116351843
421.17614111304283
268.86754573881626
281.4649538323283
485.6685189604759
281.4323838055134
267.6429283618927
411.1818504333496
438.05578392744064
453.00980883836746
424.3666095137596
315.29459004849195
368.6768548041582
511.2470906227827
427.1350962072611
425.7235776036978
434.62009401619434
331.42494881153107
343.1008287742734
363.00563472509384
325.7965939566493
328.78181337565184
419.71288518607616
422.7818031013012
346.46149487793446
368.61280922591686
449.28509221971035
329.94386518001556
335.21118891984224
434.7267527282238
470.1848949342966
448.45632772147655
385.38048854470253
365.1293053403497
468.35913126170635
357.34536174684763
334.93933905661106
364.092053309083
370.2309508919716
380.6839019060135
418.54325734078884
463.11140225827694
395.8185267150402
438.0711365044117
459.8412570655346
322.46461413800716
420.40634471178055
530.0753430873156
419.399377822876
490.67351539433
280.4060344994068
299.35441087931395
387.6184386461973
405.8379000723362
511.31698790192604
484.21562799811363
402.7936169654131
387.5216658115387
427.3201793283224
435.54824860394
490.27952970564365
374.7375714480877
496.81999257206917
369.81424674391747
299.4274656698108
367.3177883923054
362.4072249978781
294.85265950113535
363.29891565442085
446.8530042171478
418.1991018652916
437.2517398148775
339.5275002270937
366.66936533898115
366.7874206751585
329.88817708939314
310.1566592976451
345.74662202596664
473.2565271407366
303.57522367686033
451.01518504321575
436.929527297616
403.296350389719
427.25399972498417
443.4206316322088
321.42188865691423
387.0093134343624
391.9838866144419
371.6532983854413
400.94454024732113
411.18963581323624
300.70466063916683
354.3984509781003
425.0211092531681
285.39840740710497
348.50709596276283
419.4167087227106
482.097183868289
307.0913819000125
377.81847743690014
336.058213993907
452.5248086899519
440.861595004797
388.0894143283367
414.8010626286268
403.1369633972645
377.3068136870861
419.6004106849432
372.4063874334097
346.2392893433571
430.2424051016569
314.2414647862315
492.56590689718723
363.9660553187132
450.988883510232
318.7022651806474
425.6256508529186
409.0900548994541
394.0667104572058
307.22251185774803
405.3193238377571
315.03497840464115
392.6531708985567
454.3714210689068
391.1190903186798
418.4173676818609
291.6207012757659
420.89532855153084
491.2330399751663
460.78185860812664
487.6335228830576
305.7387063726783
413.30453558266163
393.6210888326168
269.87704488635063
415.5658008903265
480.55933324992657
416.32765862345695
361.859288752079
433.50561222434044
473.725559681654
537.0310188829899
391.65880005061626
458.24510246515274
413.0886038839817
350.67727130651474
522.8827461749315
399.67724476754665
338.51983484625816
395.6579379141331
323.85442788898945
385.66154530644417
363.47980773448944
390.25840543210506
462.9602364450693
483.76810832321644
335.3807098120451
431.6503925770521
311.27761524170637
437.705973058939
426.0855183303356
272.02068374305964
335.19683077931404
456.3832952529192
365.3136706650257
391.4469808638096
480.482295781374
417.4226723611355
420.16272200644016
358.29216353595257
313.0526255518198
373.3101870417595
414.31148996949196
460.25446335971355
433.33034959435463
462.4456388503313
392.8135045915842
372.1518471837044
472.2787142544985
323.08982118964195
337.02505311369896
441.0278364419937
479.7611354291439
384.5685859769583
533.504949003458
249.33045528829098
437.19615665078163
432.2849578857422
438.6092194765806
381.6404474526644
537.2285856604576
366.85818092525005
522.9112189412117
347.5497090667486
420.8333430290222
441.41013799607754
446.3456953763962
478.850121229887
331.0767505913973
310.8775184005499
388.33659306168556
375.3165513277054
405.9365082681179
463.5778138488531
340.1387525200844
409.85624012351036
441.2457265406847
596.085018247366
403.68322341144085
562.6826669871807
359.99553974717855
502.74746780097485
396.4260432124138
422.3113603144884
413.5664319396019
377.8903526291251
414.88223396241665
491.1563420891762
414.6463934779167
359.0456387400627
258.90680292248726
509.2859949320555
388.0970843732357
321.70011971890926
356.65391466766596
467.8426295220852
339.3407541140914
481.1684282720089
387.021353751421
363.64934219419956
330.2604259327054
501.23440277576447
321.7190615013242
269.8341630548239
414.66594192385674
367.1925113350153
434.94584360718727
414.6324084997177
369.72270131111145
405.7178510129452
397.2449872046709
417.801493242383
419.76227456331253
406.27931329607964
408.47582161426544
316.42828346788883
379.89964866638184
423.0562181174755
313.3002387434244
547.6712666153908
406.1536612659693
489.5843141376972
468.91223941743374
443.8750069886446
431.176806896925
333.8889895156026
392.74311551451683
400.2581433057785
461.6100636124611
393.00966626405716
428.19823472201824
458.9621939957142
364.4005064666271
373.4393258392811
396.3947302401066
418.16544987261295
397.64999908208847
412.1972322463989
411.2117997407913
403.29377195239067
313.88875422626734
302.8664228692651
425.6144908219576
394.32794493436813
456.25481352210045
444.0279770344496
425.3867036551237
256.3079295679927
434.6362024396658
418.805722668767
461.70311810076237
446.2844986319542
451.6530062556267
474.1652999818325
454.0464751124382
374.12661615014076
483.6883911639452
468.1575735807419
432.0837876647711
526.3315686732531
483.42652240395546
326.198598369956
382.07664869725704
385.8136737495661
385.59794840216637
461.4035068154335
499.4097809493542
490.71938675642014
496.3583235293627
416.4880435317755
335.3874613493681
516.6882479637861
576.3235349059105
423.3403396755457
425.6142013967037
498.1544023603201
382.6673558950424
521.4622382521629
370.0796612948179
422.61460158228874
414.1084085702896
435.15061715245247
416.6298869103193
535.8528014272451
570.0813042074442
469.04083336889744
363.9329226911068
467.4574868828058
402.9600769728422
394.7444603294134
544.7325318604708
341.8736291602254
435.31597001850605
416.4753212928772
465.30800072848797
477.80768302083015
450.1362420618534
450.68577015399933
475.0268007963896
425.7668339163065
525.2882686555386
397.8276932090521
452.2302419990301
426.1308426707983
347.3382403999567
577.7405695170164
461.7464143484831
460.24857610464096
439.5573381334543
388.8145014345646
465.1814257055521
548.3844541311264
486.5442513823509
383.2078904211521
499.26822017133236
564.2182528674603
424.8412135541439
319.8058601617813
393.378102183342
467.52498865127563
456.1663068532944
417.8853886425495
366.1004048883915
506.89150416851044
333.52167432010174
387.19900365173817
441.64287082850933
425.67624212801456
298.99821922183037
368.8855998516083
385.11317063868046
473.1785890161991
446.5834190994501
444.01024743914604
457.10843209922314
353.2254462465644
380.9809005111456
412.2462311834097
369.4747643172741
308.52417515963316
512.1817722469568
343.68597887456417
390.7573594301939
342.9019066616893
379.84707678854465
473.32899574935436
426.35576586425304
421.8633420318365
361.02781865745783
430.7598338127136
392.88054321706295
453.23489332199097
415.768340036273
395.29346100986004
502.64319501817226
537.8316902667284
423.0633021444082
409.5840084552765
421.2007817327976
412.9144024401903
442.53543670475483
436.53266079723835
432.6039232313633
333.4758049249649
354.5740738734603
425.79249706864357
462.2663772404194
423.78844848275185
396.73765347898006
440.22533163428307
349.73012790083885
470.60444581508636
362.31127122044563
423.8410096168518
409.6509931832552
287.5120270475745
358.29367883503437
404.6763242036104
300.4978260397911
509.3516697883606
424.75931529700756
445.9113295674324
354.0157932564616
395.436740309
401.9423478990793
434.80574092268944
383.4459063112736
452.52746357023716
325.8005989342928
388.61505338549614
440.6176378130913
337.6522620394826
428.03183248639107
381.94560891389847
393.6488107740879
345.2863005399704
458.0755688548088
408.0155887827277
462.0111984461546
455.01513408124447
467.61153650283813
388.30197834968567
286.3766917809844
427.296454757452
386.3200926184654
406.05001270771027
454.38650976121426
414.5172570645809
479.095519721508
406.7111577540636
425.2175459265709
508.513529881835
487.4149990230799
473.37678606808186
392.79514206945896
413.6318042874336
287.48694532364607
314.5809174031019
515.9680296331644
459.2919870764017
417.5312993526459
353.48434722423553
348.91744662821293
408.6482749283314
358.75821567326784
428.7658834606409
451.9741415679455
362.2197111994028
296.2336636185646
465.89737598598003
432.8876980096102
339.3076894208789
408.6203618645668
367.22060987353325
322.07171808183193
328.98137729614973
378.94104243814945
399.4974125921726
375.03731617331505
309.4441527798772
435.4947331249714
566.1408621072769
395.4586810916662
414.9212770164013
490.93201580643654
403.8592963516712
438.65885128080845
458.3145654797554
344.67041174322367
377.22523130476475
400.7524552196264
455.5247096270323
488.80713084340096
421.10919566452503
314.1627885848284
420.61154332756996
342.50524674355984
364.61001765727997
286.1482201516628
365.29508367180824
365.8408834338188
423.69497610628605
386.783430069685
402.97933235764503
385.99783058464527
374.03838796913624
348.00269041210413
444.3018590807915
411.7912463247776
348.18778186291456
478.2131844907999
396.1307892203331
420.33896031975746
392.1008068472147
556.7965566813946
415.1629898995161
416.78545355796814
553.9301221817732
402.7758450061083
432.4941502660513
526.1612228006124
460.4169481545687
400.5947285592556
383.6152915209532
386.55284763872623
499.37942004203796
413.0189064145088
535.5625908523798
480.49185989797115
584.0157564878464
386.6454531699419
567.1193884462118
319.8277308791876
378.6092318594456
420.9036295861006
400.25431072711945
325.01012095808983
426.6134369969368
444.41101986169815
573.527695953846
546.5491862297058
461.03666761517525
449.78864070773125
441.7746144235134
346.78044794499874
463.2558981180191
532.8521984517574
495.62753415107727
286.3948801830411
426.8280454725027
388.1028491705656
465.07213984429836
466.15061470866203
331.25078681856394
406.12986855208874
512.7102050185204
434.1356133520603
384.78607246279716
400.883270829916
547.9446038305759
430.01062838733196
616.2060224711895
257.58159347623587
351.4310898259282
531.9362462162971
336.53772078454494
343.2355802953243
322.02998247742653
356.2304161414504
489.1493485569954
473.204514041543
328.09419520944357
471.592659920454
491.0409918278456
535.0588605254889
412.38420931994915
547.327544003725
396.7620939165354
460.87408842146397
459.86635997891426
325.39574306458235
440.11740685999393
457.73882725834846
536.8030993044376
288.97557759284973
438.99615067243576
466.08186350762844
487.96487025916576
385.2620977908373
341.705229178071
335.2150830477476
490.2345074862242
539.3999654203653
368.8274719566107
419.0783380717039
341.5638587772846
472.27869506180286
391.9912243485451
417.8790993541479
433.591188326478
342.96919421851635
342.1797518581152
520.6845280826092
418.1285951137543
503.88936235010624
592.4246879965067
450.79942612349987
499.2424401342869
527.8748569637537
390.2555318772793
363.34106343984604
343.9582226127386
