408.3439734876156
465.3140760958195
413.77040077745914
417.5302205979824
518.3823955208063
321.99470242857933
349.158869355917
332.975539393723
403.9942864924669
469.85899901390076
374.03214548528194
368.59909531474113
369.78033247590065
392.2183127999306
317.493973813951
494.16734316945076
362.45440378785133
336.37216921150684
312.92924090474844
332.92712105065584
363.5360901504755
326.4960857629776
474.490358248353
385.9884381145239
375.4645499140024
519.5807216912508
471.0879357010126
326.1823516115546
435.2033574581146
306.48097778111696
400.69035644829273
294.5133147314191
312.9538311287761
500.26980462670326
332.2863562107086
381.5529844760895
349.80980714410543
513.4078504890203
339.1917378604412
375.49752536416054
346.74256996810436
378.21891681849957
368.08623468875885
283.93846870213747
376.31913597881794
520.2862716764212
450.07492621243
260.8917838782072
496.3998718261719
332.39133705198765
413.53308096528053
361.92935787141323
388.2635659426451
381.72856543958187
365.3980314284563
251.37953638285398
411.40515235066414
393.1963931173086
334.92703028023243
401.16968812048435
364.10040132701397
288.9603231623769
473.9670314639807
308.2709598466754
357.2541574984789
313.22189482301474
349.5585339963436
418.84749844670296
337.8576614111662
342.8398803845048
374.2032142877579
397.5002298504114
325.88441041857004
416.611849039793
413.55342002213
480.2438150346279
471.51238553225994
389.89306773245335
294.4029686972499
318.9765761420131
359.46375392377377
408.33540691435337
349.5839606821537
438.04240560531616
330.7624164670706
367.04391138255596
403.1260317862034
329.33987820893526
324.04252272099257
338.50842152535915
383.5426551103592
353.69240732491016
497.3289467692375
462.6933942437172
353.98615799099207
465.90801894664764
417.4493927657604
297.2560049518943
372.2957052141428
354.03129824995995
374.86078655719757
446.861983448267
392.18441720306873
370.3216938227415
429.2255601733923
394.20171271264553
250.88133543729782
374.242805570364
423.9532081633806
400.28141520917416
317.47374245524406
400.5984750688076
470.45764265954494
384.42046895623207
277.7495772615075
360.3512036651373
298.780121602118
332.0910936817527
403.1301826238632
296.1186230778694
449.0201094150543
377.76671431958675
362.2086682021618
264.21359541267157
268.87247385829687
341.9014980867505
482.9666819572449
396.939990863204
416.57238072156906
454.17722238600254
278.18381825089455
363.77336402237415
416.93156787753105
337.95438750088215
386.2739819586277
292.1798100322485
335.1479929164052
356.4793976545334
404.6957062780857
493.8964934051037
419.78558683395386
501.1526861488819
471.02115674316883
435.57186384499073
437.72632974386215
333.0749916806817
306.9630550071597
362.34410835802555
418.42892956733704
383.0536317229271
306.4576657563448
319.10055831074715
355.5457772910595
274.52111764997244
346.88787004351616
416.33436700701714
458.76977501809597
407.3843786865473
423.5181445777416
397.5434931218624
358.41263473033905
365.5095598399639
453.36455865204334
408.5689465254545
435.28606101870537
226.88363444060087
424.7271211743355
352.0139552876353
350.6094906181097
471.68288929760456
437.1322838962078
417.83283591270447
330.8068577796221
355.80524691939354
439.46409909427166
489.01056683063507
298.2359307333827
442.18937289714813
391.114833176136
428.00746631622314
537.2989422827959
533.1063232719898
406.9349436610937
449.15888664126396
276.56085150688887
347.97968247532845
386.41971626877785
347.4385960251093
453.18695621192455
370.90042604506016
404.2238548398018
320.4654734060168
456.12879069149494
443.76527121663094
342.205650433898
300.13979644328356
316.5166596993804
455.0535006225109
343.31364042311907
567.7723820656538
409.4372128248215
245.28958404064178
385.50057803094387
362.6634342074394
407.009587302804
427.42999172210693
327.80257788300514
370.59448021650314
379.0706661641598
339.47521640360355
451.05472072958946
371.9493810236454
335.1308214664459
300.0031101182103
401.5062458962202
435.15062077343464
312.29530468583107
288.56761199980974
475.6209215372801
387.79370975494385
334.7480059042573
463.13373596966267
374.4632608294487
307.7039220929146
420.65163956582546
356.2161202430725
435.86661028862
442.36470782756805
304.9087558090687
400.62110808491707
358.64398242533207
433.4168377071619
300.45340809226036
470.6544494330883
382.4559146165848
358.5893356651068
469.80541744828224
346.0820768401027
254.1238476485014
460.35700714588165
377.70122730731964
347.34546925127506
339.924592576921
371.04601886868477
393.24051083624363
402.5807496458292
371.50552186369896
446.4919378012419
361.3233704417944
436.3395152390003
464.51671801507473
427.38619497418404
295.144984126091
372.56162114441395
404.4309148788452
321.9702046215534
275.29036704450846
332.68524695187807
266.34132694453
465.49679030478
365.66106463223696
313.6973036080599
365.7176523655653
348.97651559859514
280.9818470329046
386.1159890294075
369.08936424553394
365.28654885292053
422.143125846982
322.30716586858034
324.6112010553479
465.1431207358837
295.5852351337671
358.9672392308712
392.73173600435257
261.961020052433
397.978285625577
417.6287534981966
533.9157485961914
425.64698822796345
392.5581797361374
362.087739020586
444.2435491681099
370.88723911345005
308.4204962477088
475.8661595284939
391.3236846625805
354.0499689280987
300.20986615121365
405.18607717752457
395.2391853481531
303.3606652393937
351.1305942684412
368.2781677246094
272.87500842660666
470.45741198956966
313.4646643102169
475.05383448302746
362.47683614492416
419.93626587092876
335.1856364309788
371.0731274038553
484.09085115790367
244.6772565767169
406.23790034651756
352.9066822975874
364.48192704468966
334.92032511532307
451.3556782603264
328.8347578495741
316.2532895952463
390.30702754855156
475.4073111265898
397.86034421622753
417.19460734725
438.323429107666
320.4386340454221
394.2041061371565
348.8583549410105
347.1085160970688
342.3117288798094
441.9672982990742
414.2428612411022
452.9675943404436
379.89783626049757
365.8562590777874
518.2717300355434
455.7462870925665
421.57097356021404
364.71121667325497
383.21531204879284
395.57811310887337
443.8031489402056
478.20394226908684
370.2783600538969
496.08782936632633
396.38889396190643
452.40150855481625
305.5832496881485
377.77378202974796
377.1212752908468
462.9504181742668
423.2146839648485
369.08304534852505
321.47412959486246
286.4734885767102
408.06945779919624
333.90360129624605
306.87641279399395
427.02117002010345
340.3817311525345
296.6791357398033
376.5940932184458
314.24446039646864
398.4309940636158
356.8457612991333
414.7900214791298
333.14998069405556
401.594376668334
407.57392229139805
272.01219918578863
338.7237584963441
411.7358738183975
437.5726988017559
332.80806808918715
386.28572261333466
332.96218410134315
444.15975776314735
359.00196704268456
312.24221692979336
327.70733132213354
401.2113582342863
266.42064163833857
462.45753686130047
425.70838540792465
403.7019731402397
381.3879958540201
327.4168350100517
320.5690826624632
378.0645181685686
378.9965086579323
307.96429695189
399.7893228530884
360.8339250832796
433.1036066263914
421.6967064291239
326.7483968436718
340.05384734272957
390.73427967727184
339.0823968946934
348.90942430496216
427.9880039393902
275.35630405694246
519.9821517318487
501.687226742506
373.2988709062338
407.9570048749447
348.6376493126154
438.2272789478302
439.067329660058
317.09871004521847
504.08472430706024
354.80958507955074
350.0690798982978
432.4644411057234
406.53111776709557
330.32213715463877
408.6680879890919
269.1161246597767
273.6632377952337
451.60493740439415
338.8040262758732
409.118213519454
402.9077066630125
401.3201021552086
375.45294569432735
401.3498407751322
329.28792851418257
420.29281637072563
314.9634010642767
344.4682387858629
273.7605011612177
346.32327361404896
388.9735540151596
311.9666083753109
435.74419389665127
488.5138113796711
375.3247302919626
411.3226850628853
439.06816044449806
399.42271618545055
337.0479485169053
460.1271671503782
516.7729410082102
414.6549604535103
391.4404580295086
261.567275993526
367.8188089877367
382.75687439739704
404.9894254207611
533.1040379852057
327.186569519341
329.2894805818796
315.11120318621397
337.80576683580875
458.6826998591423
313.10953767597675
353.52524441480637
384.37029537558556
421.9861307889223
396.0006668418646
412.05620244145393
386.8831845074892
306.03298795223236
553.5119572579861
264.8499167636037
267.00959841161966
338.7702264562249
378.64288783073425
396.75118754804134
443.31016136705875
377.89106682688
371.75534346699715
429.36592923104763
507.817924156785
440.70010286569595
483.16486693918705
349.5195074379444
333.0321796312928
516.9715519100428
479.9070902019739
396.3440161049366
353.92758379876614
399.60307605564594
344.8107044324279
423.05584339797497
322.6864078864455
375.7510917186737
422.67381466925144
286.4732472077012
384.2031738907099
382.4418661892414
374.54572288692
420.46245324611664
475.94904209673405
423.2288024574518
395.89888294041157
385.9948680102825
381.7592563331127
278.69769808650017
450.92619276046753
416.02786123752594
318.1309643089771
393.1911746710539
352.6466459110379
447.7596041858196
395.3498298972845
450.75906632840633
434.6447715014219
357.1862336471677
499.19405891001225
446.0754510909319
289.09979824721813
362.18630719184875
322.8216177970171
428.42340038716793
351.45555153489113
361.5376442447305
300.3096520230174
377.12100303173065
481.9113073647022
364.70414143800735
318.563551671803
376.8855605199933
294.96792858093977
306.0265093371272
448.9141970127821
422.50227166712284
368.7360884845257
321.6961430609226
435.60689520835876
367.3196681588888
410.99036909639835
397.4028200209141
355.0132232904434
410.8152664601803
356.7142952978611
263.647095926106
377.7502202987671
333.9320077225566
336.4418537542224
356.37481528520584
391.90097165107727
472.5073986649513
487.03741320967674
320.19227105379105
365.8777045607567
387.783499032259
347.98956379294395
441.0663401335478
417.4557223021984
431.31393726170063
520.5049276947975
458.5146878063679
367.35230039060116
356.3523720353842
361.7829947769642
270.6174593642354
381.5357070416212
398.27095751464367
428.68249459564686
458.6280431896448
418.00613924860954
389.5877865552902
375.9818867892027
332.90089716017246
456.7140592485666
388.45111210644245
416.9752577394247
381.65543879568577
465.40606494247913
409.98323065042496
356.38799038529396
432.10288582742214
299.86561887711287
287.27180041372776
330.3948484957218
374.8655854463577
423.9977029412985
411.61043080687523
379.4603256434202
302.85494884848595
416.4647460728884
459.30562375485897
348.6895089149475
430.68242932856083
447.4312669187784
363.9475084543228
485.12765292823315
462.9108116030693
329.54898078739643
350.94104148447514
383.175626039505
401.4670912325382
457.61225938796997
379.23446498811245
286.8978039175272
365.4262782782316
383.10337559878826
316.646211579442
293.678494989872
430.5617216825485
392.75968520343304
340.7180549800396
388.0940896719694
351.95972123742104
409.53463430702686
382.32659386098385
364.5843363404274
371.27078551054
328.50943940132856
418.3384387642145
352.53476747870445
356.39406302571297
387.8951146006584
303.8755870461464
403.12771889567375
492.34230057895184
346.98457599431276
409.498672619462
434.3224636465311
456.55128157138824
314.5958039313555
358.9502330869436
445.7515212595463
370.35939660668373
352.3725523725152
324.9988469853997
385.62717097997665
371.0184197127819
346.8549179658294
468.08420792222023
299.30840537697077
401.81794357299805
346.52111810445786
430.2295590788126
370.52670519053936
368.90858018398285
405.1716143786907
302.27577220648527
400.34057177603245
365.4726635068655
339.5764864087105
300.0747756808996
373.3678812086582
420.1617547273636
412.66788586974144
423.93745455145836
331.74299815297127
357.96253518760204
271.1722196415067
302.9172412827611
339.24921376258135
354.11751628667116
360.68873707950115
386.70468570291996
474.1105767786503
411.9847491532564
451.007510766387
369.46715534478426
344.60440151393414
311.3487860634923
371.55052348971367
374.57465682923794
450.25237560272217
317.96713050454855
526.1158355027437
391.27382884919643
365.1824240386486
487.63545183837414
366.29553047567606
378.92457677423954
388.57729236781597
338.66322811692953
394.22779950499535
251.7925910949707
346.2125227153301
300.447547249496
370.3422413021326
264.8111002892256
258.7514035999775
436.5641418993473
475.20746156573296
335.74630327522755
393.9436611235142
310.71890135109425
312.8801654726267
319.50239638239145
396.21087712049484
372.92232951521873
322.49372197687626
363.0615514963865
345.70949783176184
353.3594473823905
308.3247990682721
346.3606200069189
405.5024706572294
362.7342560738325
281.6361198872328
430.83663730323315
448.49732561409473
348.1594267785549
343.72917004674673
521.3615177124739
379.45268093049526
295.2225337848067
343.3153832554817
388.2903670221567
469.8810189664364
407.17089323699474
295.9414234161377
331.5987980365753
261.2646841779351
338.41067074239254
311.05188876390457
343.100497841835
206.70571341365576
462.56894658505917
300.89867247641087
278.44280397892
259.43156649172306
351.326664224267
413.37798845767975
379.73464284837246
333.9330236762762
313.3990584164858
337.61635698378086
266.71126951277256
319.8318156301975
344.82313676178455
263.3401941508055
360.8408964574337
251.17406455427408
352.2574411928654
324.1860507428646
316.1450037509203
322.44143886864185
311.3274532109499
307.36142317950726
294.3337819725275
329.9143458753824
315.00095142424107
308.4851111024618
309.49931831657887
312.00742141902447
340.2254914790392
333.31604969501495
291.76314122229815
326.9404734969139
279.39330220222473
222.50021278858185
353.24800607562065
326.8084443062544
201.79262387007475
330.681149661541
435.4934948682785
309.15920723974705
280.285554073751
321.7182275354862
310.68944846093655
423.63412852585316
425.6484746038914
388.68019780516624
421.3348008543253
499.81812928617
384.11121067404747
476.2469715029001
416.24878653883934
362.67103008925915
317.37005965411663
335.9173399731517
470.4456091374159
341.89438520371914
398.36005179584026
358.1142822057009
335.9129441305995
523.1427009701729
256.62970254570246
311.0359544828534
379.11808551847935
483.3484451174736
379.3143363147974
421.13172291219234
429.5151299983263
333.5765730589628
335.2856198847294
328.92132599651814
438.7042712122202
331.41874423623085
310.0085034891963
417.7309655100107
429.4529768973589
428.6193051636219
351.78737410902977
390.7438095808029
407.5776979327202
399.5504169613123
290.8345238789916
368.7498683333397
414.90073746442795
359.0305273681879
318.4163446202874
345.1320153027773
436.9101057946682
407.43151012063026
505.637179389596
497.57110023498535
334.70557426661253
323.37979734689
303.21056846529245
375.77959951758385
337.3206555470824
362.3414227217436
371.31312638521194
269.2032182738185
398.87591893970966
380.5374000221491
218.79528078436852
340.24833485484123
471.44370426237583
372.5091015845537
374.03461514413357
422.86712378263474
394.6636552512646
289.32783421874046
429.865293443203
364.9992655813694
316.33424081653357
463.3299556672573
334.52135702967644
448.9513644427061
360.7687297165394
245.15639904886484
352.4814467430115
346.5288345515728
422.4913474917412
374.12007653713226
300.99956069141626
423.1918070614338
387.1658977717161
377.79127860069275
359.91843006014824
419.28790470957756
509.34750877320766
478.8821238428354
395.8377382159233
336.00255711376667
412.7354914546013
375.72236254811287
435.09995862841606
336.24253636598587
465.7276521921158
291.0546061992645
364.37674264609814
491.31292478740215
452.9255743920803
269.42543686181307
428.1025728583336
425.24685917794704
276.3342978954315
423.8111542016268
302.5264679566026
401.1687590032816
387.8411883711815
446.4767341017723
367.05804596841335
332.3268023431301
436.1420257985592
441.61366261541843
404.9386595636606
364.9659102112055
398.322588801384
414.5408244431019
475.78864638507366
227.2068857550621
381.8155473321676
436.2284438610077
458.6486551761627
379.18321293592453
412.43226158618927
471.09063759446144
436.929850474
298.9534095302224
293.4298766478896
417.5243122726679
348.43152548372746
420.54524302482605
415.8473723977804
482.484175786376
405.3689428269863
385.9630162715912
473.29744148254395
386.53444960713387
298.17903488874435
279.6864799410105
345.09211327135563
299.0811367183924
360.69676499068737
455.3091592490673
391.760947227478
415.871395483613
422.22032229602337
394.8352781534195
314.5480939075351
347.55232179164886
410.9177923500538
384.67879968881607
395.127383723855
371.5322802364826
334.2203431352973
420.47359597682953
456.0288843512535
369.39483150839806
454.62007704377174
378.3749395161867
359.6964014917612
523.1071730554104
355.5843386799097
414.00359803438187
398.43757912516594
446.0292324721813
307.1420396119356
429.7390345931053
340.30190624296665
414.49337857961655
456.1401304602623
358.96269960701466
422.095707193017
397.57903108000755
338.84073416888714
408.8005723953247
308.37394300848246
423.0816649645567
340.15581695735455
411.12561689317226
311.9430471807718
288.7485843375325
423.1343829035759
362.6694176495075
498.9178717881441
306.24504850804806
253.06049440801144
312.44015447050333
389.6415248066187
419.7228379100561
350.78656919300556
341.1412012577057
329.7901844456792
366.0689449310303
366.754000172019
353.086128719151
446.71585592627525
305.45118195563555
386.9907786399126
472.86755208671093
519.4673610180616
328.8500354588032
422.1151702553034
413.33282117545605
334.367442317307
390.51748563349247
426.9964576512575
238.47924680262804
456.58472776412964
346.25912787765265
392.8046537041664
366.19487673044205
402.4650919884443
367.23456151783466
276.8269237354398
428.3250507861376
406.391807064414
296.43227960169315
380.73762452602386
470.5706177353859
373.3818302154541
368.63528718054295
319.09744430333376
315.3361953496933
307.24769274145365
371.1641984283924
375.8137050718069
459.0847303420305
401.83814100921154
353.4362314045429
367.7915237098932
342.4430072531104
388.02381762862206
256.9518133699894
431.6804238408804
372.46871088445187
427.4633964896202
298.2971651703119
474.1791363507509
344.6371104121208
262.53977014124393
369.92154237627983
371.12344251573086
451.08850887417793
465.55134327709675
260.2678936421871
484.75996236503124
416.21102909743786
328.0435976460576
308.1869088187814
419.03393061459064
420.22623090445995
342.0039581656456
342.5193907022476
428.55983796715736
332.8578094691038
377.6717907041311
470.27812330424786
316.6400444433093
278.2452949285507
505.66786247491837
343.3966689556837
429.2853498607874
362.70561577379704
358.6183127015829
391.97294153273106
415.5075639486313
365.6814762353897
363.6291083395481
389.6993599087
410.44373954832554
307.73041370511055
343.75175262987614
416.7149879038334
345.6069047227502
331.6358648687601
384.1762940585613
342.95722042024136
362.14816473424435
435.19083528220654
442.069971293211
443.89250408113
371.3819417208433
405.0125933736563
451.8534025102854
464.2630987018347
389.143132224679
462.73530925810337
401.72820986807346
314.51966542750597
358.4521246775985
338.10430286824703
340.70954114198685
437.8738111257553
370.53586411476135
349.30731024593115
304.1374910771847
450.8203767836094
393.23668003082275
400.76974883675575
437.20160944759846
260.8609607219696
426.9942494779825
475.5464138239622
411.12167993187904
426.6520653963089
424.27474342286587
408.6769448518753
415.1356876641512
394.74322748184204
481.49671916663647
334.0286913588643
422.85112069547176
437.0729780495167
352.51315466314554
474.0495531708002
314.42163152992725
447.6393506526947
389.3923246115446
388.0427887290716
305.06632436066866
428.9561861753464
411.71143920719624
368.33440405875444
377.0951979830861
395.5681906566024
499.41041845083237
394.8449234291911
446.7780768722296
419.0458068847656
311.9133270159364
332.3914482668042
393.3847471177578
530.2738289088011
370.44262857735157
286.0666551887989
348.49630247056484
272.59166841208935
364.38645593076944
429.423620775342
417.2233091518283
344.82915964722633
387.866081379354
358.71157222241163
378.1276773363352
475.9574503749609
439.2412596940994
363.35252990573645
454.8531387448311
355.3036692738533
380.4013098105788
419.66185718774796
429.98835538327694
381.3177593499422
445.2375373840332
373.40265414863825
438.7477815002203
457.89781579375267
380.3436965197325
500.9926158487797
371.57653269171715
363.20125778764486
288.9123174622655
434.6760337948799
224.6929232776165
434.09234772622585
536.7255874425173
328.8802132681012
440.5832904279232
316.29326555877924
384.32469525933266
414.71066235005856
353.94155229628086
369.65767795592546
485.7621876746416
459.6698941886425
306.2251279577613
332.2647628188133
256.2473003566265
396.58119101822376
328.82216358184814
319.1688087955117
374.5368232578039
376.4494001865387
381.3572874814272
357.5869075655937
417.065652564168
385.23151382803917
352.39057513326406
472.82127290964127
304.88589461892843
413.9209343492985
365.8949840068817
320.5156648978591
371.505134947598
399.52970346063375
286.79580038040876
431.7437380105257
348.74363585561514
344.0975880473852
392.66732873022556
494.5936761200428
408.3085443228483
416.6401286274195
419.96969394385815
407.67967616021633
352.4363553225994
416.7498583495617
316.1706668436527
357.9364079684019
392.22726276516914
366.06172336637974
380.44607332348824
401.99551144242287
452.2840175628662
309.0075191631913
412.48272505402565
367.4852588623762
384.44584433734417
359.5683502405882
438.63659866154194
406.6892097443342
259.28483159840107
387.3797577470541
438.16078974306583
443.1972036063671
411.05163806676865
510.4842740148306
364.9225318133831
386.89690348505974
416.5281439870596
397.3169468343258
369.8538679778576
426.2262365669012
374.55530524253845
268.53442872315645
455.93794110417366
319.0185535773635
350.7729033231735
321.8784964233637
443.99571031332016
387.1658543795347
392.1740172505379
484.4783154577017
520.616637006402
430.7223287373781
407.3299042880535
401.637938991189
427.543894097209
438.486543238163
406.39130729436874
396.49412456154823
365.9450180530548
459.4084203094244
361.8184752911329
323.4308369010687
364.15970803797245
433.35870711505413
486.1478977948427
450.1038004606962
336.6409960985184
387.35693623125553
329.60977007448673
410.50848999619484
375.69265553355217
411.80491445958614
259.86908949166536
365.9436614960432
300.28936725854874
291.60667043179274
456.92626927793026
401.8619182854891
427.681598842144
377.6194822192192
405.9395265430212
353.47829830646515
447.78324070572853
399.136658847332
285.21421384066343
469.04958276450634
404.1923873871565
297.9271395802498
451.3311701864004
353.6243520528078
505.40783566236496
425.9784546941519
432.3556673526764
366.51903864741325
369.2104787379503
380.2356941252947
432.47753542661667
431.0803501456976
355.75450775027275
401.6940996199846
439.7462914735079
386.55540335178375
340.5672177299857
349.6102615892887
403.44981567561626
313.3424246311188
344.80173057317734
466.7494331151247
407.51759442687035
394.81151407957077
382.66118390858173
323.3914684727788
397.14776392281055
434.13281056284904
340.1277021020651
446.29361844062805
405.14581203460693
421.35463654994965
326.51592744886875
511.558984041214
338.8814004957676
412.8435360789299
382.33436608314514
530.1014697998762
459.96839894354343
355.5689687281847
327.8248116970062
434.71136724948883
370.66462257504463
520.7958417236805
340.6836324855685
419.1480923742056
368.21392853558064
461.90898083150387
298.9885948449373
426.13943411409855
399.7538787275553
364.4850127696991
448.6640801280737
423.2350632548332
311.26966070383787
387.33693139255047
465.5143597126007
435.3795531094074
373.8768818229437
373.4173062592745
301.38854195922613
323.8596834242344
407.51363533735275
370.6069274842739
390.3980010896921
430.23775178194046
418.8309596478939
464.74450156092644
278.5122224316001
303.5666548013687
434.85862793028355
323.705408513546
488.6953086555004
473.226032525301
377.7776866555214
341.3363015949726
363.06003011763096
318.6876406148076
281.8500622808933
436.46373254060745
354.9517154991627
290.4539913982153
384.16687728464603
400.1008444726467
415.48165656626225
318.218717135489
406.28759621083736
445.3957380503416
454.277884721756
483.9306486994028
292.0770267024636
390.9883443713188
437.897295281291
327.11281488090754
360.0656767040491
270.09877014160156
330.477032661438
405.7392262071371
324.0249842554331
250.96140221506357
373.57994282245636
292.47412652522326
338.5879880487919
404.8778436630964
376.1424440443516
378.1160428375006
390.75400134921074
390.88572239875793
395.6032947599888
318.93064250051975
338.3742782175541
406.2940440773964
284.19539196789265
366.585446074605
395.74245439469814
567.0067551136017
397.4989157617092
405.05760841071606
441.8837404102087
344.9198168218136
431.9437211304903
413.85575062036514
444.2091569751501
460.00945925712585
338.5330711901188
327.9927973970771
339.68089669942856
329.29211243987083
420.9583020210266
466.72737497091293
359.673597574234
408.92345982789993
409.5926857292652
338.05502290278673
404.767246350646
438.29198437929153
483.5416079759598
359.9586406350136
387.61669313907623
417.185809224844
382.75261195003986
459.38614585995674
402.3942368924618
347.9749628677964
454.48704658448696
350.6755195558071
365.9832467958331
463.1300539076328
283.36342503130436
310.2625111415982
446.8574114739895
320.60986725240946
393.46551682054996
427.8031737059355
423.84052112698555
338.97870514541864
402.6972488164902
340.92965165525675
380.1103983744979
466.29347148537636
281.09605272114277
369.7865927219391
452.37534599006176
348.16616363078356
369.7853099256754
398.98086173832417
315.92687517404556
425.3714195340872
426.1037917882204
326.2075199857354
475.6507669389248
404.9041355252266
441.05263428390026
317.5777918174863
409.7399636954069
326.82186448574066
307.66794795542955
262.57282323390245
398.61672239005566
375.4375661611557
372.553399682045
461.8422033190727
356.09216222167015
547.5140374302864
357.4393262639642
434.34909349679947
376.28942999243736
326.7712800577283
391.9576906263828
359.54352478682995
451.85533924400806
465.33708706498146
344.2899933755398
383.21087008714676
399.4389989823103
434.3750322908163
375.20372599363327
427.7912417948246
397.47323079407215
280.8157824203372
463.1216663569212
375.99935691058636
271.93669532984495
277.98243879526854
374.7038794308901
415.2088983654976
296.9604304358363
340.4678018912673
345.12216211110353
402.394102409482
418.01337464153767
353.8695418536663
350.2165233641863
388.5468375533819
403.74538104236126
405.7493907660246
348.4420732408762
457.91825933754444
368.9001894146204
323.6169055402279
361.7985763400793
323.8215448781848
417.8368358761072
416.6290254890919
369.5179292857647
368.50544686615467
389.8749273568392
382.43728844076395
498.17944271862507
458.64338701963425
330.2380192056298
420.0947867780924
487.6801468580961
322.20818933844566
326.7392753884196
299.78000043332577
508.6543768197298
503.91292364895344
314.2024834230542
387.98024593293667
418.3994869887829
509.69614301621914
387.5635421425104
294.5676352083683
320.14670253545046
408.39751344919205
468.9720367193222
303.6833558753133
494.64757853746414
342.57807517051697
363.9234755039215
331.24303740262985
353.65454168617725
265.3127561956644
385.23326167464256
348.0480911284685
384.1094715297222
444.37764815986156
327.7499455139041
369.9097359329462
505.22994738817215
404.98034781217575
487.3464263677597
381.26812103390694
324.6259873881936
312.99078527092934
363.4535657018423
377.0710687339306
440.7307884693146
422.21128492057323
416.7034306526184
378.1160683333874
281.7390817478299
395.317479416728
406.83716014027596
328.58716806024313
252.81860123574734
405.2927439957857
417.92840199172497
368.69020806252956
370.09908170998096
324.58711993694305
385.8811601549387
341.7649759054184
247.52898310869932
309.72125512361526
421.54500982165337
436.3774975091219
404.69836458563805
346.07280080765486
486.39650343358517
409.2873470634222
487.9952480196953
335.3143025711179
360.3143136650324
419.36648991703987
402.2994460463524
254.48174661397934
436.86846183240414
421.99943624436855
499.76646472513676
372.51843513548374
401.6453678011894
420.60470609366894
387.2964064180851
378.93038591742516
467.46965493261814
402.03579038381577
494.41705986857414
445.6439331918955
378.70899103581905
370.18701742589474
505.7521878480911
437.0337347537279
286.15162444859743
288.4308632463217
414.7837673872709
346.6654576957226
381.47437673807144
352.57462864369154
316.48271258175373
442.51530526578426
463.75720992684364
383.29333886504173
404.15980826318264
374.8506004214287
480.1281616985798
212.41699206084013
457.51044757664204
406.56259149312973
317.44486021250486
431.7224083095789
363.55170525610447
435.3504790365696
374.9844810217619
374.84220887720585
333.1912799924612
430.67738603055477
513.0708960741758
511.68390756845474
371.89360228180885
379.8615149259567
467.530729085207
314.8223246857524
314.0884907543659
403.4834629893303
325.5179022401571
418.8226809501648
396.3654637783766
403.93536700308323
396.96055798232555
451.5699201077223
344.6868135035038
319.78171061724424
349.3109601587057
408.2109442204237
382.8409418463707
358.23192781209946
343.4043440371752
452.9763748049736
405.4584009349346
452.40149253606796
353.66121642291546
275.1131893247366
420.9590899795294
480.81320674717426
335.04988165199757
269.1462368071079
365.2561681121588
388.215628772974
312.58144392073154
426.46364775300026
308.72199646383524
449.7330513596535
433.4462465643883
354.90331111848354
266.2058447897434
426.30741199851036
560.5611934661865
350.0745408087969
413.7063663750887
376.7254273444414
377.5605977624655
470.5575143545866
434.72173519432545
559.923183426261
417.87900809943676
463.9340322315693
415.34912526607513
355.9683686196804
378.7975867986679
468.7570986151695
428.9652085751295
398.5772239267826
354.2008122205734
395.22707752883434
351.00595147907734
365.57472985982895
310.2777347564697
341.48182344436646
336.0764577537775
347.7696977853775
445.4214754551649
376.6711960732937
333.4229700565338
424.44683511555195
343.10657492280006
344.2615865021944
363.10185097157955
408.78967425227165
454.1668449640274
354.43512384593487
299.7357204183936
377.6398007273674
470.48078490793705
439.0415231138468
408.4549621492624
390.91162395477295
326.77914679795504
322.1057213842869
345.9933888167143
458.3572940528393
297.49748262017965
340.55859412252903
390.38811311125755
313.48014833033085
256.534937299788
267.2562203556299
269.84445437788963
335.163217946887
300.75872810184956
331.00209218263626
240.21725545078516
250.08183982223272
325.7562148720026
301.55040207505226
258.27945260703564
230.47124157845974
304.39428547024727
269.21182234585285
291.1834629327059
280.2472011446953
333.691236525774
216.45230366289616
280.75404807180166
319.65333047509193
279.9940585941076
235.06751760840416
282.23107765614986
211.24764600396156
308.7077098339796
318.3512513935566
239.05204116553068
177.18439169228077
196.75221540033817
298.0100687742233
288.90919530391693
235.94022981077433
201.3785194978118
294.6310065537691
256.2389139831066
333.6216607093811
337.06208780407906
243.14307790249586
370.65121668577194
231.2833946570754
286.30637925863266
201.51056484878063
288.6706341803074
333.87395487725735
260.7548657730222
290.5882983356714
231.85979487746954
273.3985602557659
301.2232930511236
248.27695129066706
337.79601107537746
387.9977194368839
387.1824216246605
437.61756005883217
463.6202511638403
349.30758824944496
346.26086581498384
469.9923677146435
393.05332496762276
364.23115818202496
497.9273631721735
475.4611308723688
455.7806220650673
433.33767376840115
389.427637681365
278.1631201505661
306.7748744636774
342.31554970145226
400.0107361972332
407.2428061515093
382.1922085285187
271.69629895687103
388.91033278405666
342.1579105183482
354.46277786046267
351.13345024734735
373.3431268185377
366.24732752144337
472.5313846319914
352.3543685525656
217.46981414407492
349.19344878196716
366.6535664945841
466.9407704770565
446.47830587625504
382.87939412891865
255.90678749978542
374.4299696832895
279.80021765083075
223.5812438428402
365.6837717741728
237.0341286584735
374.8784789890051
380.50135946273804
344.06081026792526
278.7342686280608
419.96543867886066
445.50495751202106
305.2091888934374
373.1752968430519
419.32219448685646
310.23414220660925
387.42912350595
485.7334730178118
467.3029554486275
425.45936194062233
428.7360980063677
500.13782618939877
319.0464997217059
380.28410647809505
310.17499888688326
288.59560388326645
410.4264475107193
348.7904630154371
366.2509826719761
327.17124240100384
442.65499943494797
398.44505563378334
392.3907970637083
488.8159162402153
267.03874303400517
472.01068356633186
377.1429502889514
367.89793053269386
450.87114366889
332.8537583500147
366.6845722645521
411.4432684481144
445.20430125296116
349.97650022804737
410.0606561899185
393.25557750463486
382.5282368808985
462.2690210342407
413.54377192258835
388.33311046659946
496.1396096199751
384.7434992939234
388.5668844282627
369.05316354334354
545.302233889699
409.6360846608877
347.5287285000086
347.9631654471159
377.4131239503622
334.0744620934129
355.6465428993106
319.12822625786066
311.7127219364047
445.3146011531353
314.45241640508175
382.4806124716997
440.9552036076784
308.86725474894047
308.5618840008974
322.1207453161478
327.0254082158208
345.9037945121527
337.7541633248329
243.24792915582657
293.5519064217806
416.0497196763754
241.18178418278694
360.05403512716293
341.8499139845371
387.8989934772253
319.6600947827101
264.1333848461509
200.70153778791428
251.20867893844843
306.3225567340851
237.2644125521183
304.074945256114
300.95205368846655
332.069758631289
382.6246186494827
333.2367848455906
223.78620263934135
300.04781471937895
333.27910371124744
232.48349338769913
315.06604639440775
332.1965802311897
384.50892731547356
343.46048115193844
307.8472725301981
275.1632825061679
301.17352628707886
333.9383691996336
336.83598117530346
230.1121794730425
375.91326227784157
342.33159321546555
248.7405664473772
265.8475039303303
376.1069811731577
350.56096763908863
317.1703181862831
211.14804015308619
406.1775635033846
366.74197010695934
332.99516083300114
418.38707606494427
372.11264930665493
401.76417933404446
375.0971782654524
350.729707442224
327.23171373456717
373.3046003803611
292.157249905169
382.1688729375601
411.05418805778027
423.86909717321396
352.9262771829963
420.64957159757614
391.0832830071449
369.0082473605871
436.4111694395542
406.40499000251293
311.77946289628744
472.24303843081
357.71692349016666
418.2183991968632
446.63754335045815
304.70106890797615
278.55933006852865
396.97587265074253
294.3557660803199
420.253284484148
340.52619338035583
412.47931967675686
341.1434591561556
372.67466185986996
305.55988075584173
361.8228738158941
359.05777421593666
340.3792871758342
398.5590185523033
339.491085767746
367.23100174963474
342.7056369036436
408.68227307498455
365.14358046650887
323.1183035746217
330.57733082026243
311.8310477808118
381.8990409374237
415.4195719063282
379.6564651578665
324.273154951632
405.64112797379494
407.50631968677044
250.10291601717472
273.42408986389637
512.7449313253164
331.82773143798113
397.453321903944
408.0897477120161
289.13276271522045
392.9811555966735
437.2889484167099
385.3549197614193
421.907593652606
362.64071867614985
322.77953770011663
412.48961624503136
472.60623978078365
385.1580044850707
465.9872450828552
389.88725908845663
430.8169859945774
364.55452562123537
413.0092719644308
434.2372505068779
482.50143998861313
449.2301798462868
376.8979146257043
355.4394673779607
353.2896504998207
418.5881733596325
419.9679579883814
380.6928891763091
348.7191266939044
449.68248234689236
371.3847121298313
452.4746556133032
348.64136918634176
478.0754609256983
525.2840984016657
337.1642291545868
463.56834203004837
442.1114749610424
310.3372131437063
401.56781965494156
269.3808327242732
337.37019637972116
433.041807949543
281.3717363476753
369.7649554312229
385.0290227085352
440.88461096584797
269.6057672649622
450.04024325311184
387.2377245128155
288.82581120729446
443.49792498350143
476.64228899776936
450.8966064453125
433.98931066691875
353.91718059778214
401.3605646491051
418.37021635472775
446.2143989801407
404.7822389304638
417.27937565743923
417.67012073099613
445.84716863930225
345.485917031765
404.1881242543459
326.95690110325813
303.82789048552513
303.34197990596294
455.668210208416
361.30261892080307
387.36861649155617
433.96339528262615
360.15754909813404
421.4611956626177
379.31252278387547
284.42848563194275
380.3049024939537
411.2326793372631
426.4108095765114
346.5954519957304
376.95611821115017
373.0312198996544
415.9530541598797
353.7131709307432
396.3037157803774
483.86125545203686
386.62047603726387
362.8813344836235
442.8226981163025
353.3751439154148
299.6266567185521
393.7069121748209
341.4130688607693
367.4730839431286
347.1303789317608
304.45939053595066
398.1804890334606
348.58903781324625
264.13655453175306
315.1768583357334
405.4250314235687
346.556410163641
329.34993974864483
344.10831893980503
310.3296642526984
447.10098837316036
371.2680014371872
311.4776812568307
440.74971801042557
348.7312643006444
427.3532033264637
324.8839654251933
396.0271712690592
373.4861062169075
321.92261765897274
401.34076730906963
324.0237208008766
303.95922481268644
438.443846359849
314.95218198001385
466.8150256574154
279.1829437613487
403.86952869594097
431.62525467574596
384.57136991620064
401.14461736381054
392.6812938898802
302.5123351290822
417.5650590658188
377.0717049986124
430.67553025484085
407.8907234221697
336.7363106459379
433.71264116466045
286.41249419003725
405.99153576791286
441.23587925732136
408.6411865055561
437.431566670537
398.116114333272
296.1723117977381
352.05960246920586
404.61667151749134
347.35682514309883
526.459654211998
314.9277014732361
402.67131389677525
432.28596517443657
315.63151220977306
427.74594807624817
447.59618104994297
324.11630449444056
425.1905665695667
513.1373433917761
345.67203390598297
462.43952648341656
403.47890719771385
409.4760914891958
368.819771066308
461.15351535379887
468.6199144870043
390.5332334637642
472.8749345391989
478.92316684126854
334.45313599705696
398.94083248078823
503.8368942141533
415.5250248014927
398.7859455496073
311.47261226177216
282.61050797998905
361.9281666278839
430.1437258422375
383.7426603138447
316.34798185527325
411.00630290806293
429.61458395421505
422.1511084884405
385.91564823687077
474.39905945956707
448.3235513269901
325.9553683549166
483.24384370446205
452.48841685056686
390.4067579507828
302.3310210853815
334.69566517323256
378.4481034427881
395.3882191926241
438.9492322653532
339.40877290070057
404.76121255755424
275.2791727334261
334.559165969491
401.74909394979477
426.4269660413265
411.2841263115406
315.02650675177574
524.212886929512
354.7507667988539
385.3395020067692
275.7019365951419
282.3692864701152
475.28187453746796
444.84297186136246
386.3990073502064
560.4382918477058
343.4754939377308
384.3664396703243
479.3703657835722
458.34896770119667
410.92650516331196
471.1510809212923
475.8928713798523
370.4518937766552
391.3861076980829
538.5695738196373
358.67385037243366
437.941659450531
521.1441155672073
227.17580393701792
302.1587504222989
301.107319355011
408.21055759489536
355.4379661977291
346.78006917983294
310.62358558923006
421.20754830539227
335.1422823742032
424.4646729081869
343.3919968083501
230.8683310225606
408.4392441213131
327.6329864785075
363.4315826520324
469.7292118370533
436.8288015574217
462.39969232678413
349.18431437015533
384.6041330397129
393.9149645268917
328.73137690126896
370.62655809521675
306.10738073289394
458.02872048318386
306.88737320154905
308.35568169504404
419.6818933337927
341.71360582113266
422.2764009386301
526.3902866244316
357.51726527512074
316.6478701233864
402.7187700420618
432.2673969864845
324.84924702346325
478.5976312458515
314.9085821658373
323.0405986979604
320.68559911847115
379.9541127681732
350.17258052527905
374.50965221226215
452.90280467271805
382.31344194710255
333.525200240314
355.7633441388607
413.24670784175396
278.4554423689842
394.6319259554148
312.1847462207079
421.67787516117096
441.5685725957155
477.12421940267086
304.022716678679
505.903850838542
415.0450469702482
393.80418834090233
327.5190036147833
337.0408776551485
352.07431331276894
303.3693617358804
399.1135876774788
375.67766250669956
468.8024262189865
411.3981792777777
357.95905707776546
382.86710798740387
386.28222934901714
402.21038338541985
370.8818033784628
419.4296509474516
436.06797094643116
368.56354101002216
358.9315440505743
443.85738506913185
466.27532164752483
407.31441228091717
391.89757212996483
393.48561356961727
282.2212372496724
439.63389609754086
340.44592925161123
306.88111144304276
504.7294167280197
404.2915980666876
380.9991268068552
349.9923879727721
395.8385163396597
536.7004491835833
406.3487050831318
338.0231096073985
387.3958653062582
332.31715354323387
416.44002053141594
398.1449181288481
441.99690122902393
470.67231169342995
420.2470156401396
389.505200445652
400.48595586419106
316.97924215346575
398.0726426690817
423.49522027373314
368.27334459125996
323.49578227102757
421.48504777252674
291.61688394099474
283.4504774659872
428.48984026908875
382.97026862204075
419.8798358589411
352.06888975948095
400.9853678494692
421.6491928398609
392.96166111528873
448.8202151656151
376.9166803508997
278.4082514718175
410.5265260338783
463.91729502379894
379.1394255012274
307.80766252428293
273.00880435854197
440.5086023360491
358.477931112051
414.42406065762043
395.56315246224403
301.65439289063215
400.04313112795353
318.22639378905296
355.26858672499657
299.18488135933876
465.66537868976593
410.6269661039114
441.7312144488096
472.57331642508507
424.1616683155298
428.244921118021
319.2796374335885
356.03789891302586
323.4308305606246
367.65049244463444
332.9181448146701
298.44561848789454
321.10967161506414
472.93710847198963
383.6154389232397
377.7151310443878
303.33935042470694
377.58088122308254
366.9343098104
332.9559898003936
339.9722905755043
337.4038413465023
327.0610728338361
489.1563545167446
343.4245810955763
481.63082653284073
393.5327291190624
418.9708705544472
356.63775292783976
398.71055230498314
460.7580466866493
508.58455877006054
322.4499818086624
413.01687406003475
491.9940730333328
299.94625149667263
330.6088195964694
424.32051277160645
430.4467437416315
357.0115290135145
388.07205234467983
410.1929018497467
310.72554282844067
310.60740864276886
358.75238268077374
409.6469444036484
368.9718543589115
369.1144723147154
330.0527854412794
269.0288555175066
341.2480978220701
384.326930180192
366.4853649586439
296.95525719225407
383.6956968009472
318.4876174032688
309.744646653533
304.29882295429707
368.3400234282017
292.14546754956245
280.60205030441284
290.19526079297066
342.91567735373974
301.135275170207
290.49671536684036
346.6791250407696
339.6012265533209
342.03515845537186
358.307031840086
296.03154361248016
339.602825909853
309.9030391126871
270.8739313483238
308.0163158327341
345.8936392068863
386.68938890099525
340.7782887518406
324.51503543555737
247.54453679919243
373.480891674757
299.24425391852856
181.28977421671152
375.69701877236366
264.1124459952116
358.5120732933283
264.6010407730937
358.75184647738934
252.40431540459394
386.416201710701
315.94033282995224
276.46486949175596
369.5208864361048
400.90239211916924
429.1627312898636
342.2481733933091
215.72240313142538
378.42623303830624
364.7978765517473
349.24357591569424
270.56120916455984
433.953771263361
368.78633700311184
476.53351405262947
411.4451115578413
291.06461296230555
472.0974463671446
418.34322714805603
324.59740997850895
515.6548204272985
335.5667624697089
414.55969738960266
387.1262139081955
401.72616693377495
332.28949197381735
294.919104129076
393.17253616452217
403.8123068213463
365.60842204093933
468.46546027064323
286.59226589649916
429.7514299303293
336.7181988209486
413.279539629817
387.66487839818
290.9489636197686
327.38948921859264
393.460723310709
336.48434111475945
348.6678433343768
356.3215941041708
428.21172907948494
345.90612441301346
332.74103880673647
389.3432647138834
428.07094548642635
396.51467986404896
494.4091073125601
408.7251647412777
506.1112313121557
388.68739698827267
433.5691183656454
360.33488239347935
338.7214800864458
379.9609559625387
387.4021884948015
431.7349722981453
425.20106165111065
341.08960324525833
320.27061289548874
340.4869925528765
360.106221973896
438.44457437098026
479.0716794282198
523.5142642557621
354.2247332409024
333.3362181261182
328.28751288354397
399.8847328424454
272.95349034667015
410.69043308496475
418.1333442032337
460.30966421961784
395.883143723011
442.66048906743526
368.21707648038864
317.40865091234446
430.09100733697414
270.87958708405495
408.1934350878
354.73871675133705
494.1659991145134
440.71022038161755
376.28718261420727
306.10402818769217
335.31971091777086
357.04944910109043
416.96838031709194
472.4900340437889
316.65692725777626
346.80726128071547
319.60906011611223
328.51532477140427
299.4241701364517
508.7821837961674
363.37819249928
311.6101948618889
458.25132770836353
345.95775355398655
388.1424695402384
369.41513285040855
398.1587909013033
414.9323424100876
387.0291593968868
359.47961062192917
362.9722331613302
271.0464528501034
312.26632076501846
391.38378320634365
337.4123715609312
299.99437237530947
407.6049997806549
259.00297010689974
402.0638025403023
407.8592321872711
320.2881497889757
447.3299156576395
465.3957992941141
414.3266710937023
466.41139727830887
418.51945324242115
345.19399328529835
412.0273011177778
580.2612437456846
367.726408213377
424.69613848626614
279.8059438094497
385.51089419424534
328.9122013747692
341.6079338788986
317.376083381474
307.94695895165205
461.80953988432884
439.8176440745592
456.3281890451908
393.0339753180742
335.0130487680435
400.4282976835966
389.5346980839968
459.45501521229744
366.3572468459606
400.9599492698908
377.4079478979111
351.36333291232586
508.4108093678951
410.6465252637863
434.99254673719406
435.93108770251274
321.1143737286329
438.2634414434433
316.0265806168318
371.7582728713751
373.51655004918575
439.0100639909506
345.41518130898476
346.71506521105766
571.0982482284307
384.31916873157024
541.1486696153879
459.77920238673687
498.94703328609467
284.38940315693617
454.47000047564507
463.1127807945013
517.0239345282316
411.73419296741486
360.0279732644558
325.7423433661461
417.72612281143665
387.8706189543009
344.6854597777128
310.1852085068822
402.66742700338364
495.10161712765694
451.69925229251385
387.55306684970856
290.7477496564388
297.813424885273
369.1784587800503
278.97084590792656
268.6745877414942
464.35547448694706
440.7488644272089
306.5635518208146
491.4913167357445
314.7338912189007
442.1482620239258
516.831893235445
444.830673456192
402.59997557103634
282.3003193885088
343.6495577841997
468.0322269797325
332.1799918934703
534.8170497119427
379.3062867075205
300.79522420465946
394.47044329345226
372.19738875329494
428.4130263030529
436.87302292883396
410.1375522464514
374.186552554369
327.9708031117916
425.40614479780197
446.48557698726654
301.1720767021179
456.94661454856396
330.19331043213606
191.34942892938852
353.77784844487906
324.22546043246984
418.0499528348446
480.23385106027126
428.27061182260513
441.8486975878477
359.4797760397196
294.93210197240114
362.0842438265681
399.28663235902786
286.8809728473425
408.9696017205715
377.3643184825778
332.4214347451925
490.8165404945612
431.2475175410509
418.2009616345167
286.6071351543069
323.4085405766964
380.3560834750533
282.3412744477391
328.67748311161995
388.6354018524289
360.8313520029187
455.12430565059185
412.41141575574875
378.63622169941664
358.2198614925146
373.1849615499377
456.40095172822475
443.8715677857399
420.7055081874132
425.55520954728127
348.2070406526327
441.8354674875736
295.69901925325394
326.4494773596525
289.57888520509005
349.5166752412915
425.20039312541485
304.5166287198663
461.54652838408947
395.3177670389414
328.82884865254164
376.66217248141766
452.3739297091961
382.40171974897385
342.9023990035057
376.41470159590244
364.8498494774103
439.0811940282583
365.70588582754135
364.122023075819
375.2517991811037
290.21919102966785
440.69898898899555
375.63881497085094
374.74223202466965
401.75156703591347
319.75208608806133
362.66841347515583
264.0698222592473
358.4761355817318
464.6855407655239
330.8554184883833
453.55431754887104
428.11270593106747
387.3052817732096
424.48116014897823
364.40778048336506
298.1018647328019
432.80081617832184
390.7182931602001
298.10859053581953
411.3988764733076
281.9858994856477
396.73090848326683
395.3817756474018
466.6729019135237
396.4730588644743
327.16199623048306
455.80708499252796
434.7436362206936
381.46464717388153
339.5478297919035
431.8292156755924
467.91307803988457
413.91166622936726
437.6817270964384
378.9412917047739
367.7043757289648
403.8391798734665
378.85977125167847
276.8884165585041
434.0561912804842
389.7370657026768
317.045771881938
377.8566128909588
273.9391006231308
458.52774968743324
329.79024051874876
379.1757759153843
438.16237269341946
293.1160890907049
492.7862879484892
358.844623491168
441.3967393040657
374.2967773228884
440.0109921246767
452.4693120867014
398.53929357230663
379.54046055674553
429.1119050234556
367.24679900705814
355.6738220900297
273.46275801211596
367.63381676375866
358.57927419245243
248.04553942382336
327.4860947057605
501.61229956150055
437.7323777526617
332.5123225077987
422.9668407291174
415.0493953824043
386.70674327015877
479.86515425145626
376.48215422034264
426.6025070399046
365.1989089846611
421.31637012958527
332.2015280351043
365.8239132761955
397.27435141801834
369.5093972980976
384.37941655516624
399.13344821333885
345.2946234047413
470.47015979886055
358.5379625558853
302.9672929048538
406.60849806666374
385.1154454946518
253.06440258026123
359.0055389255285
375.95585794746876
391.3926976919174
438.77334247529507
363.23336005210876
271.70149982720613
391.45485727488995
401.688233807683
436.86399997770786
366.1264051049948
407.24499644339085
391.88131362199783
336.92624728381634
412.47786235809326
325.36490619182587
343.77415829896927
300.15365999192
298.27098812907934
436.6391282528639
342.6030676662922
414.7761341333389
388.93378379940987
356.25796100497246
362.7626144438982
343.56148993968964
359.91466222703457
465.3820810317993
448.3186364918947
331.425085760653
375.92133693397045
351.0498493164778
413.93112272024155
459.219181984663
434.61379869282246
395.14546969532967
296.927365064621
385.404083147645
426.36409482359886
415.93660125136375
347.20780447125435
364.10964410007
391.04161866009235
421.05284605920315
437.2208205461502
372.4804444462061
376.8104056864977
310.9267842695117
442.6752851307392
331.28636825084686
277.9451781064272
319.9847061187029
231.5977600067854
294.6032835096121
289.0274650081992
274.7189082503319
181.8851142823696
207.60806146264076
269.18132822960615
281.11756666749716
285.2156063467264
372.3952233195305
423.45351108908653
288.2452027350664
321.8402961343527
283.1947108656168
263.1727388128638
393.3592938929796
354.0374449789524
327.73956413567066
382.9442490339279
313.5378132611513
377.8257015645504
300.47947888076305
242.07486379891634
284.0588795170188
308.9818444699049
294.9632510691881
411.4793169647455
259.774056956172
348.39632849395275
392.6339394003153
310.0964763611555
348.06468319892883
379.20734882354736
282.17611518502235
293.6810073405504
249.3572931960225
266.67393407970667
268.6842962503433
342.3978469520807
347.2729359269142
384.54095198214054
326.7625555098057
319.7533912360668
263.2564640715718
353.09811279177666
395.5490547269583
246.2020911872387
311.3719576150179
384.81523728370667
401.3098432123661
459.5466304421425
291.62395399063826
421.88349932432175
418.13364720344543
408.88666151463985
347.57155498862267
373.88218136131763
380.6586902439594
362.4355921149254
387.02185030281544
327.9997848495841
395.4819834381342
328.66225485503674
411.6478599011898
263.6881119310856
418.15280571579933
390.97533851861954
336.0535005033016
329.0960439220071
481.5200698673725
455.0210939347744
408.42722979187965
332.2568959966302
302.7159581929445
352.7575495839119
319.13015522807837
277.40885977447033
378.07283468544483
459.3641470372677
453.28604988753796
379.08189053833485
349.6853792145848
263.4671970680356
380.0654773414135
420.92187063395977
403.3158575743437
474.0073977559805
369.64813378453255
419.02236303687096
410.98222640156746
368.0028105378151
352.121088758111
437.1673659235239
402.84078581631184
502.27770663797855
385.4325479865074
463.06495617330074
363.5586802661419
449.08378095924854
382.23292568325996
394.6656741499901
406.27607852220535
363.95124803483486
276.24964535981417
361.8368340730667
449.88871517777443
398.79596439003944
244.17371875047684
430.72815907001495
437.5987970530987
441.74724903702736
411.6707865893841
283.07746260613203
414.63381347060204
333.91356272250414
328.586092017591
489.97583588957787
447.67650359869003
362.6445599794388
438.3931355625391
449.8810543566942
294.70174038410187
426.8201589733362
269.9535049647093
457.70356872677803
381.30141243338585
343.26592526584864
447.3782849609852
315.285283356905
432.59498393535614
394.910735681653
298.42220099270344
452.9413364082575
402.6442159116268
468.41150538623333
342.2209736034274
392.81771290302277
332.6992273405194
412.56989239156246
441.45771457254887
484.3401017934084
335.23955818265676
458.6674172282219
282.2627380415797
410.23311863839626
364.0797197520733
405.5425829589367
506.4203771054745
424.0177940875292
363.3119956701994
361.84183643758297
370.8632593154907
378.6762195378542
403.7243827879429
411.16141237318516
369.74566681683064
373.5145800113678
438.1844795793295
424.80832731723785
349.012477748096
463.41031305491924
343.9083302617073
471.7369986474514
432.3311782181263
339.12284737080336
352.03143069148064
386.6650288403034
274.0613089799881
411.24073508381844
462.47511649131775
384.946392133832
410.75287014245987
408.1602387279272
363.5176313817501
307.40995721518993
314.3380800113082
461.2271890491247
448.25587767362595
442.7521358728409
424.3834931999445
465.47197675704956
338.60301600396633
387.05008368194103
336.0874538719654
401.6588086783886
421.1215032786131
438.1298965960741
482.138809889555
523.3050732314587
347.2384155243635
235.91370497643948
416.1188073605299
405.2961478382349
399.90151435136795
337.74089010059834
251.23896172642708
374.4768396317959
307.82912842184305
271.21362622082233
314.8785518556833
302.1048454195261
333.4342489093542
271.17444851249456
267.0733194053173
360.5010773539543
330.62238496541977
274.2541140690446
351.92139637470245
241.83200773596764
394.73002672195435
331.107307896018
329.07661049067974
271.83133935928345
324.41721618175507
303.7783942371607
274.12528742849827
374.24194400012493
404.38964764773846
263.9688500314951
359.4252900183201
262.8174128457904
313.82119101285934
279.2272138297558
353.16092523932457
338.64225919544697
403.5914423018694
414.4561104476452
360.1685499846935
354.5031399130821
270.9846324175596
357.7235482931137
354.1130575090647
258.8286742269993
318.2766589522362
390.80780436098576
316.1793209761381
355.2481727451086
314.59474870562553
296.0776622444391
329.9860576838255
308.4107034057379
196.8033002614975
356.58940179646015
280.89361496269703
361.57556372880936
327.80750547349453
350.2839343547821
336.52709417045116
393.5770880430937
343.6977677345276
431.9395897090435
440.1927691847086
410.26348696649075
397.51161083579063
343.08819349110126
350.5507393926382
369.7411953508854
361.15249495208263
421.3656686991453
313.98515336215496
382.0441190004349
475.11651752889156
470.47643975913525
462.7817217707634
475.23525719344616
474.75161407887936
405.0056478381157
267.43473490327597
443.42427782714367
331.853889554739
333.46524408459663
297.9491499811411
291.5166836902499
349.59864331781864
398.3747726380825
387.2197238057852
434.29530170559883
333.8838433623314
361.0623105764389
285.05126367509365
338.1655969321728
274.0602764338255
498.7875118404627
367.83090472221375
514.931659117341
384.6491595953703
429.2955079972744
368.37577480077744
422.6118169426918
297.28163616359234
469.63631580770016
427.1915044337511
322.7210638150573
406.3874899893999
306.9574882313609
399.79602436721325
336.0102192014456
375.4656131565571
337.3384739160538
361.3662906065583
307.19719894230366
353.9911279082298
325.5322553962469
359.88761135935783
350.5749674886465
388.31468738615513
310.33736381679773
369.3247003406286
417.9672092795372
380.91448463499546
352.719925776124
323.8344409689307
408.9055490642786
409.9428648650646
390.5837234556675
387.4365122914314
370.4876601845026
365.69677379727364
340.4216632768512
387.27879153192043
267.0693975016475
307.7216738164425
417.5501025915146
408.9640066176653
315.1163236871362
432.92675955593586
428.5335994809866
330.4888775199652
288.25437624007463
387.3692699223757
409.25455939769745
327.9826713874936
297.4433354958892
397.3801192641258
310.1350871399045
301.98676190525293
477.4966679364443
426.1364353299141
469.708204343915
415.5908294469118
377.2656843364239
398.9067080616951
279.4451912268996
368.1526119709015
414.81338411569595
386.97027446329594
352.54508950561285
477.14007219672203
401.85189521312714
395.0962928086519
393.081945464015
320.0812502577901
308.810185611248
411.1752120703459
395.66494730114937
350.78356785327196
412.11325527727604
394.043998375535
362.127258092165
250.2597533017397
401.1097070276737
495.5672590583563
435.7577683478594
318.0200563892722
341.4767458066344
349.97338926792145
299.46385403722525
327.1595008671284
341.14686404168606
440.2260089814663
295.41460490971804
395.37554264068604
461.28366407752037
266.86796174943447
457.24944661557674
286.9656151458621
458.4312582165003
346.2640567570925
348.785821467638
375.66628444194794
475.00523966550827
204.90301699191332
361.8604664504528
413.94479766488075
389.0018775910139
385.14003786444664
489.88699547946453
390.21713227033615
412.27626906335354
493.55618761479855
456.84908333420753
459.77607092261314
333.5082843005657
389.4495551735163
411.90479865670204
394.0619917213917
481.9058781117201
474.5098491460085
470.27248199284077
408.3301334679127
347.3492373302579
400.7208730876446
385.4360769242048
255.89602937549353
323.5347306355834
358.36815037578344
396.8619885444641
416.8405283987522
262.55459966510534
504.174634039402
382.47212486714125
457.6869546473026
278.8015336021781
337.3269125521183
365.42059867084026
301.948904119432
417.6787352859974
384.01125452667475
282.6609060242772
423.2396890819073
296.4592220261693
343.8902539610863
281.1851152032614
355.46455519646406
335.47116880863905
278.95673751085997
444.53750781714916
381.70623728632927
419.8538027405739
332.56268690526485
432.2157922387123
408.7430448383093
295.56774562597275
338.1543270945549
454.40970319509506
413.64982733130455
448.14821387827396
440.4140822440386
486.5595765411854
300.30264265090227
275.46872382611036
374.3339432924986
455.63530646264553
362.5131703019142
372.2085459306836
445.5673189163208
412.18576458096504
356.246100500226
323.0089199542999
275.03245371580124
335.04477736353874
334.1473753154278
296.4552630856633
292.01855131983757
296.1757788658142
357.9643284827471
338.6523793786764
346.0377077460289
466.2166253477335
351.57820335030556
254.7109535485506
353.2519023269415
258.7979137301445
392.1790085583925
331.8733546733856
445.1059086918831
323.2881211787462
287.95306988060474
317.65923903882504
370.9853239059448
312.603601783514
306.6593659967184
357.0446156710386
368.91252955794334
418.6987239718437
403.8169897198677
418.0467804670334
335.0355951488018
384.98093220591545
356.0159890949726
274.2718060836196
342.28473918139935
339.1627574712038
290.6420446187258
274.65590047836304
424.2112981826067
331.4103204160929
280.1765297204256
272.86197040230036
198.5346017256379
346.61447834968567
432.4589589834213
408.87118631601334
330.55156947672367
311.93091912567616
366.38078536093235
327.23549151420593
369.86003962159157
423.2854495048523
404.9262267649174
457.06230518221855
355.9686947017908
371.7459873855114
393.32009303569794
471.63900934159756
400.10295437276363
436.8739450275898
275.17804354429245
398.0328784137964
341.38023668527603
502.21162505447865
343.30687299370766
399.42825746536255
380.4070504158735
435.3798312097788
393.14320981502533
372.7938604950905
413.73153322935104
422.31193175911903
350.2028423398733
281.1040050983429
518.329966455698
418.89516274631023
293.96945306658745
348.69183027744293
405.16384321451187
414.489351823926
367.4643306583166
456.47618225216866
472.2285896986723
395.6064855605364
344.8955861851573
411.8783502280712
422.85830669105053
374.2701789289713
444.1256909817457
430.81539998948574
387.4309864938259
340.3105287402868
369.1645394563675
362.3232772797346
438.0022524744272
398.37103103101254
332.3590623214841
346.8008022457361
466.60581880807877
317.3246495127678
365.5154232978821
365.83295118808746
402.58325861394405
360.85531605780125
357.17565171420574
507.12593761086464
399.194756641984
465.1326989233494
294.40297128260136
366.685206502676
331.6539883390069
397.8475276529789
424.4994066655636
270.11535964906216
411.0501855611801
430.796898663044
415.62224766612053
332.95462891459465
393.03667671978474
440.1539649069309
357.50845298171043
339.93064818531275
264.8963296636939
470.6492744535208
401.31264767050743
354.80923394858837
325.1962113082409
480.76125156879425
367.261935710907
482.0224727243185
302.0911361426115
300.208424217999
327.257594935596
381.98042510449886
373.26563073694706
410.70783162117004
308.6010178774595
325.03872795403004
409.60198014974594
399.5713364779949
425.9625591933727
549.9375344514847
338.7452596873045
381.11656953394413
394.08267092704773
429.0967421978712
431.12933734059334
383.83159117400646
432.597343057394
351.262921705842
401.2751534432173
275.78548476845026
324.2232460975647
352.12643544375896
242.66155134141445
405.67513631284237
318.66130416095257
273.6299303844571
416.1984366029501
357.89371928572655
319.7227305471897
287.96437337994576
255.21014247834682
260.63096721470356
236.51337826251984
368.1691932529211
308.88480961322784
407.3874858468771
364.50152336061
282.7316804006696
312.90045361965895
328.3346525132656
310.1596008390188
334.83563955128193
265.68688689917326
273.32677805423737
342.2595170587301
289.2122905701399
292.48093646764755
335.74770064651966
351.4564124196768
403.8839557468891
269.50786327570677
299.4889284670353
325.08124470710754
340.8051612973213
346.5033092647791
279.4579882770777
337.2978209257126
269.83593505620956
292.9798221588135
284.5449639186263
233.7771751061082
352.63032028079033
200.76467050611973
356.1891918182373
270.70243391394615
318.32302944362164
308.6520579457283
291.79961386322975
337.9302694052458
348.63399581611156
310.0072356313467
401.78279818594456
367.2978771030903
363.4122386276722
397.2729861140251
431.90703915059566
455.0871044844389
451.108596354723
285.1117536947131
409.01772236824036
439.7321653217077
252.89140547811985
432.1763744652271
398.0432855039835
385.8644661307335
354.226593747735
415.8022041916847
306.8848179206252
405.74304097890854
438.7070720344782
319.0896993279457
416.4539951533079
298.1018076092005
332.54267424345016
278.4170511588454
421.78099642693996
216.57584655284882
458.01719684898853
343.8880617544055
380.696411639452
414.11232188344
370.11984883993864
396.8568364083767
332.24926153570414
341.2243599668145
465.01500806212425
418.92479206621647
363.0701362043619
282.11004357784986
300.4819666594267
310.1782219707966
481.29397970438004
434.1133065968752
417.4828575104475
341.90144754201174
494.3459711521864
389.80507162213326
389.65995225310326
326.80660866200924
421.75335824489594
426.49012427031994
348.0018268972635
224.1827046200633
391.44698667526245
312.7856403887272
406.3061237335205
443.02241621911526
317.06957269459963
424.9731792360544
430.19456773996353
382.37752954661846
450.9754443615675
340.31545323878527
490.19043312966824
405.97648142278194
369.900916993618
433.82732014358044
415.0823184847832
328.0651100948453
413.18060071766376
365.7824970036745
297.0389677286148
363.56930835545063
366.33577984571457
388.8529228270054
419.5991832613945
258.50014577805996
449.9407285898924
488.2703713476658
449.38106290996075
405.61286649107933
493.2199762314558
438.61055432260036
360.55808244645596
446.6792097836733
410.7997369915247
420.278632119298
247.15640081465244
403.01053969562054
301.76735150069
360.9438398331404
411.789693236351
331.65002699941397
251.9712930843234
434.666036888957
388.2966618090868
483.8300450593233
471.3661450147629
381.04874236881733
412.9511958658695
515.576844021678
345.1220096722245
315.57630079239607
358.01120038330555
270.2716158926487
436.75937408208847
398.0764152407646
368.69132290780544
427.0730578750372
313.81630397588015
382.7650029808283
323.6241847425699
479.7064868360758
308.21733571588993
473.52747866511345
383.0693285316229
424.8779049217701
510.4389831274748
442.26181234419346
328.64126025140285
382.02931478619576
424.3657547086477
409.85110652446747
444.6606352776289
380.25838346779346
365.2170159071684
344.53577667474747
358.5022971332073
408.1335838586092
307.79518381506205
414.3084561377764
482.8062935471535
417.2889724224806
451.33850286901
401.41090565919876
386.18114587664604
507.1663304120302
374.07253281772137
344.5806750655174
390.7298485636711
409.5153374671936
504.174931243062
375.1675201654434
202.44618917629123
354.62822926044464
331.6540439799428
490.15178652107716
404.63896672427654
356.6330677717924
366.6746838092804
307.5581249669194
461.59707053005695
386.37540893256664
312.65819968283176
456.1901803314686
425.0403041243553
398.5553015768528
309.4292863085866
374.4644728600979
334.5470909550786
367.092873737216
365.97285260260105
353.66888941824436
358.83376275002956
437.78968384861946
333.62579695135355
375.32435853779316
364.9696717262268
439.43562088906765
392.52617460489273
410.29872189462185
446.5468515753746
289.03910790383816
410.3133685439825
393.2771451026201
338.6230012476444
431.5362938642502
267.546897046268
420.86018270254135
368.9930996745825
376.3339709639549
456.59791883826256
297.22244112193584
386.60721227526665
343.8716784790158
342.49988574534655
321.38131226599216
400.15311911702156
293.7538094073534
413.8537980169058
405.0396982431412
346.95242992043495
306.6224311441183
388.4903417676687
391.3624019473791
326.8892033174634
391.04950562119484
386.2884491086006
426.91981077194214
292.37582755833864
409.7463097423315
414.77306355535984
388.62328066676855
397.7980235219002
503.83391331136227
454.0004089176655
383.1283728033304
361.1723080649972
456.0161479264498
372.8578872233629
415.45129750669
280.32111268490553
296.57912822812796
431.958448946476
327.3088599741459
352.73359559476376
426.1039184331894
368.5602769777179
276.0895368307829
319.11837550997734
340.5464472025633
493.33541460335255
392.9891017526388
343.98472483456135
355.66806591302156
305.0029898658395
420.0990759432316
402.80770372599363
340.5490340143442
370.1991695538163
260.4667901992798
469.0759975016117
395.80622531473637
351.6275671198964
445.68059146404266
324.26392032951117
327.77514965087175
351.22688595205545
316.44754558056593
431.45497919619083
452.02184200286865
406.68249693512917
383.2661816701293
348.029437340796
403.4175506979227
471.247859954834
382.82663413882256
414.81805244088173
414.69625252485275
447.8838124424219
306.8594018816948
419.02277778089046
415.1017930060625
396.0470954477787
384.1140626370907
549.1669487208128
368.1354414820671
409.64226976037025
349.3699165582657
448.1863442361355
511.10114616155624
405.6322222203016
405.5536840558052
353.2335832118988
501.1554611325264
351.45362889766693
252.5232594832778
324.28976060450077
404.51485112309456
362.33641190826893
300.01736079901457
284.83639468997717
392.88420228660107
431.6237374842167
411.807532787323
360.8814658969641
388.4933557063341
377.5968259423971
375.96672120690346
362.3606359064579
343.2212144806981
365.8398081213236
296.3243046104908
359.215682849288
449.83461904525757
308.58258774131536
498.2903035134077
336.93623685091734
290.6994444280863
470.4803854674101
336.51406440883875
252.00807934999466
290.9341291561723
341.8855105340481
384.8596955090761
415.4445916414261
409.1191925704479
342.9153910577297
437.00709769129753
423.39318415522575
495.48647689819336
328.7482070326805
391.2020289748907
352.34832578897476
275.1645318567753
309.2594810798764
360.1787602752447
483.12295408546925
341.9542618393898
304.5247491598129
386.74693500995636
354.43341729044914
394.7161099612713
353.30054584890604
488.900993257761
404.4964829534292
325.39131857454777
435.8521930575371
251.08414057642221
345.6092573180795
401.4832491874695
452.07569509744644
488.6874743551016
481.1759022474289
396.2357417792082
354.31565304100513
281.54733350127935
486.3840466737747
360.8255025520921
456.4715564548969
343.0019889175892
313.53962380439043
314.30295825749636
480.7944956868887
459.1873336583376
326.43583822995424
292.7440136373043
366.45052839815617
301.5182793289423
425.98782071471214
475.40303245186806
436.6224231570959
325.99442622065544
332.34157284349203
455.291265681386
297.546825543046
397.3163762241602
328.32281060516834
432.8397467583418
342.75078953802586
344.86585250496864
444.74804620444775
412.35958033800125
368.7277480214834
330.51820439845324
348.0551156774163
371.2556497603655
272.07898588478565
373.12483009696007
369.29151974618435
367.61774066090584
323.215578854084
229.03699024766684
380.2483756542206
330.02077624201775
284.42282700538635
275.48315601050854
365.7503665983677
373.10160724818707
446.0448524057865
345.9942254424095
340.06088591367006
380.6305317133665
408.6796057075262
393.75284580886364
281.5332082659006
347.0335814356804
315.40720108896494
394.0274772644043
330.1926168054342
435.0726687014103
341.21694199740887
283.732371494174
462.1297427415848
341.091730222106
409.0004495382309
383.77631053328514
413.31521059572697
270.898206718266
432.23913565278053
337.883751437068
484.451604321599
400.80408258736134
291.49008199572563
330.9212924018502
365.3446814715862
422.6035923063755
331.8061712682247
302.2612951695919
394.3277035355568
385.64955447614193
420.00834937393665
369.376426205039
292.42443510890007
271.2358173727989
372.5201811492443
417.270948857069
339.5596966445446
386.4852971434593
419.1849433481693
370.9948696345091
420.3184311836958
400.41917468607426
348.64854864776134
309.9964611977339
350.5994462966919
424.9794972538948
335.8139205276966
412.2919390499592
324.76449700444937
415.4170293211937
401.16262160241604
355.09092788398266
419.3657108992338
316.71414283663034
363.99649761617184
418.0083855688572
354.4209135621786
322.15552221238613
468.103937715292
401.69934825599194
352.50269728899
411.7268016189337
280.06933495402336
449.3084872364998
435.262639015913
442.3306586444378
431.5350155979395
429.2784358263016
414.54626682400703
333.5507428497076
352.5803932696581
327.1643819361925
372.10551327466965
289.2782741189003
439.388385951519
395.49746088683605
328.645618788898
411.67593562602997
450.37311214208603
375.533368691802
455.90467420220375
292.8285104855895
356.77400247752666
410.9113743901253
348.5285843461752
392.24242828786373
375.6406274586916
386.2117012888193
396.0091203004122
398.888048440218
461.0290328860283
353.362099096179
310.72060292959213
273.95997589081526
416.34284484386444
428.2802577018738
450.2493189275265
275.31572860479355
519.6609454005957
415.979968726635
390.3330279439688
430.7662604749203
290.0456962361932
290.74709724634886
416.95376478135586
421.73283655941486
343.83701522648335
316.85592675954103
389.8666019141674
377.5065112709999
245.62026220560074
422.5290805399418
401.0569638311863
375.4934484064579
425.52491791546345
325.0097115188837
374.55120357871056
247.81472398340702
308.112904638052
384.38431856036186
465.450189858675
446.2970324754715
361.8871543854475
418.67676128447056
342.9594125598669
508.24042098224163
284.9790824428201
425.9728868454695
287.2543489187956
400.14243626594543
385.6933843642473
434.866997808218
364.33296855539083
330.87888483703136
458.89681285619736
354.9501482248306
333.6921325996518
419.9858785420656
440.4554893672466
380.1460814625025
338.431106120348
305.7426417171955
404.5251729339361
343.5196487158537
285.23019962757826
414.8470189720392
392.2378547042608
272.80528324097395
450.561158195138
419.26965671777725
329.5939297527075
359.79664584994316
365.69520914554596
401.0942527651787
429.7100904583931
305.5079921334982
285.2055351436138
394.3367526382208
312.11188754439354
370.02057848870754
480.9256157130003
404.9204174429178
420.4258316010237
335.85393953323364
383.26972594857216
381.45082698762417
384.7513775974512
430.960421949625
324.3663185313344
408.108792707324
398.026119813323
323.855918623507
349.15596667677164
419.7520272731781
411.1793234348297
351.0254723280668
309.17584692686796
382.23858039081097
438.2046412527561
399.008334338665
334.4676724821329
429.9063158929348
387.07998837530613
412.8349256515503
335.8690567314625
366.9073146134615
417.73580323159695
428.0885310471058
346.39832404255867
325.350550994277
325.9661961719394
340.90997134149075
354.80031725764275
476.6786289513111
356.74409551918507
438.7496087104082
438.6249248534441
364.2112240344286
450.8176427334547
319.93174416571856
392.1157759875059
425.62229503691196
350.3893908262253
403.13642017543316
347.437411993742
408.4622983634472
411.98177357017994
372.273636251688
457.35589894652367
366.3268160521984
468.56114676594734
378.85118843615055
392.57465422153473
294.2468730583787
366.70854419469833
483.9131773263216
359.7613434791565
396.72374019026756
449.82969658076763
386.68126080930233
399.24093486368656
309.28179556131363
354.5954362154007
384.6092249453068
345.73529951274395
248.7210214138031
432.20078130066395
266.00489181280136
452.8253886848688
400.63666163384914
345.5461692214012
445.5100334882736
352.5310208275914
351.99889132380486
413.26510947942734
304.5399167537689
427.8780507147312
342.2907414883375
393.99749651551247
325.58676090091467
453.79056526720524
392.6134839206934
298.66169752180576
373.02762573957443
354.0644417107105
355.86774195730686
352.32824240624905
418.64583368599415
320.327419526875
374.8660978972912
351.6811470165849
320.1192194670439
371.7971679121256
389.47401240468025
377.8603650778532
388.61632469296455
349.2574737519026
421.79371976852417
362.1719956919551
332.0092054605484
283.70490761846304
246.21206403523684
332.50053361803293
374.64422208070755
394.6669217944145
323.49088168144226
528.9841699451208
492.23106499016285
517.1153111457825
470.335067614913
533.556104555726
411.5693088173866
364.26769268512726
304.79969623684883
402.3361356407404
471.21333742141724
495.29551589488983
392.5458704829216
451.33876955509186
459.89790600538254
367.24758675694466
307.07655918598175
247.2104829326272
382.7226936072111
312.0905256792903
349.3468344807625
426.7627108991146
396.53357976675034
438.7827107310295
441.0848780721426
296.984408095479
318.6226653754711
377.4153915941715
343.84856286644936
489.8609208762646
370.06568686664104
381.2171976864338
251.18934421241283
303.4734468013048
344.8071560189128
417.3562132269144
320.3396252989769
410.235756278038
262.86504658311605
446.63455636799335
474.0951989144087
384.40293085575104
443.47886238992214
373.2268486768007
332.45804389566183
295.9743000641465
433.59010453522205
419.7181805372238
422.49585922062397
516.7576456218958
438.64919377863407
307.3991682231426
388.45615561306477
462.3073769956827
335.4220361188054
344.40331465005875
341.67817658931017
361.70451858639717
337.2344476133585
293.0546090900898
428.4220920652151
362.66270665824413
397.37911942601204
347.63847786188126
249.46025762706995
306.57408906519413
287.9531659334898
281.50111812353134
296.9638155698776
236.11163268238306
380.07072255015373
328.93236641585827
320.4418374598026
320.19066378474236
306.47194101661444
290.1631679534912
314.5393070727587
309.9244456291199
312.3375780880451
279.170743227005
284.3441140651703
326.2021568566561
340.0158796608448
370.11427710950375
311.19898768514395
237.50344033539295
300.3432523012161
289.20530688762665
359.1608037650585
340.2622503936291
301.29297963529825
273.92221105098724
249.74361345171928
331.4378897547722
227.43673803657293
238.89282623678446
271.3338361978531
276.60551197081804
284.37912202626467
264.9778540879488
269.52825717628
365.79933355748653
375.9933989942074
344.5372668802738
337.83358769118786
259.47865165024996
267.46882885694504
390.7092359960079
268.34122594445944
261.62776613235474
301.9221615791321
313.2656125277281
285.41363363713026
380.4202097207308
407.3419527411461
332.06436993926764
436.92037101089954
311.82196240872145
388.5220241099596
468.1689006537199
330.1130313426256
407.499775364995
266.10926777124405
383.87977999448776
403.4530508071184
375.61359402537346
394.12594625353813
401.6861018538475
390.8562109619379
470.8376745134592
426.749548882246
404.3630320131779
418.40868279337883
381.09122700989246
435.5720314979553
376.5954627394676
378.88497346639633
424.03098495304585
321.924186617136
497.744851693511
245.15726881474257
387.0302911400795
345.7843378186226
426.46890656650066
433.8593910187483
424.52133555710316
315.3622819930315
274.48786376416683
376.8660592585802
441.5529652386904
425.798388466239
368.1645777821541
421.6076299548149
367.4240276068449
371.20337767899036
280.6839247792959
465.47811134159565
420.59566456079483
386.6546832919121
307.0623756945133
434.4065883755684
362.113154143095
372.4767647087574
534.677248224616
360.22134433686733
367.3849137276411
282.50215055048466
471.77023565769196
537.5241257697344
393.79995526373386
340.0480061545968
419.1887409687042
307.3970739990473
360.54925717413425
405.2634118050337
356.8183183223009
371.0161620378494
372.8007895797491
336.97436821460724
378.7355231195688
390.2967455089092
326.1489273607731
368.4560699611902
405.2988512814045
386.569068223238
430.4667341262102
401.44971953332424
354.4408559501171
369.40411111712456
398.7897047549486
415.82471968233585
415.21159559488297
347.0227766931057
336.23714247345924
284.89060888439417
395.2924881577492
412.63693638145924
357.7066943049431
359.40030939877033
353.356842905283
291.5277169570327
392.2559357434511
437.06686313450336
454.934524089098
420.9761252999306
399.3953801840544
289.4942490532994
435.967438608408
424.1773310601711
477.72053407132626
260.9593967795372
361.72249902784824
310.89332792162895
439.35662242770195
397.87673695385456
353.13316048681736
430.5506511479616
379.77829852700233
473.7936527878046
448.13256154954433
318.25298654288054
418.3161978572607
366.2975195944309
378.808553352952
284.48000378906727
302.7346421480179
452.7058869600296
375.8452453613281
443.33197525143623
343.4319698512554
362.71248884499073
364.4013289511204
420.7442510128021
393.34213922917843
358.8094675093889
320.4450422078371
340.18068946152925
384.0680074542761
309.37576669454575
422.8567480444908
430.0293377637863
389.16034746170044
336.0400297343731
358.53281585872173
357.7768455147743
422.2639535218477
388.03009659051895
396.1108958274126
319.0765931084752
391.08120684325695
271.72306314110756
307.88826847821474
447.44217981398106
286.23030426353216
388.8244387060404
384.1511994153261
387.4857407808304
459.51738327741623
378.8069260120392
354.0210361331701
407.94970904290676
477.3714319616556
488.9464731067419
473.04958468675613
247.3276470899582
331.20445481687784
354.5138413757086
364.7922587245703
252.4450040757656
319.90196058154106
370.0417503863573
270.22524221241474
317.95548148453236
456.50984539091587
497.51545165479183
446.2475875020027
432.6071131378412
368.15793608129025
370.43072877824306
394.54459658265114
415.86115042865276
416.4974309951067
355.77587473392487
341.53640654683113
448.5188775807619
374.89233472943306
427.1303862631321
359.46251176297665
387.22767248749733
392.71124652028084
400.36793418228626
384.9503046274185
410.7698333263397
358.1134681403637
428.20225512981415
419.95853862166405
480.61004139482975
387.51084800064564
347.6692778468132
509.6837157011032
286.74307349324226
500.3240933865309
441.11138156056404
463.6102538853884
333.671869546175
407.6571478843689
317.2937078252435
411.47685846686363
393.2956071048975
453.22381468117237
252.8845558091998
402.6939422637224
331.90945233404636
420.0470783561468
395.9927021712065
420.33104026317596
280.9545006752014
457.0100517421961
415.3511252403259
432.3965707719326
359.59993505477905
354.0422916710377
482.58867114782333
325.5801507458091
504.64086508750916
373.3335880935192
368.1799820661545
379.33270290493965
348.8078455477953
356.0389072448015
497.81636199355125
427.6957520544529
401.16819444298744
383.65252436697483
324.5468925908208
355.88361190259457
403.99256098270416
311.71370016783476
456.2209681123495
370.47788278758526
337.4799803122878
433.966814160347
292.6907576844096
372.1671713143587
372.580430328846
346.72594974935055
434.55064260959625
439.47150683403015
387.31407161056995
312.45582116395235
459.24750082194805
293.2327396720648
396.6398107856512
432.72061859071255
279.71714352071285
451.3332275748253
461.9554399549961
396.1882303953171
359.17037853598595
370.2787552177906
382.6202944666147
484.78909336030483
394.78515569865704
255.04084944725037
271.2886236459017
473.75354458391666
268.19906321913004
260.0818342193961
405.1796699911356
427.7154832929373
440.4782035946846
411.9857793748379
302.071057587862
358.4299186170101
501.44309654831886
415.756007745862
414.11537232995033
426.52618254721165
320.51869670301676
332.88605315983295
350.8521077260375
318.5683043524623
319.0535092949867
406.7510633766651
412.1600771546364
335.9366644844413
358.4225133508444
437.47871071100235
323.3741986453533
321.9071851745248
421.2589782625437
459.22909066081047
432.5558872818947
375.82131953537464
350.51397566497326
457.48207849264145
340.0096490383148
325.60190672427416
351.8877790272236
356.8177337050438
374.6419254988432
408.6986713409424
450.24242429435253
385.00492356717587
429.18984746932983
451.4284727871418
311.7929191663861
411.3547037988901
516.5544696301222
410.59904357790947
482.1751641333103
274.3576607257128
289.1764498129487
377.55385342240334
393.46466049551964
497.45049522817135
471.87566907703876
389.49196004867554
380.3667156994343
417.9546784609556
427.06993874907494
480.3212022483349
363.47967210412025
484.6757454574108
360.1174638569355
294.2925104573369
357.0589334964752
350.966156989336
280.50169982761145
351.1322037577629
433.96238574385643
407.3528532385826
427.25808799266815
322.75808741897345
350.52574361115694
352.7567269206047
320.89939721673727
297.49895027279854
336.4957505837083
461.7948155850172
287.4231391325593
439.0340853333473
425.2770218104124
392.4711537063122
415.9507924616337
433.8069900274277
311.58484610170126
371.868282943964
381.48663836717606
356.1951152905822
392.207539960742
399.61883695423603
294.1491089016199
341.5001733675599
410.0805899053812
274.60399869829416
342.1480056643486
408.7492613494396
474.1263139843941
296.61890859156847
368.52858228981495
327.45481822639704
441.215764939785
344.22588059306145
308.63234347105026
326.63298742473125
316.9920727610588
295.9153427183628
332.2939866632223
289.0826016962528
273.90817081928253
337.6267316788435
247.3165034800768
389.7853451818228
287.0515859872103
356.8222595602274
246.68193083256483
337.900342464447
320.7116679549217
309.9620635062456
239.91418588906527
317.88842786848545
246.4905670210719
304.72260850667953
359.293551877141
308.5770251303911
328.3462460488081
226.14686637371778
329.10765329003334
386.1258581727743
366.283318772912
383.9093673378229
235.2352990731597
325.4059643596411
303.50400234758854
209.26279763877392
325.26413856446743
376.9205366820097
326.74410878121853
283.22322967648506
341.2640505284071
373.0077678710222
424.4691616743803
307.4767795354128
363.5800979733467
323.53555330634117
278.170577198267
413.30907410383224
312.1465094983578
264.0910506695509
310.9832188040018
249.8880592212081
298.09627555310726
323.93946016579866
360.8098428696394
446.38547843694687
448.9625878930092
288.62502724677324
421.3139574378729
283.0731074735522
422.8137215077877
405.86572836339474
265.34568141400814
308.7529950067401
433.81195236742496
338.8394803032279
372.4891785085201
455.93980400264263
382.254371330142
403.34885163605213
343.5158129557967
287.80928261578083
337.1202172487974
389.5423051416874
449.61460112035275
396.28719478845596
445.167322576046
361.28881611675024
327.06831412762403
448.26189793646336
302.38996236771345
314.1170534789562
445.99821984767914
471.9525478929281
361.75298358500004
502.32102423906326
232.85373064875603
408.7962042540312
432.6704329699278
387.5473387911916
365.47446981072426
497.66931480169296
351.83871325850487
531.1488531082869
325.13819969445467
418.1817117333412
410.0414552241564
411.87334537506104
442.37517108023167
313.45355392992496
274.62371158599854
358.1562897861004
341.00323855131865
388.20780332386494
430.8239433914423
297.2193106710911
372.38534289598465
396.43538765609264
557.1721571683884
364.23476825654507
516.6337168812752
320.2136234641075
452.5153520554304
352.09181839227676
390.62513706088066
375.8212314248085
343.10921777784824
376.358923047781
433.0880791246891
386.4090161174536
328.2644626647234
227.8325142711401
469.31747721135616
373.4402811676264
290.6153169050813
320.2143456861377
421.5393920391798
301.79401617497206
433.33100239932537
344.76772993057966
321.8478269651532
293.6422748565674
455.19266870617867
293.3722345381975
229.6387526616454
369.699278190732
341.9527345225215
400.9031216651201
371.90261274576187
335.9745692387223
392.99629601836205
371.80486176908016
390.5219885855913
382.3633677214384
366.11080003529787
370.7875872552395
282.7987748235464
347.6995830014348
386.1221588999033
284.09350031614304
508.4313401579857
368.35762952268124
450.07501754164696
407.68269258737564
421.5766817778349
385.02184058725834
288.24613108485937
353.0434054285288
371.0943875312805
422.06097193062305
356.926156938076
387.69904068112373
418.6985693871975
315.2937349155545
332.18095314502716
362.3480406701565
379.6632433384657
364.9710241109133
370.30290058255196
371.78075847029686
354.23894122987986
271.2537405863404
247.47701933979988
387.2449689954519
354.5608591362834
400.5694098174572
392.1599015146494
389.0825519859791
218.5382053181529
381.7328951060772
370.94843201339245
431.86540038883686
404.40402133762836
398.9907403290272
422.54681791365147
408.9018240272999
323.87224090099335
436.4916615188122
425.5612183511257
384.65713331103325
496.92324025928974
441.2625325769186
282.8422054722905
333.45423029363155
343.52191538363695
340.9655616208911
398.33589166402817
454.9642434567213
443.1866746246815
458.55260995030403
365.89932648837566
292.4645099043846
476.6910610049963
490.6958963274956
343.6999902948737
371.226887896657
459.7649626284838
327.1006999835372
438.8545801192522
294.82807886600494
360.8541158884764
379.0051525235176
354.8206961750984
369.688903555274
481.878782749176
499.8161192238331
396.9410145431757
319.5316362455487
405.5126862227917
354.5558450818062
325.1625343039632
458.7765085399151
286.7260468453169
363.8743571639061
351.32434099912643
413.8236533254385
401.1544230133295
368.8721998780966
401.16495034098625
398.1281355023384
366.7902267277241
463.49082650244236
346.6902008205652
371.30818320810795
360.5831532776356
303.1731313765049
497.2681008577347
373.8203888386488
398.3531192243099
379.3768567889929
335.78782369941473
419.7055365294218
490.3516553938389
416.0294352322817
322.1828141659498
458.29966001212597
491.945715084672
367.8334339559078
277.88615284115076
335.9432010874152
391.8086161017418
386.2543322443962
363.8370569050312
321.3185187727213
471.9935954660177
310.57804019749165
349.7682239860296
401.2465783506632
371.5647516697645
259.5905882269144
339.8206857740879
341.442657738924
426.75951436161995
398.21082079410553
396.14079289138317
411.6067867875099
306.67932767421007
333.02482303231955
383.5835872590542
328.2518120035529
273.93644098192453
463.81865963339806
314.8124475777149
359.2410909682512
310.7872324511409
356.65072602033615
437.7189235538244
392.3607864230871
364.39344161748886
332.12866301834583
398.49389304220676
368.9036499261856
414.65660709142685
379.20244812965393
356.5050854384899
468.66424176096916
488.8485599756241
379.36563712358475
370.85067987442017
399.65058739483356
375.32705087959766
400.1695684194565
406.66999113559723
393.1158872395754
296.5652062892914
329.33654068410397
385.30083329975605
417.98977006971836
381.3713674545288
374.32842203974724
407.84750828146935
306.6807842999697
424.15180779993534
326.19454788416624
381.1835955530405
371.99569506943226
252.3454786464572
329.0710300132632
375.7482561916113
269.4939051344991
462.9524580389261
383.1879679262638
401.51871132850647
313.45059878379107
353.3448901325464
361.8772738277912
394.35736913979053
346.8233139961958
409.4696427732706
302.62910782545805
361.7257100492716
406.57298965752125
312.2655886337161
405.56509037315845
349.74671840667725
361.8616762161255
315.6939876675606
412.5137456804514
350.8637561202049
415.9790259897709
421.8264521062374
423.53732915222645
361.686841532588
261.4066291451454
382.8407063484192
357.85815620422363
379.74017852544785
412.1484714150429
370.082998663187
455.3007637709379
387.62881165742874
398.5638351291418
477.724869415164
436.4815785288811
443.109910979867
350.35260847210884
361.60775081813335
272.73928909003735
280.2508952245116
465.354056969285
415.6713346987963
368.07071474194527
334.3268771469593
338.8902264982462
400.1052587032318
346.19886315613985
415.8991674184799
438.1893013417721
351.0898992717266
285.88121186196804
455.9317675828934
420.3904442489147
329.1411504521966
394.67382188141346
353.43866105377674
305.51226571947336
320.90543888509274
366.4630953222513
383.6321176290512
361.62739057838917
301.03329595178366
425.6854326426983
552.5847812592983
380.55092564225197
406.54570719599724
482.2956371605396
391.02177377045155
432.47482435405254
443.40022853016853
333.3078539967537
364.6678080558777
384.51540035009384
447.09301240742207
480.4124259799719
404.18360452353954
304.30245131254196
411.5675083696842
330.22590374201536
355.46692833304405
273.4941949918866
352.631012827158
352.88175155222416
410.67584778368473
376.495432138443
387.3648951202631
372.1675389558077
358.2219886779785
337.6045975536108
432.6894668340683
400.71878941357136
335.7528871446848
467.6748216152191
384.8489126563072
377.5996368974447
331.05659233033657
496.38583278656006
364.4013757556677
341.55931620299816
491.6228249967098
364.8521697372198
392.0173759460449
446.0361253619194
409.55848328769207
350.2007233053446
344.7098485380411
349.73902486264706
435.873182028532
340.2731823474169
464.21268621087074
434.94016695022583
535.9492280781269
322.9380143210292
472.726664096117
295.07532827556133
315.66857266426086
370.01815788447857
353.51370699703693
280.49520905315876
397.55935175716877
374.08241632580757
505.5897899121046
469.5927210301161
394.34370002150536
388.419016122818
392.45752581954
300.91342275589705
421.996392339468
466.0183727890253
437.9910629838705
233.1997038051486
356.0335109233856
337.3527448475361
413.88981564342976
404.2700560837984
290.7568542137742
327.99628233909607
433.3402756601572
371.8029275685549
331.3881105184555
342.52421067655087
480.0892912596464
354.5252409130335
564.2133006751537
228.13470105826855
288.3527632728219
470.3433598577976
304.6246411129832
297.40330696851015
303.07036151736975
294.01837112754583
421.34028923511505
419.2113305181265
283.80923530459404
433.2467789053917
444.019531711936
494.4022563993931
347.69106045365334
505.8853517770767
347.9150085672736
437.1329163610935
427.6586526334286
278.012598618865
412.55878868699074
410.58411407470703
493.82753279805183
255.13392356783152
393.34597128629684
404.35468792915344
456.10733860731125
335.2594100534916
328.90115888416767
268.58722066134214
461.62159806489944
483.9259050935507
318.04814490675926
373.12880851328373
305.80817411094904
424.74948592484
360.7227416932583
381.7027130126953
379.0681114345789
292.5209878757596
287.5105947032571
486.1177955418825
383.5187933444977
464.32488295435905
520.1732265353203
395.61056676506996
423.7605848610401
453.6058649122715
322.5678750872612
328.5029629394412
294.392291277647
