3432.788531564176
3442.312688909471
3430.4825428538024
3438.441468991339
3433.2180902659893
3436.1078455150127
3434.8849397078156
3437.738182719797
3435.1917472332716
3437.1311221942306
3432.055549055338
3435.7886036485434
3436.9262674041092
3442.73318785429
3427.025355383754
3435.557110156864
3431.8649222888052
3439.9970863834023
3435.8267495036125
3432.427165493369
3445.764221571386
3438.6658273264766
3433.3438661918044
3427.650573246181
3430.6604617126286
3431.4973940625787
3437.0817789658904
3436.0306963063776
3437.1760895960033
3429.868040725589
3434.0329051315784
3430.4783261828125
3429.9191821031272
3442.618615053594
3441.096378199756
3430.235091857612
3431.8628846108913
3422.045320685953
3438.194875676185
3438.0589789114892
3433.27292727679
3431.9374782443047
3437.9485861063004
3433.547391973436
3439.8680998682976
3428.1895939558744
3431.612410519272
3441.700207851827
3425.0170722156763
3429.28039611876
3440.2001482360065
3428.468614436686
3437.7120809555054
3430.4343280270696
3430.0496485233307
3429.3631080798805
3436.8435680754483
3441.7639608234167
3428.432578854263
3442.754834447056
3443.6814429722726
3436.6738366633654
3440.3795038312674
3417.3201588988304
3430.3050078973174
3434.359205186367
3431.5068652629852
3434.9709149189293
3431.66661689803
3433.43289963156
3430.6360267736018
3434.9417828172445
3428.123411502689
3432.139824524522
3423.854013312608
3431.8964424282312
3434.8137344308197
3432.247504912317
3434.705963704735
3436.3113666698337
3437.900520402938
3430.939609054476
3431.2736047431827
3438.852437648922
3422.4004837609828
3426.1721309795976
3432.8244119994342
3432.017906010151
3439.0849718488753
3432.3197321370244
3426.0492168180645
3431.7943240851164
3438.3283034339547
3435.3099792040884
3432.0266336016357
3427.013325255364
3437.801727298647
3427.779543966055
3434.5076368302107
3437.7762796618044
