820.0
860.0
620.0
860.0
840.0
800.0
860.0
880.0
680.0
840.0
860.0
820.0
820.0
840.0
780.0
860.0
880.0
760.0
900.0
820.0
860.0
860.0
820.0
860.0
840.0
840.0
860.0
880.0
860.0
860.0
680.0
860.0
860.0
880.0
800.0
680.0
860.0
860.0
780.0
800.0
780.0
820.0
880.0
840.0
820.0
840.0
840.0
860.0
840.0
820.0
880.0
860.0
820.0
820.0
660.0
680.0
820.0
880.0
840.0
820.0
840.0
880.0
740.0
840.0
800.0
860.0
860.0
900.0
860.0
880.0
860.0
880.0
840.0
820.0
860.0
840.0
880.0
840.0
840.0
840.0
900.0
860.0
860.0
860.0
860.0
660.0
840.0
760.0
840.0
840.0
660.0
860.0
740.0
840.0
820.0
860.0
860.0
740.0
840.0
780.0
