860.0
900.0
860.0
880.0
880.0
880.0
880.0
740.0
880.0
900.0
900.0
840.0
880.0
880.0
880.0
880.0
880.0
880.0
880.0
880.0
880.0
860.0
880.0
880.0
880.0
700.0
880.0
740.0
880.0
900.0
860.0
680.0
880.0
900.0
880.0
700.0
880.0
900.0
900.0
880.0
860.0
860.0
880.0
780.0
880.0
880.0
860.0
840.0
860.0
880.0
860.0
900.0
900.0
880.0
880.0
900.0
880.0
900.0
880.0
880.0
880.0
900.0
880.0
740.0
880.0
860.0
900.0
860.0
880.0
880.0
880.0
860.0
880.0
880.0
760.0
740.0
880.0
860.0
880.0
880.0
860.0
780.0
880.0
880.0
880.0
900.0
880.0
880.0
900.0
880.0
880.0
900.0
880.0
880.0
900.0
880.0
880.0
880.0
680.0
880.0
