600.0
600.0
920.0
850.0
1130.0
600.0
710.0
600.0
920.0
440.0
600.0
375.0
600.0
360.0
455.0
645.0
575.0
605.0
695.0
600.0
955.0
600.0
430.0
490.0
600.0
600.0
465.0
805.0
600.0
600.0
380.0
605.0
600.0
800.0
600.0
445.0
465.0
570.0
420.0
925.0
825.0
400.0
505.0
600.0
725.0
400.0
390.0
490.0
600.0
570.0
395.0
750.0
605.0
600.0
600.0
575.0
1250.0
490.0
600.0
605.0
605.0
600.0
600.0
580.0
680.0
490.0
740.0
600.0
635.0
425.0
920.0
985.0
750.0
600.0
600.0
715.0
600.0
665.0
600.0
630.0
600.0
600.0
465.0
610.0
365.0
500.0
605.0
605.0
805.0
805.0
710.0
610.0
600.0
885.0
635.0
490.0
520.0
550.0
600.0
700.0
