415.0
400.0
605.0
570.0
470.0
545.0
445.0
345.0
455.0
190.0
520.0
475.0
575.0
425.0
720.0
340.0
465.0
345.0
470.0
570.0
605.0
460.0
555.0
335.0
515.0
495.0
370.0
180.0
600.0
285.0
480.0
295.0
420.0
280.0
545.0
225.0
605.0
500.0
475.0
325.0
400.0
280.0
330.0
400.0
270.0
385.0
500.0
300.0
215.0
500.0
365.0
335.0
460.0
310.0
470.0
445.0
485.0
665.0
330.0
680.0
550.0
355.0
265.0
520.0
395.0
350.0
380.0
340.0
375.0
325.0
520.0
555.0
880.0
340.0
235.0
570.0
470.0
290.0
300.0
475.0
280.0
575.0
285.0
420.0
470.0
500.0
1005.0
230.0
525.0
700.0
130.0
445.0
205.0
400.0
410.0
440.0
415.0
440.0
580.0
530.0
