370.0
800.0
685.0
245.0
575.0
610.0
320.0
605.0
600.0
500.0
420.0
600.0
575.0
600.0
710.0
600.0
605.0
275.0
710.0
475.0
845.0
575.0
605.0
520.0
575.0
340.0
425.0
745.0
485.0
395.0
235.0
775.0
570.0
800.0
570.0
435.0
475.0
575.0
605.0
565.0
295.0
715.0
490.0
575.0
460.0
390.0
600.0
530.0
400.0
265.0
600.0
380.0
755.0
295.0
400.0
605.0
470.0
520.0
440.0
605.0
685.0
600.0
800.0
330.0
600.0
525.0
580.0
600.0
605.0
860.0
545.0
300.0
600.0
890.0
600.0
480.0
515.0
305.0
425.0
600.0
495.0
570.0
660.0
495.0
555.0
455.0
265.0
605.0
710.0
400.0
155.0
665.0
600.0
800.0
530.0
475.0
750.0
440.0
385.0
290.0
