235.0
190.0
130.0
320.0
265.0
380.0
200.0
595.0
20.0
80.0
245.0
170.0
120.0
40.0
175.0
115.0
180.0
140.0
260.0
170.0
105.0
100.0
85.0
40.0
155.0
80.0
115.0
500.0
275.0
95.0
190.0
20.0
150.0
115.0
100.0
250.0
40.0
155.0
105.0
200.0
145.0
250.0
140.0
140.0
330.0
175.0
80.0
340.0
165.0
65.0
55.0
80.0
140.0
340.0
370.0
395.0
165.0
75.0
130.0
425.0
255.0
115.0
180.0
90.0
60.0
60.0
170.0
355.0
390.0
200.0
380.0
240.0
195.0
480.0
10.0
175.0
65.0
85.0
110.0
370.0
135.0
25.0
485.0
65.0
345.0
275.0
280.0
60.0
280.0
155.0
520.0
210.0
260.0
210.0
25.0
225.0
240.0
420.0
210.0
210.0
