6.776653070002794
2.269383292645216
9.010868169367313
5.779624242335558
10.949683416634798
-3.8217185996472836
3.7579120248556137
-8.5906438305974
22.374952118843794
30.073242895305157
23.296301145106554
8.652419153600931
10.01224098727107
11.168998703360558
4.31771194934845
15.383016746491194
8.366957519203424
12.398317847400904
-0.160229854285717
-1.5822336673736572
-3.488191332668066
10.094597078859806
12.439618818461895
8.99027081951499
-4.622834667563438
16.443879947066307
25.433757912367582
17.16275618597865
5.513106096535921
-2.6471773982048035
2.4315229058265686
-3.1727342568337917
19.473102878779173
20.992710661143064
11.648768957704306
2.6323123797774315
-10.258940428495407
17.96586088836193
3.587935045361519
12.08897453546524
11.271395813673735
5.04921617358923
4.07489562779665
-12.316555634140968
19.89325000718236
27.98357317224145
18.699794478714466
7.159706719219685
-4.608853656798601
11.168307472020388
