142.1121901385486
144.3065694719553
151.03018322214484
158.00555993244052
148.71425364539027
147.38190181925893
145.5488855317235
124.92242135480046
180.53656957671046
198.1518603488803
164.51413881778717
137.25179731100798
158.1641535386443
156.2248603887856
135.90890590846539
168.79529920220375
146.347406309098
154.67678524926305
134.92304135859013
131.35541050881147
118.81088942661881
173.9375555664301
160.22121854871511
157.33214988559484
130.26918909698725
164.2899832315743
178.8560537956655
156.15318433195353
147.6330782957375
158.34388383850455
133.23082120716572
128.04195006936789
167.64845604076982
173.88900906592607
149.89941320568323
155.77367961779237
97.34939676523209
183.83982738479972
136.9365455210209
158.3614760413766
146.38413625210524
148.95912645757198
138.96836283057928
99.12464633956552
172.20961011201143
193.0103833898902
172.03754302114248
155.65884276852012
134.85414376854897
136.0931881479919
210.6747258193791
205.47868640720844
194.44264332950115
153.88207119703293
188.04486326128244
174.94739862158895
189.16010593995452
193.34917524456978
161.0839810371399
199.43996113166213
196.70680674538016
160.99371903389692
192.74004293978214
176.99075900018215
191.0541932620108
176.94416445493698
192.57207828387618
207.58217414468527
220.5327303148806
177.46642626076937
201.74038542807102
224.40826869383454
204.06799379363656
189.50199411809444
214.129619859159
170.37349270284176
162.12756941840053
207.45244090631604
209.3218286037445
200.81971031054854
193.25032040849328
280.27291882038116
147.84694232791662
244.97447815909982
183.47017603740096
206.33577884733677
191.4441078044474
180.26785392686725
173.3439030237496
189.35394334420562
166.4764854311943
200.46848045289516
270.47338067367673
269.91326942294836
208.61118184030056
280.5094985663891
227.69005488231778
202.51742262393236
175.10887121409178
198.3300384953618
67.79566875100136
65.6191037259996
53.9326713308692
64.91266786679626
54.08536161854863
64.77410594373941
47.096294056624174
56.611260045319796
64.71774802729487
62.99371498450637
78.7770316042006
64.78675779700279
70.13039642572403
74.12296872213483
63.864069391041994
78.62268402054906
54.21140173450112
59.08553195744753
74.97311161831021
51.954919673502445
78.54135945439339
66.30661031976342
62.865738578140736
67.77889631316066
66.89672282338142
59.18655786290765
80.43064999580383
64.06487932056189
53.69853088632226
76.19578720256686
66.30772630125284
73.22405264526606
66.00905356556177
57.60440397262573
70.7152447141707
58.07808331772685
62.96310715377331
72.49042965471745
62.75026507303119
69.79143433645368
65.79412565007806
80.56576530635357
60.20246886089444
52.86351351812482
77.77428681775928
63.54245404154062
63.19322920590639
70.23135989159346
76.41333713009953
68.86455427855253
53.49294972792268
74.48049603402615
68.20511588826776
69.57250966876745
76.15660537779331
92.65735476464033
77.54122677072883
80.11442282795906
90.09652675315738
71.90564658120275
55.99625155329704
65.21077145636082
79.65866042301059
68.50718792527914
61.456372398883104
53.974349182099104
69.96716108545661
68.6397975794971
70.16190258413553
84.11057610809803
67.87033649161458
79.19756668433547
67.57620284706354
71.14031206816435
66.3342757821083
74.87976328283548
67.21720715984702
69.32135331630707
69.02563307061791
64.57776866853237
83.97455286234617
80.50309458374977
92.99815487861633
72.49947036802769
60.57611370459199
65.68083443492651
54.60243024304509
72.69092236086726
84.83549266681075
51.007715955376625
65.293670874089
81.20070948079228
86.4522677809
90.39269713312387
81.8234912827611
70.53118136152625
67.5603850632906
79.92290185019374
64.15654378384352
95.35315491631627
85.77146237716079
61.65079863741994
44.648535665124655
71.90382891520858
84.3459230735898
79.39744514599442
69.58938843011856
80.15034839138389
67.793940782547
62.97930844500661
76.62819042056799
67.85374286025763
51.38303681835532
58.196590691804886
77.29489303380251
67.50008277595043
54.75894824042916
55.33385373651981
69.23147090896964
58.1456798389554
67.70704707503319
81.41648291423917
59.37500364333391
53.21950525045395
60.21826834604144
61.622339744120836
63.6444450058043
74.19285484775901
56.25149469077587
66.99894521385431
78.31233326718211
72.89784609153867
74.51073897257447
77.17890720814466
56.18764669075608
81.54180311784148
69.67955075576901
63.8936333656311
39.12609630450606
81.8619642443955
55.11549435555935
63.01440900936723
59.02822631970048
68.37904633954167
63.69243950024247
83.5136516019702
64.12836257368326
74.65309722721577
81.28229290619493
90.96885116025805
179.3323425464332
177.02497879043221
177.5736352019012
172.21658324450254
169.7147073969245
159.91459165513515
150.36968261748552
152.76480893790722
163.51349553093314
186.5700860247016
139.94814548268914
172.47484141215682
141.0968119353056
146.83704971522093
221.24148017168045
172.66457008197904
185.02303145825863
148.6368844807148
200.37521664053202
160.0273755453527
161.50494199618697
135.8694001659751
166.30991714447737
129.4425346404314
158.60038185864687
151.64631669223309
170.77491652593017
192.57184962183237
224.72363901883364
186.57766366750002
189.03104428201914
138.9146062321961
168.35465025529265
134.84936403110623
130.81287237256765
174.29113065451384
185.64179873466492
155.94180520251393
140.20840760692954
148.78209997713566
131.49334731325507
162.30085307359695
146.7826183103025
183.52302160859108
175.93349592015147
151.30260375887156
164.48219440877438
136.67097700759768
157.9432566538453
182.48791256174445
79.39594694599509
72.25271488726139
94.4123557806015
46.552647318691015
74.47171289846301
59.65243922919035
74.61497623100877
74.43339622020721
89.23753079026937
80.98267128691077
73.76811785250902
68.2681685499847
92.23198971897364
82.23846200481057
76.65897328034043
73.75634202361107
73.69127276912332
79.60661303251982
75.11450561136007
59.76053204014897
75.36021970584989
95.30822951346636
92.69520351663232
87.2801844291389
72.73067597299814
70.16742430627346
79.73102946206927
74.47881551086903
89.74223693460226
66.6517080925405
92.77430584281683
78.79020269960165
89.4021486081183
76.78273180499673
71.98811562731862
76.638656552881
85.38960405439138
91.54167680069804
75.47146724909544
92.8385794237256
62.89316054433584
83.66185903549194
75.2984502017498
71.84602298215032
70.59227975830436
70.24721051380038
76.28736992180347
77.45116869360209
69.61790725588799
81.28998249396682
110.07513727992773
104.12646788731217
136.64521560817957
175.19861271604896
157.59454563632607
145.18189272284508
181.4130419716239
128.66212935745716
178.4184839837253
170.95787965878844
134.8149843327701
155.44653357565403
168.60604201629758
207.71444216370583
83.39240154251456
139.04323137924075
110.58847280964255
183.7080918252468
147.9428081922233
116.60665702447295
123.63886276260018
152.2306708060205
158.20004825666547
149.16890463605523
122.6758578941226
189.2603753209114
145.73116591200233
151.99493301287293
140.31281378120184
143.96232674643397
169.67053427547216
146.51381679996848
140.7522309757769
148.2244182676077
185.8047988191247
152.64672426506877
129.9178572818637
121.83111961185932
163.26191244646907
161.87258850038052
144.8087237738073
165.2472104355693
108.35146520286798
159.7822259441018
148.40271304175258
175.02875289693475
182.7696701399982
126.61922664195299
150.5085368528962
152.84173127636313
76.34703280031681
96.93118716031313
97.36140662431717
72.32858046889305
107.21062010899186
93.2631748020649
79.97417827323079
103.57472147792578
101.62996857613325
97.19656185805798
88.21458207443357
80.99512707442045
95.10009378567338
87.01866548508406
88.17005387321115
108.53279665112495
78.21765648946166
93.77513083443046
97.29141488298774
72.70746697857976
80.3968043513596
77.28361505270004
71.56192314252257
95.50825221091509
96.6512785628438
95.39024364948273
113.42135355621576
101.3727070465684
111.7523396089673
113.2270685583353
98.53959234431386
84.7346458658576
105.0006911456585
89.26894523575902
100.90639931336045
86.72571375966072
72.49929137155414
82.02557072788477
106.56569923833013
83.21607846394181
94.04031850397587
110.10050657764077
84.14630557224154
79.58694202080369
73.32455687224865
132.77789559960365
86.75226256623864
78.96654370054603
103.87152217328548
92.51118022203445
89.39468170329928
88.31754414364696
63.45678764954209
73.04908496141434
89.14105799049139
75.03889935091138
76.93092855811119
76.37448035553098
76.38034098595381
63.42728619650006
70.9745271615684
73.86029487475753
72.68874836713076
92.33423990383744
88.63569450750947
93.36369082704186
85.43946615979075
100.09949535503983
48.828700579702854
97.61412734165788
98.3773159198463
83.78615956008434
86.60051408782601
95.87924052029848
73.67487929388881
62.596683852374554
77.28402177989483
82.20193521305919
79.2085279263556
69.51492473110557
89.55972332507372
79.25086518377066
82.98622819781303
82.37624828517437
84.25444233044982
66.83798146992922
60.63051267713308
79.70922130346298
74.63906290382147
71.15640071034431
79.73823200538754
95.44090259075165
85.92673403397202
58.899642158299685
66.25661366805434
68.13048143312335
83.2076636441052
71.80334271118045
95.05177379027009
76.79272554442286
253.56474805623293
269.54814138263464
194.20279479399323
188.61360999569297
243.91381226480007
207.6559681482613
163.77915792167187
230.13335564732552
241.97680051997304
258.342946536839
275.39583273231983
251.395786896348
206.46909514069557
208.01592457666993
210.32445115596056
195.7358613908291
210.65429056808352
228.69913795217872
207.14133809506893
250.1022024154663
254.24304981157184
242.26350842788815
166.47508820146322
228.8308736346662
214.33215304091573
210.8112033009529
232.93955333530903
165.03985465690494
231.017862316221
224.78772823140025
217.51353209465742
172.81146726757288
267.3493063636124
285.69043588265777
252.85071585699916
241.90097323805094
201.83904023468494
214.00759638100863
222.59884801506996
259.5861364044249
173.3325999341905
269.014246635139
326.77846209704876
195.23583606630564
207.9252804107964
149.2538129799068
230.17253436893225
219.83217684552073
167.78089074790478
196.822959266603
155.7451001740992
191.89724558219314
174.12011650949717
152.37569485232234
181.68385371938348
170.524587046355
142.07649163901806
117.28248977288604
146.88824731484056
192.72259105741978
139.11104549840093
197.9126062169671
154.30888062343
183.26841912418604
132.8302054554224
161.2877314016223
134.22084127366543
124.87264792993665
207.85627201199532
185.53404039144516
149.1414455883205
138.22420570626855
166.59042912349105
160.79514271765947
193.45066644996405
151.31061178818345
170.9288220591843
170.56443894281983
129.59800393506885
204.91610201075673
160.43965969234705
175.93541592732072
135.28661595657468
178.6327824294567
168.12233879044652
196.4219292961061
120.53247767314315
152.81699930503964
166.27780847623944
137.64952595159411
170.22053311020136
138.2803141772747
126.70369206741452
179.68179915100336
130.15813398361206
151.9154349602759
142.44361102581024
151.2894606180489
159.7835913039744
192.61181559041142
70.03143220767379
59.96009375154972
60.60488631948829
78.3194517083466
65.75516183301806
70.05088407918811
77.67281073331833
71.78620110824704
50.74136622995138
64.23141246661544
57.178297594189644
71.72890102118254
62.401122242212296
48.19453023374081
62.17464207857847
62.9226023927331
64.25337221473455
65.10300904139876
61.011452719569206
52.080855049192905
59.14490269869566
68.19328271597624
75.70307368785143
64.50380306318402
53.34948977828026
81.2165340334177
63.24131627008319
69.44930912926793
65.64296200871468
51.83589206263423
59.84499719366431
51.97305516153574
86.47859131917357
51.069157265126705
77.49671294167638
67.41823906451464
48.74759067222476
61.27802827954292
47.9694809615612
59.81083258613944
63.271507669240236
67.26081803813577
45.8114936389029
64.76847622916102
57.06652932986617
65.58742610737681
96.66615284979343
57.24132337421179
79.4720850661397
62.68929546326399
126.27462665736675
141.56733587011695
114.51530247181654
111.68463505804539
142.64919432252645
165.29546831548214
150.6836493089795
152.66210322454572
119.11363188549876
108.47842302918434
91.11514126136899
139.2769200503826
116.58313965797424
104.63490172103047
125.81214753910899
113.14242293685675
132.49942123144865
92.6706964597106
141.75942559540272
94.8157866038382
112.74093287438154
93.29731173068285
152.6172460243106
143.39869571104646
116.19794914871454
102.38678062707186
133.1622009575367
114.481877759099
117.25145122781396
129.58744902536273
142.14679058641195
130.98319129273295
119.53331757709384
136.3943350352347
114.15988259389997
126.88194526731968
119.91385057941079
109.53946502506733
112.54596833512187
138.38865132257342
109.3680995889008
150.59221759438515
109.27703119069338
172.18413665518165
145.4018177203834
127.88515533134341
143.8386357165873
90.11743897199631
165.81117579340935
110.28998275101185
96.28478246182203
121.43982660770416
126.93779766559601
126.8750914670527
171.01010248437524
168.83715488016605
131.9347886517644
143.3564486168325
137.45853984355927
116.41504147276282
130.25929599627852
135.7019293382764
136.02737423032522
131.93047012016177
128.99840750917792
108.27688214182854
154.79500472173095
129.71354003623128
131.0559708699584
121.514294244349
93.91703894734383
119.7356985732913
158.79700582847
132.6810777336359
131.18314070999622
121.99022551253438
148.35759291797876
146.98347794264555
117.57832621410489
147.7297298014164
138.2444489337504
110.65436957776546
130.0982603766024
99.13511080667377
127.83202540129423
110.79610104858875
151.39977164566517
123.9426590166986
125.8533400669694
76.79380620643497
127.29412779211998
154.04906231164932
143.16922172904015
83.32160361111164
130.2341913729906
140.6998764425516
137.90989554673433
121.20026144757867
135.48435189574957
145.62138620391488
89.25477481633425
111.43807842209935
105.4569783769548
101.95030483230948
121.46874154731631
119.00466860830784
103.6366383060813
86.97931068018079
112.67109639942646
94.35927521064878
96.3000819273293
127.89011090621352
100.0761244930327
75.98290251940489
84.21276480332017
72.38580095395446
106.487169444561
94.64956158772111
86.39424677938223
108.32093945518136
111.13233774155378
93.17056392133236
140.2818221077323
92.40133227780461
83.1661161147058
110.00552731379867
93.11112152785063
123.45911367610097
108.77926602214575
77.23214747011662
91.07541492208838
109.20690382272005
131.41773771867156
101.64819226786494
87.49373099952936
88.94368885084987
111.72443361207843
93.55537295714021
119.50136547163129
121.7018670104444
111.59138103201985
106.42292285338044
90.39407773688436
103.9167488142848
116.16476776450872
122.14227617532015
103.94408789277077
103.15132431685925
73.58345349133015
69.285092163831
99.07867432758212
107.04133130609989
122.70634396374226
150.72624057531357
95.84766390919685
182.25536331534386
129.223758418113
102.47150990366936
137.736627522856
195.21983456611633
135.4706948325038
141.57402757927775
151.66031044349074
110.81807607784867
133.15082844346762
189.9125277735293
115.55667581781745
116.2685260027647
131.89452835544944
120.74329178407788
175.71981896460056
155.41891468316317
73.66036900505424
163.17781765013933
132.53420279547572
152.09240767359734
156.78413470089436
148.67125231400132
161.6134581938386
142.24186676740646
166.08123826235533
179.9183074310422
174.37012941762805
161.48430755734444
206.50868701934814
161.3086870573461
115.88086806237698
124.9230902865529
180.35049210488796
139.99291808530688
155.58329519629478
187.13243040442467
149.09096879512072
144.90314066782594
205.2807691283524
163.27361477911472
138.3609240576625
111.4269526898861
167.8362059444189
118.60288292914629
82.25577448680997
61.164723075926304
88.8078324124217
76.34798641502857
91.33505406603217
69.87584765255451
88.86314237862825
78.65021669864655
88.79166726395488
96.07917800173163
98.52188668400049
76.63268717005849
75.89259075000882
81.05661132186651
76.95377871394157
78.28940253332257
84.8894165828824
79.1174559108913
78.32076377794147
75.6464781537652
90.64469653740525
78.78151886537671
81.79779975116253
72.79001824185252
87.1340573169291
81.72292145714164
94.8097355440259
64.83504829928279
88.5644843056798
85.56985444948077
82.20278842374682
80.01624293625355
83.15261048451066
85.53774506598711
79.8155759125948
72.34768476709723
85.2445919290185
73.95416583120823
76.1909036450088
106.99198045581579
78.84270319715142
84.29661508277059
87.33809933066368
91.1500766389072
80.10605201125145
67.06084367260337
91.54278387129307
85.32138523831964
88.52214809507132
67.13988782092929
182.15997361764312
163.31390599906445
78.3125645853579
135.24580488726497
129.35559165850282
128.3272917047143
127.76265572756529
143.2960144802928
144.43801340833306
143.2159785181284
149.61343613266945
158.56242067739367
160.0003507696092
130.8703636713326
98.52703274041414
179.69102657958865
173.9275859594345
164.13128711655736
154.68766842409968
117.94369921460748
134.10434487089515
104.23153641447425
168.25340316072106
110.54637118428946
183.06651752442122
128.93470127508044
125.69008348882198
147.7112109810114
125.29869819059968
183.27930722385645
126.15841030329466
115.63361504301429
147.03644602373242
118.56950399279594
152.1293411590159
138.85526528954506
113.40389546006918
108.08972140774131
125.66317547857761
109.01669908314943
158.6016816869378
160.4129581488669
160.88237004354596
156.1900504231453
149.74876718595624
147.86614252999425
111.2893555611372
133.40053809434175
149.94699908420444
139.01426631957293
138.8345096297562
155.52603942900896
112.93178780004382
141.19035720825195
129.17977057024837
151.8676179535687
147.86492820456624
129.43531376868486
112.57072835788131
102.61044724658132
164.78991286084056
160.56508346647024
161.06190184131265
139.31957842037082
182.20728658512235
156.26386845856905
161.95433313027024
126.87883005291224
134.362786360085
122.15737595036626
139.5404392182827
140.10501294210553
146.11971220001578
161.29917784407735
173.31710789725184
159.55279709771276
130.01210490614176
153.36558755114675
132.2315771766007
171.16590862348676
142.88564643636346
159.67545916885138
117.03619073331356
178.915781352669
162.7160221338272
98.10443418473005
138.68016657233238
154.03997476771474
144.07134194672108
164.11380634456873
179.12023477628827
186.2407645098865
135.01004616171122
159.9202110916376
152.22729708999395
136.4606052301824
136.84321509301662
122.19198352470994
140.48907289281487
128.55995508283377
199.4513840712607
204.93249259889126
177.1921895854175
111.31209470331669
195.10165495052934
195.70938696712255
148.97290351241827
222.68566477671266
161.14891801774502
154.01410119980574
209.32174880430102
231.1413141861558
233.3426588177681
163.60609850287437
218.6471817716956
247.74061062186956
188.52901623025537
132.87764716148376
197.19182316958904
119.93975372612476
213.1361032910645
181.80013915523887
127.92028453573585
207.09506746008992
168.92502308636904
236.6430866792798
236.20411901921034
129.09882482141256
258.09516870975494
201.76049783080816
232.9143876209855
189.91219704598188
205.0358542613685
208.23552706465125
199.79754753783345
174.53543382138014
179.7435312755406
227.95010217651725
231.1351848617196
230.53886199742556
173.50649581104517
187.75852478295565
220.09078458696604
233.77477396652102
223.9340213276446
163.76677354425192
154.38230537995696
231.2961539439857
248.0108882598579
214.06242816522717
68.07266938313842
75.07096789777279
65.11870953813195
60.819714799523354
57.632910907268524
55.73601409047842
81.83941029384732
65.68569859862328
70.6231972463429
51.63731412962079
88.53031273558736
56.30333987250924
66.78815941885114
59.85514176636934
72.77867418527603
66.43312617391348
46.233242854475975
73.36053067073226
54.402574334293604
64.38157468289137
63.55254228413105
72.55140794813633
50.212562777101994
69.16801841184497
57.124764166772366
60.3437880910933
48.395499903708696
77.24856049567461
97.49005652964115
75.4287331327796
51.19962637498975
70.36215023696423
50.87184413895011
47.29284816235304
65.64897229894996
50.00017402693629
55.79985026270151
61.6601275280118
63.018945939838886
53.24510786309838
84.61242114380002
55.4711971655488
68.26872773095965
52.67641679942608
56.45699180662632
72.60490710288286
66.24878749251366
75.54711885005236
51.834278739988804
65.20407751202583
47.81707715243101
74.16925990954041
62.67853909358382
47.76784700900316
64.1974047087133
73.04773185029626
69.46612041443586
35.25117094069719
42.817605439573526
57.58212301135063
51.448771834373474
64.87797840312123
51.017880626022816
61.92652849853039
52.08092699199915
62.83281096816063
73.51175289601088
66.44896188750863
71.09945103153586
77.76220855861902
63.458616867661476
72.99594213068485
46.99916386604309
54.015856966376305
55.274982538074255
40.10392948612571
59.535412441939116
58.607243340462446
52.8734557852149
59.77168006449938
66.79035602509975
59.136768128722906
68.19730040803552
69.58643110468984
59.85685696080327
47.52768862247467
73.11897461488843
61.3479995764792
49.97414552047849
57.941906686872244
41.11188568174839
65.82514040917158
73.4507214576006
70.70464492961764
52.29042239487171
60.12000398337841
65.17113081738353
45.347547236829996
50.09846018999815
57.28805639594793
102.34690064191818
87.66245153546333
98.96171839907765
128.42679685354233
89.6590545848012
102.04274705424905
88.01482124254107
84.37395901978016
124.0740028731525
134.02429800480604
95.32044015452266
119.43852291628718
115.38978593423963
75.35278414189816
120.80466151237488
123.29170973226428
118.59806313738227
93.00091744214296
105.20674136653543
99.92452051490545
120.94563553854823
125.79183063656092
137.52994741126895
114.06743973121047
117.35520033538342
91.88784864917397
92.93662459775805
101.82793750613928
93.19660479575396
119.2647658213973
130.7270761653781
115.75911216810346
78.18155463039875
112.29721238836646
107.09208611026406
133.87546548247337
120.29075464606285
104.05724604055285
108.71495187282562
140.6395728290081
80.45125177875161
104.65563235804439
87.9949010014534
105.6449819020927
95.29558768868446
129.89729038625956
142.7594223022461
106.53737940266728
113.83714987337589
114.1626450046897
200.1222378127277
165.24223192036152
191.2349990941584
153.00122142210603
212.7499961592257
209.40168830379844
156.01085176691413
136.01739494502544
123.18536026775837
204.28447979688644
213.19366212934256
173.56694585829973
195.61692178621888
200.4769983999431
169.39162706956267
177.29327354580164
179.23048005625606
177.75904804468155
188.89367643743753
172.2539948746562
173.94435103982687
171.39490150660276
177.85933749005198
154.06758545339108
217.02313231304288
181.26447229087353
145.0698559768498
227.69005250185728
233.58176866546273
218.55374076217413
170.84279642254114
264.4567272141576
154.61953541636467
148.54022646695375
179.54810820147395
201.5468698889017
177.67617448046803
191.6031973771751
182.90942153707147
192.70860838517547
229.37239299714565
207.60997054725885
140.3886982500553
174.15582462772727
192.28809168934822
207.64843701943755
244.94846162945032
188.11148558557034
172.24811733141541
167.68316869810224
75.96617263555527
105.93613923341036
104.20333737134933
105.70927009359002
108.09544946625829
122.97080235928297
102.50883619859815
102.4613308981061
136.84527938440442
91.61623436957598
106.7708800919354
82.29996082931757
86.17619313672185
118.95005246251822
93.22978157550097
114.94843252003193
121.02785046771169
97.73974139615893
125.45728681609035
83.27232704311609
119.31048198789358
71.83238317072392
102.10473853722215
101.48235016316175
119.90294309332967
107.25087489932775
88.11639256775379
104.01361579075456
105.60440111905336
77.22716297209263
146.81046983599663
100.9525597281754
137.31919608265162
114.88344229757786
117.75508629158139
105.83609482645988
95.09827131032944
111.78372071310878
123.58477588370442
119.48253348097205
117.46920070797205
100.11927389726043
128.24863075092435
97.22029007226229
94.77590761706233
125.35899261757731
96.70458283275366
118.05994627997279
97.78611670807004
96.34092038497329
123.06038016080856
87.81043454632163
100.58513802289963
88.87615913897753
134.50024490058422
95.93819831684232
106.76184079051018
123.92210956290364
113.7554035782814
112.85444161295891
94.45007171109319
120.90890583768487
140.00990538671613
158.29611275345087
139.37635391950607
96.97969253733754
100.63193376362324
80.49144346639514
112.14149495214224
101.49824258685112
82.71331895515323
98.69157753884792
106.7835519388318
144.87751173228025
118.13189102336764
75.79174590483308
86.84171803668141
101.57866501063108
111.21914326399565
46.21293618902564
92.04069311544299
121.551673296839
113.68918589875102
148.06290354952216
124.04258154332638
123.02282497286797
130.91432094946504
123.18960237875581
103.69094118103385
87.00524467229843
138.94413412734866
116.53371149301529
105.76001539453864
87.73237509280443
101.12624356895685
125.35549154877663
70.76065564900637
120.3221840262413
126.77447373792529
89.63008572161198
118.3945468775928
120.37200686335564
123.83207382634282
94.8777573928237
121.97555910423398
104.21465729549527
127.76656293869019
125.94951609894633
95.90314254537225
102.8410300500691
102.2322857528925
114.78108431398869
117.77578433975577
142.95470117405057
122.08740721642971
117.13364121690392
97.69438546523452
132.3884965442121
129.79107590019703
132.33442352339625
82.86456622183323
108.47135804593563
108.8364641778171
89.44148366525769
95.64059020578861
116.75901995971799
95.71980321034789
109.85906783118844
128.52062157168984
106.42652602493763
129.6557143293321
112.75675113126636
111.71099374070764
126.10480009764433
139.5992523394525
86.32182715833187
110.27786009386182
112.64534125477076
109.90022551268339
106.73241424560547
123.33958953246474
107.06560312956572
132.33005691692233
129.15381095558405
96.46535305306315
101.87573105096817
106.49063851684332
120.91745425760746
110.2993250824511
107.68529666215181
278.88037106767297
261.5785986222327
194.92461838945746
238.39665821939707
199.86372043564916
261.1208257600665
284.56763806939125
281.61635906249285
290.4864828325808
228.14014869183302
227.7589026466012
262.23861899599433
262.5519775375724
267.34819753840566
188.61421013996005
217.24557470157743
230.1629013903439
272.2801953740418
233.53814520686865
163.53471752628684
243.96652431041002
262.27687104418874
238.47955417633057
249.1529913060367
171.03805479034781
314.3761746622622
253.36639061942697
245.90176518633962
233.99904571473598
277.58008835464716
276.4448828175664
202.83630396053195
181.69080692902207
183.67697232589126
273.83720099553466
248.6093025431037
216.13737470656633
279.70024920627475
243.868666511029
255.16048142686486
265.65189557895064
267.52243838459253
250.03602531552315
250.39012763649225
249.63529293611646
234.56380308419466
186.4183611869812
224.36724488064647
210.05346674099565
211.46791622787714
109.07941730320454
96.13774368166924
62.80370479077101
112.37912751734257
79.14113963022828
103.6013743057847
81.1723637804389
89.05288599431515
90.57909533381462
89.80523839220405
89.77754190936685
138.65435990318656
127.24947678297758
83.70081377029419
89.23417273163795
93.53759345412254
100.20592373237014
99.13644215837121
75.34993734955788
86.50796777382493
112.5263388082385
112.628412745893
92.03978400677443
102.53381725028157
102.70316400006413
86.82886378094554
91.31541424244642
93.35318974778056
82.18638888373971
100.96461610496044
84.5602042041719
99.90388783812523
92.12941588833928
92.3393958248198
100.1846731081605
111.67332649230957
89.34729966148734
130.8860532976687
94.90453903377056
96.36626422777772
101.84383099898696
117.80612622573972
88.58813511580229
75.87256921455264
85.4466272816062
89.7159524448216
124.56817467883229
98.2099509909749
100.44087846949697
91.65888471156359
172.58390514180064
128.34123169258237
174.81621852889657
147.2058651931584
132.83999893069267
142.07565235346556
137.93568719923496
151.89375577494502
156.53364319726825
131.3611421957612
130.1837777234614
150.67568238452077
185.37217292562127
168.66184665635228
137.21267429739237
142.09915470331907
124.3249955587089
157.88459250703454
132.93472493439913
159.25031019374728
138.9435708001256
130.14853398874402
153.15793681144714
132.30061315745115
155.00394000858068
189.36767487972975
160.8236006833613
165.14595536887646
125.43270491808653
146.67201280593872
143.11871418729424
162.45638332143426
155.27935083955526
198.3638515137136
159.62781303748488
153.6329723596573
163.9958446137607
166.14221426844597
167.07674473896623
145.83300092443824
150.00417397916317
155.22898874804378
109.72705332934856
152.25911070778966
164.4993924461305
114.43498605489731
122.34931196644902
132.32626759260893
146.21530187875032
137.4129793792963
149.14655316621065
163.9845575876534
152.68473026528955
158.5406907312572
165.57912566885352
141.1495654322207
178.92378832027316
148.00499879568815
184.9237446114421
146.02010605484247
147.84515174105763
142.63729363679886
146.39814284443855
169.96309608221054
198.47965055331588
147.54803312197328
135.54129062592983
144.74682949483395
150.5753780156374
152.22102323547006
145.22391325607896
136.5327563174069
165.44168903306127
186.13838724419475
159.6248683668673
155.19493729621172
220.55400574952364
156.43565588071942
148.86622381582856
165.65447498857975
179.85542569309473
117.48121524602175
161.99428711086512
117.1186914332211
151.55639375001192
163.27011323720217
162.44205778464675
134.29376270249486
118.7631954587996
144.37131125852466
149.61614010110497
164.2749493420124
110.85845317319036
168.6336118094623
199.63744742050767
121.50678798928857
154.96118353679776
147.71028948575258
168.8013856075704
152.28258242085576
106.86077263578773
111.74887737259269
100.74197069555521
143.54005232080817
121.32777621224523
131.92869305983186
86.31415889412165
130.81635727733374
109.26149765402079
123.66268454119563
149.6876982115209
146.7121769040823
132.97444131970406
128.48051267117262
104.77073248848319
129.58768511936069
113.0484451726079
143.04113848507404
117.81473523378372
106.07093653082848
143.05645339936018
86.75108343735337
103.86315403133631
90.90519750118256
107.41226691007614
121.63839475810528
118.53799533843994
93.1819638684392
115.83455872908235
75.11208598315716
119.65921514481306
107.91579293459654
89.87385585531592
111.06100756302476
105.07942220568657
110.92935998365283
137.93063689395785
107.19599420577288
126.5917936488986
148.2635823301971
112.35957460477948
104.69130469858646
134.13769309222698
83.68316414579749
114.45937230065465
101.31167137995362
125.49906222522259
129.452296923846
126.83297683298588
106.87497963383794
186.89450915530324
148.78157106414437
155.42343931272626
189.18843527138233
163.3330425210297
139.73285577073693
199.64834756404161
157.58743211999536
154.96489737182856
129.430888812989
157.988713812083
165.85248888283968
154.63202619180083
161.22530906647444
157.45838683471084
191.04243464767933
178.83445774391294
203.65196393057704
194.31988406926394
140.69876478984952
183.2127458639443
165.5990294739604
166.8323244228959
141.86434024944901
136.93036986514926
199.56388292834163
195.0723284818232
137.11887070536613
123.41750974208117
127.24030451104045
154.85482342541218
149.02484638616443
155.73804400861263
168.28443054109812
169.01863341778517
184.73064967989922
138.3229393362999
198.50125757604837
155.9992669634521
131.1052797473967
137.15971406921744
166.2287731692195
145.77717453613877
141.5478918403387
176.13542675971985
156.12269968539476
164.70677661150694
134.1016334593296
209.64400263130665
167.8132672533393
125.09565910696983
130.5361947529018
139.7483210861683
135.61081452667713
136.0578711591661
145.86927346885204
126.522287607193
118.61972226575017
132.03830134496093
95.86731895804405
135.4074837230146
150.19492549449205
122.34119283035398
100.8466295786202
102.0307909809053
128.57950619980693
90.18290962278843
115.7286378107965
147.00793470442295
108.48956614732742
126.41021617129445
138.7421747855842
109.09473790228367
122.11364286765456
92.1990298293531
82.44554039463401
108.81848955526948
121.24926105514169
133.94674694165587
153.99975287914276
123.04608891159296
108.4280725903809
99.59786643832922
104.5765130519867
176.7777409106493
108.51232172548771
135.5723521709442
121.05183555558324
136.4280228279531
124.2884546071291
99.03610008582473
116.96355905383825
129.05547212064266
151.61253015697002
115.82034977898002
130.5912292189896
108.9981286264956
136.01512383297086
132.45827041566372
107.3834462761879
178.73931570723653
212.21432358399034
183.56389812380075
165.72107341885567
248.52620213851333
186.42812597751617
262.44472713395953
147.44003450125456
214.22938630729914
193.82597768306732
238.26220020279288
177.9841516278684
147.60643614828587
174.03377809002995
235.76894365623593
142.51127446442842
149.71653228625655
185.35338650271297
156.38692505285144
199.13252844288945
222.59187804162502
153.802699662745
205.86614299193025
157.57302872091532
175.91381641477346
215.77035690099
181.99246311187744
183.99686492606997
167.927092730999
184.77136623486876
169.16170252487063
218.457719899714
203.87383592501283
207.78187261149287
162.90432998910546
206.20366987586021
209.27461962774396
138.8113057538867
186.66370850801468
187.0862703435123
167.00917891412973
221.95504549890757
192.30267852544785
193.2318964637816
136.3098322302103
174.0790284946561
183.51143861189485
149.1703409999609
168.72585706412792
177.41982892900705
60.83145050704479
62.56181683763862
53.45862367749214
48.36287720501423
60.54379058256745
47.85029197484255
53.009115640074015
53.75888876244426
67.06924456357956
55.68519612774253
58.38864842802286
45.99893310666084
78.72942269220948
48.8441805280745
54.911501467227936
50.930085852742195
55.82103323191404
55.05913620814681
55.56313432008028
38.65563916787505
45.79479032382369
44.63623745366931
37.45015715807676
43.270708587020636
58.92889290302992
40.39370575919747
65.27841118723154
43.39736073836684
43.93886823952198
46.22357089072466
43.780540358275175
22.72082132101059
38.77606696635485
54.410902950912714
39.75217039510608
58.796719156205654
57.93564173951745
74.16489191353321
50.34328310191631
45.72197442129254
43.26422759890556
58.0076153986156
57.00548630580306
42.1948170773685
46.05129070580006
56.2980572283268
54.353048995137215
67.09802407771349
38.84216262772679
49.10445700958371
49.186895210295916
54.10136962682009
58.220350723713636
57.383585676550865
59.05783848837018
55.493729550391436
49.235264860093594
38.30185663700104
39.31906160339713
42.23604556545615
54.30354777351022
53.84591230005026
46.28722461313009
36.27289158478379
44.38169280439615
63.583521399647
48.85288382694125
39.159754015505314
51.01386350765824
67.33780791983008
63.090784788131714
67.58060975000262
59.737700931727886
41.29394070804119
57.72047846019268
44.777064435184
38.88786142319441
51.42895723134279
72.89494888857007
61.738093469291925
45.74985779449344
50.45906260237098
27.859408900141716
58.55362267419696
52.23354146629572
66.70838977396488
43.37005978822708
37.24536835774779
58.99006547033787
46.07736963406205
53.84788275882602
46.21627749875188
38.58757517486811
65.8762379810214
45.50348426774144
62.66434870660305
57.43515485525131
36.20929419621825
62.76525404676795
37.239453352987766
269.4231109917164
283.046175993979
292.20886370539665
257.4817229732871
227.5187803208828
272.22446302324533
257.4567857272923
264.77523202076554
235.53356168046594
209.4503606148064
211.21234231814742
288.8168117031455
250.98422234505415
300.37061903625727
199.40729124471545
201.4077172242105
265.2277331314981
310.7628869637847
216.61713763698936
296.7991973645985
289.4602807685733
221.66004464775324
248.14396146684885
311.1335826218128
262.23078920319676
279.31880516558886
296.03591329976916
258.71961664408445
201.29284333065152
258.07691064476967
244.4248455427587
242.8040052652359
238.39114709571004
192.95000981912017
309.9349442869425
231.37698516994715
260.13562728464603
259.0859276242554
288.8652092665434
284.071470990777
247.90845808759332
266.2519236691296
284.4438781552017
251.1383125334978
315.8093063980341
222.36063919216394
177.66693145781755
274.7915031462908
239.34304143115878
205.34882925078273
114.04467123001814
167.26639629155397
118.89348836243153
174.2449756488204
153.42499504610896
121.30037094280124
162.85614939033985
154.58869745582342
146.85563838481903
129.79890229925513
139.98764973506331
122.04166646674275
142.2956794090569
115.34772657975554
148.06587785854936
154.23861202970147
143.3421413898468
142.94158710166812
131.05240591615438
124.8628792501986
136.64032382518053
160.20224444568157
105.69142093881965
170.6100956685841
165.69717203453183
158.14681850373745
175.12934912741184
138.08300582319498
188.5580855756998
149.4517237097025
132.80355931445956
157.48174418881536
152.3621871471405
149.58544347435236
137.35799350216985
123.36053966358304
148.92143601179123
161.84073002263904
107.30096012353897
135.6331953778863
159.88730347156525
135.06921817362309
118.04000732302666
154.8457815721631
132.64454935491085
123.09249995276332
121.7342734374106
154.84676262363791
103.84190217033029
164.0845513306558
152.7151775509119
133.7912978939712
111.82825069501996
124.59443147853017
111.20119884982705
163.0593226440251
112.97681379690766
119.35614846646786
92.95879018679261
99.73589837178588
165.91735913604498
115.75124910473824
121.58840448409319
118.91436959430575
108.84055492654443
130.44288001209497
115.19358976557851
130.83014041557908
121.86617749556899
102.9408589862287
117.89368958771229
119.38904321566224
117.72250166535378
133.4638015292585
110.00879775732756
169.87861140072346
115.91389261931181
137.07852225005627
122.38387849926949
150.22448625415564
103.68382801488042
142.19110636040568
138.5395328141749
144.12280913069844
138.57087897136807
158.8350081332028
112.1457703448832
126.72059769928455
167.4258238300681
91.09560353681445
85.8901014328003
159.65805402770638
138.7882874980569
107.19926344975829
148.53094374388456
137.54377222806215
112.19110062345862
144.52379237115383
125.87256187573075
156.15459709614515
78.92728080227971
71.28711040318012
80.67625755444169
71.42045172676444
88.01506266742945
76.27611838281155
72.10921376943588
68.10165095701814
84.72663703560829
58.4613773226738
82.47666428610682
70.93544840812683
81.76647098362446
77.1896730363369
90.8121557533741
92.93534545972943
85.16335600987077
87.31086225435138
102.06078507006168
70.84405862912536
69.8009300455451
80.36041915044188
74.5014638453722
67.60710769891739
70.23757585510612
50.32022853940725
68.46555388718843
68.21540841832757
72.36359278857708
59.11290495842695
75.92247012630105
76.9188704714179
88.11664791405201
74.28690648823977
79.26503172144294
65.12705507874489
72.44105399399996
72.48904859274626
75.70067704841495
58.57195082679391
70.94546871259809
65.61162815988064
75.1802873313427
89.7075732126832
61.85218392685056
79.76581361889839
81.1089101433754
74.80340336635709
65.17638429254293
64.33094399422407
219.81955809891224
213.7853073142469
213.81709200516343
203.3837723955512
178.03432491794229
163.8987426944077
141.00425320118666
176.66990391537547
197.14214016869664
253.32152922824025
227.08071801811457
263.10146433115005
208.56485402584076
178.97111240774393
217.3003726899624
183.32677933201194
214.43473652005196
253.19415738806129
219.16654800251126
206.49957389384508
179.1061998642981
201.49647047370672
188.34746856242418
259.0254945717752
203.87531167641282
202.0604093298316
201.7795392870903
199.9892087355256
248.94688345119357
188.50741155445576
185.6144508868456
193.470379229635
225.8119704350829
133.8331095650792
211.6508224233985
200.75851890817285
166.7026075311005
231.59515571966767
131.33930646255612
179.4357839897275
182.92371017113328
171.6174507252872
171.07099739462137
157.95459016412497
175.72217439115047
224.12448026239872
164.89275646954775
180.99555402994156
164.28060326352715
236.716590706259
110.76913802325726
122.76523467898369
130.8850728571415
113.66659657657146
108.43966841325164
162.15724808350205
125.25404524430633
100.98293666541576
113.75927228480577
133.17999401688576
117.72388034686446
128.12170434743166
149.78866187483072
109.21605381369591
119.25408381223679
116.79789826646447
119.1754204891622
123.19467708840966
154.22956878691912
136.29707946255803
108.25515269115567
130.82632648572326
154.59169432148337
117.71724413335323
116.93180494382977
145.3886384256184
109.78573240712285
119.7254280410707
109.61698492988944
89.49878301471472
143.04311089590192
130.42145923152566
122.00605479255319
132.34387034922838
113.26227701827884
109.77706982567906
112.65223901718855
158.36185651272535
174.1474823281169
100.83434885367751
131.26116174831986
149.50349259003997
137.1984698884189
111.93265661224723
135.06385318562388
121.02065322175622
117.64750242605805
145.89681462198496
105.08282373473048
100.49474276602268
181.43353612348437
167.70355154201388
157.23142575100064
168.45624680444598
160.27775349467993
100.80648895725608
164.9561143219471
142.27938870340586
126.79573856294155
179.2597698867321
185.43402354046702
160.01071266829967
138.73622457310557
125.18463442474604
161.50692712888122
138.45797049626708
128.1987916380167
174.8291549794376
139.34496008604765
153.6651642024517
171.61663709953427
179.53660088777542
180.93804915994406
166.93706949427724
177.484215836972
163.6280083246529
121.96823139488697
155.5628965459764
146.4268187917769
165.74721631407738
153.6035720296204
194.06028098240495
129.85290890932083
137.67701020091772
162.19254855066538
158.89408458024263
165.33065447956324
117.90442937612534
146.73182333260775
161.17618453130126
145.382454931736
155.50803184881806
153.4039050489664
134.67119527980685
127.49772246181965
160.2218511775136
146.36528768017888
138.42656256631017
121.71295263245702
143.61500553041697
143.6689821705222
149.47247236594558
127.55862402170897
171.64077831059694
144.87853173166513
139.77701396495104
136.9545775204897
144.76551488041878
150.1537698097527
129.1782976128161
136.09855927154422
143.24097407236695
134.89535499364138
131.32678642496467
142.6344847343862
146.2999460734427
129.81899320334196
115.66147268936038
142.0605582073331
116.17707340419292
149.55432460084558
170.02100402861834
133.76191684231162
132.1674123443663
110.19963425770402
165.97976998984814
135.7982132025063
130.39799693971872
148.89700108766556
143.92899462208152
109.39085774868727
157.0451636016369
142.48266571760178
167.38910694420338
108.84432104229927
114.05471383035183
138.09831077978015
163.22878338769078
140.66283366456628
154.83607421442866
104.48746244609356
140.8595356605947
161.50436263531446
104.09945449605584
144.00733835995197
87.40777653828263
111.76737611740828
139.78662261739373
110.79391008242965
167.571925483644
151.54662676155567
135.89521944522858
184.88853433728218
162.14876774325967
165.8204338811338
111.8808657899499
181.1831042394042
147.6403532475233
122.91600824519992
132.3484390564263
154.07549677044153
141.91810524836183
146.41999157890677
128.9232379682362
148.13828226923943
149.29487382248044
171.12912845611572
109.31905870139599
125.1019772477448
139.0899968072772
142.25779028609395
161.4465551674366
134.57272334769368
148.1815428249538
161.39142172783613
135.76055187359452
150.61802000924945
185.6143250092864
140.93630289658904
127.49208116531372
104.49205714091659
152.22728178277612
142.381949365139
153.92333444952965
139.28332471847534
164.86283738538623
139.26506950333714
135.85161860659719
169.01829690486193
138.69509564712644
171.86853820085526
140.3951990902424
176.32640744000673
109.20090454444289
123.07664247602224
123.45333646982908
132.38245249167085
153.38924069330096
136.62922484055161
177.01550645381212
352.65107429772615
270.72075529024005
229.2584647871554
258.2365669198334
221.5076375491917
301.65701961889863
289.0338516384363
217.01140581443906
291.0892585478723
277.4745479077101
350.44033351913095
280.3497471809387
223.96589328348637
365.986674528569
272.53032817691565
265.8916719183326
399.7624829225242
313.228874925524
263.62819596007466
291.34635334834456
271.54216257855296
229.73706040903926
288.8610484749079
298.63357423245907
306.16102796420455
342.06797017529607
274.64315189421177
283.2355820275843
357.253655243665
341.1844430863857
220.0542053990066
254.0353676341474
281.28332909941673
321.7280775643885
257.7596064209938
324.0613997541368
360.3930226005614
342.1929953247309
245.5198948867619
295.5612175129354
215.67801009491086
311.64591959118843
289.2769868038595
296.41219176352024
326.8200594894588
318.82361959293485
336.68297420442104
237.6863536015153
304.9890893958509
296.2421730570495
45.79053298383951
59.14258486032486
63.42560366168618
58.56636418774724
61.85014712065458
63.27741997689009
65.15078591182828
51.77799268439412
70.57567635551095
74.52627677470446
72.00932865217328
60.388476986438036
60.58647359535098
57.59430132061243
48.99675037711859
59.16059336438775
47.456628166139126
55.87361313775182
61.90865493565798
81.99447767436504
60.362907730042934
72.28265528380871
58.422149553895
61.86439752578735
59.380162954330444
67.56289398297668
67.02320237457752
75.26141579821706
63.057817697525024
60.287726540118456
49.674843691289425
62.709423933178186
53.89573051780462
67.9701371639967
65.16220407187939
77.69890405610204
50.61656014248729
60.28400062024593
65.89311289414763
65.55533430725336
75.6737337782979
61.814089588820934
55.72980310767889
56.29294465109706
62.02048383280635
49.33597195148468
55.72975880652666
52.97006469592452
46.91730671003461
50.39605388790369
70.1299374178052
58.4008909240365
66.77900111675262
53.71100586652756
60.28954366222024
71.31861030310392
69.00512851402164
44.83704053983092
50.141132671386
48.41129929944873
60.59345090016723
51.20874173939228
68.26978953927755
58.17471472173929
55.148039281368256
50.40706655010581
62.41674320399761
61.66384058445692
41.79022467508912
40.17953064665198
70.26308764889836
44.802908919751644
54.96174602583051
48.1182332970202
75.13200667500496
49.622260712087154
53.2497545145452
59.57440381497145
56.02865483611822
68.42800523340702
57.148085094988346
53.1236985437572
54.92895521968603
58.530862387269735
39.90206855535507
69.91314025595784
55.753146924078465
56.03242405876517
41.91811437904835
62.52277486771345
54.908366329967976
47.09942615777254
62.97976968064904
64.36000081151724
71.47773005440831
49.424827948212624
51.312775406986475
62.42877647280693
48.778992522507906
51.21367570757866
84.05307764559984
61.99240326881409
58.02662875875831
75.95082379505038
60.58997794240713
73.90614956244826
70.51716493070126
77.17845774069428
64.12094750627875
93.7451063208282
72.82465559244156
76.57249489426613
63.239697843790054
92.44371500983834
69.07277353480458
74.13651283830404
42.37380884960294
48.994806814938784
70.63282687216997
79.62046160548925
89.73157767951488
86.55808468908072
75.42816758528352
62.39478849247098
66.87059094384313
74.62097074463964
56.90456035733223
62.58636634796858
66.2659646011889
61.259279284626245
72.90723904594779
70.61059166491032
66.8313178345561
81.63984751701355
86.53721974790096
66.18067338690162
70.19469984993339
60.43028103560209
55.4308523721993
82.33267819136381
57.25434461236
85.46317781507969
81.89085755124688
56.178710259497166
69.51103069260716
83.25567974150181
56.81844978407025
70.32304484397173
77.00102749094367
68.51385504752398
102.66220534592867
107.08481921255589
110.31084394454956
62.836532551795244
81.19532589241862
72.72223804146051
70.10690866410732
105.64147248491645
85.67127795889974
99.13877023011446
100.02362105995417
84.37784963846207
96.69306360930204
106.15787116065621
79.10645458102226
101.04258056730032
101.10276582464576
93.14626690000296
86.00592297315598
95.13207609951496
83.56858014315367
108.06758164614439
113.52003806456923
74.36427875980735
75.14756625518203
107.2256466858089
101.64828041940928
103.67058995366096
78.17107047885656
94.6892407797277
78.12801929935813
81.98784672096372
83.20872911810875
99.11465579643846
112.2409267835319
94.0156392082572
119.04236599802971
120.69005006924272
121.96527403965592
108.12028785794973
104.40590255334973
90.54380721226335
75.2398006953299
104.9231636673212
78.55091657117009
86.54399778321385
101.89829608798027
70.52437205985188
67.58415298908949
101.44106207415462
91.14247791469097
109.15897532179952
112.86322690919042
98.94814359024167
87.97916078940034
82.91107527166605
67.18309888988733
79.98853781819344
67.31724200770259
79.600601721555
67.94515267387033
89.06649115309119
97.886884059757
71.82311396300793
95.65795534849167
95.20886715874076
97.82921409234405
87.65317400172353
84.01122259348631
107.08327133208513
109.48182279616594
95.08817419782281
85.28310423716903
87.18315406888723
95.00874372571707
84.41309493780136
80.18020689859986
76.86511874198914
83.6714186668396
87.43985110521317
70.04286305606365
95.98621338233352
78.02444053813815
67.93046488985419
81.75759498775005
88.07399608939886
90.41429953277111
94.30473569780588
98.03661319985986
99.9613125026226
84.11077745258808
76.47604535147548
115.05935254693031
94.4083076827228
105.2029418386519
111.07196076586843
87.51864923536777
96.29432570934296
94.42798769846559
96.53826344013214
121.09384266287088
168.3372232913971
149.46546490490437
118.59575694799423
116.27143685892224
156.31047592312098
182.29545895382762
129.8864741064608
160.46974863111973
131.79658309742808
106.79799664393067
154.56057608127594
121.59775222092867
186.59042036905885
142.82833371683955
141.7706126756966
144.87350384518504
155.54717190936208
164.83356457203627
153.658281955868
141.95470432192087
140.3341739550233
121.55271543189883
105.94593445956707
98.84672744944692
125.97369261831045
139.01425631716847
180.40655211731791
160.5948330760002
123.09130454435945
107.31999999657273
155.26736948266625
166.41576888412237
153.80016814172268
137.47366703301668
164.06412267684937
121.72391356155276
176.71934524923563
172.4289195612073
117.28993204981089
120.59685940667987
148.9317826293409
109.10842040926218
149.2469318062067
172.36142813041806
159.38322100788355
126.7478122189641
117.21438992768526
134.4323293082416
145.3368352651596
109.44502018392086
124.47972715646029
145.01076886057854
101.91619877144694
148.46796956285834
122.59323613345623
125.01913571357727
136.772125210613
126.19474760070443
90.64771782979369
122.98640373721719
150.5816077105701
119.94967215135694
111.99299168586731
132.99966004118323
108.1254054941237
141.6494440883398
95.82123527303338
121.96349903196096
121.01860037446022
109.16406287252903
146.22955705970526
118.48763575404882
131.62385975196958
146.28711865469813
148.8339540436864
140.94373570755124
145.0116263255477
159.7066580839455
120.39629726484418
121.19391370564699
146.11962010338902
156.5064142346382
146.3412718102336
132.3480697721243
118.8152974806726
135.0062014348805
140.0738124474883
152.73310085758567
124.604812014848
147.93491406738758
125.81376226618886
125.79598626494408
125.61076606810093
121.67590478435159
144.9250911809504
111.31305807083845
95.3595730252564
108.5619979724288
135.5493829101324
119.33992483094335
134.58192920684814
148.97028765454888
118.60573478415608
103.95432328432798
141.5987512767315
94.4757483676076
73.79795798286796
120.15055878460407
107.74393348395824
130.3085297420621
124.47959472984076
99.19479028135538
118.76888820901513
115.03797571733594
105.30971906334162
114.600586168468
133.7347630187869
145.66872909665108
144.50694363191724
123.61109603196383
158.47127214074135
120.61747899278998
135.28664878755808
129.7075525559485
128.4251506626606
96.62337167561054
112.91038970276713
135.30718551576138
120.26937501877546
133.48497746139765
133.7274999693036
148.3932627439499
153.0715201869607
129.8011567145586
112.44130726903677
141.0119439959526
134.40970868617296
115.73514728620648
145.0155178308487
132.24838944897056
131.6297918409109
133.3354654982686
116.61120533198118
152.00197120383382
130.0035775974393
156.91422829777002
129.67048392817378
112.47487790882587
123.89380152896047
165.45172302424908
153.53099435567856
172.62287971004844
172.21261182054877
175.08167487755418
187.76892901957035
159.58655738085508
164.66185823082924
138.4508991613984
153.13331910595298
159.01563741639256
153.42690354213119
184.64152704924345
125.57455671951175
174.8474377244711
164.4240705706179
139.39934273436666
166.6853590235114
136.99129785224795
138.98973876610398
127.57672648504376
176.33262818679214
166.8360746949911
140.66676341742277
142.58869726210833
132.79493449255824
159.1936123892665
105.77624840661883
122.83380049094558
189.90031138807535
126.5555110014975
131.36656565219164
175.1412790492177
128.68622629716992
109.49075406044722
178.24447184056044
132.30569238588214
145.54350286349654
169.95499366894364
142.58651971071959
157.45697067677975
168.70092717185616
124.14563987776637
162.1737933345139
189.5522065013647
139.56115271523595
148.5118633247912
158.59335317835212
176.81423383578658
132.3890884257853
60.7252658829093
45.84403337538242
49.687865655869246
45.263363525271416
34.162745136767626
24.57373382896185
44.702316373586655
45.230185713618994
49.28713145107031
34.17889227345586
44.92974050343037
52.5843345746398
47.965506218373775
48.68347581103444
41.38926199451089
48.352108247578144
44.774941969662905
27.692574728280306
66.68488329276443
52.33772234246135
56.115999065339565
41.13600501045585
44.88020284846425
39.51833609119058
53.92590057104826
40.96875872090459
29.38242068514228
44.52334599941969
39.48293737694621
59.48378250002861
42.17288202419877
55.23929384350777
42.454125721007586
32.92028045281768
58.642612498253584
49.72450014576316
54.378630854189396
47.529094733297825
43.26365107297897
63.43005949631333
47.85597413405776
51.401747949421406
45.74472486227751
49.81118378043175
55.67312562838197
26.031265329569578
65.35758243128657
47.563865818083286
40.420913182199
48.749356124550104
94.76609847322106
128.03896886855364
93.41873727738857
109.50144157931209
113.57251838967204
122.96917006745934
142.51137923821807
168.16674800217152
134.42873759940267
132.5197679065168
127.592777736485
117.7395089827478
145.88303198292851
160.48945251852274
168.89322206005454
101.05881405249238
148.34530743956566
104.5273449420929
143.70491709560156
118.08187412470579
131.402968544513
132.5278177857399
111.07895993068814
149.8091180920601
135.66393445432186
145.98892910778522
106.05048912391067
109.63736040890217
150.74789870157838
170.88086595758796
134.03830111026764
162.53465968370438
149.92466953024268
122.15188158676028
146.69143262133002
125.89588799700141
159.34772089123726
167.5043800584972
107.4742935411632
129.5302244797349
164.83109403029084
90.76589350402355
75.22872496396303
152.33470920845866
113.91507725417614
161.6886359229684
133.31489400565624
94.7001993469894
138.40330991521478
108.029610324651
96.46642503887415
119.69791384786367
62.584359645843506
96.65684701874852
110.31392534077168
103.778868149966
102.0289891436696
101.78926854580641
118.28650472685695
98.92951863631606
97.72976859286427
150.25357254222035
131.2763020657003
129.2269599288702
124.38954189792275
141.80356973782182
127.94558157399297
111.98448061570525
124.28432336822152
124.90216228365898
101.77246592566371
116.6563263759017
111.02654149755836
104.8016403131187
90.84143238142133
117.91423344239593
127.91898768022656
131.11372331529856
163.77400324866176
130.877446167171
122.41664212569594
103.57891438901424
132.8728049956262
133.99241192638874
79.31782427802682
123.62764498591423
138.12044122442603
139.97259113565087
100.5319687500596
90.51816091686487
90.33023580163717
98.81972573697567
137.45759136974812
58.03572603687644
127.79543099179864
120.69860173016787
140.57650046050549
96.79633659869432
104.56244386360049
141.79849999770522
76.82791766524315
91.40557205677032
141.1158634610474
136.59166084229946
116.4164185449481
141.49123004823923
127.95200008526444
104.58624961599708
120.94570600613952
120.07421227172017
133.2275711223483
114.56880795955658
110.80028875172138
132.40133752301335
169.61428609490395
151.55279914289713
139.19450894743204
137.57287038862705
114.07231444865465
106.28377631306648
115.31421165540814
118.30995551869273
120.66819853335619
103.02602836862206
102.2408425398171
99.81315271183848
97.2344448491931
104.44281976297498
99.9803391173482
133.33561054989696
116.96313643455505
122.78531143814325
137.9656708203256
78.73475702106953
181.9141622632742
116.51229986175895
155.81617307662964
111.53512692824006
106.06753430142999
81.13418710231781
134.8366177715361
126.85813973098993
130.33031319454312
117.44658851996064
101.73820171505213
110.53235121816397
103.967504106462
113.06674284487963
118.99833589419723
112.42362982779741
186.68535962700844
109.93963842093945
170.90097568184137
152.99784263968468
138.41375843435526
168.35248149186373
128.31752436980605
150.69940973073244
101.04006848856807
180.59506248310208
154.46771458163857
171.71946962922812
160.89212235435843
122.95283425971866
145.7525735385716
135.7588816769421
155.89984302595258
106.56510395184159
112.02725625410676
194.3353063389659
165.62862023338675
123.63244738429785
122.97974302247167
146.28932056576014
173.19166122749448
166.3157088048756
133.2471302114427
161.47730999067426
142.37130004912615
130.02599078044295
129.37471778318286
183.95280979201198
174.25708539411426
148.0249332115054
114.7296425960958
165.52348658442497
125.96373392269015
133.0072521008551
218.1740492247045
129.35843789950013
134.8657780662179
116.00815648213029
113.90780296176672
163.29908008128405
154.94697326794267
146.1311249025166
129.7682758755982
121.85127037391067
131.56155125424266
145.66347705572844
74.3711576834321
63.77539051324129
83.69282950088382
50.76752833649516
73.35103602707386
78.19737922400236
92.02118376642466
62.429332204163074
88.6879428960383
77.97784477844834
96.54349631816149
61.617704432457685
78.59364046528935
84.7663838379085
95.93061631172895
92.89406448602676
57.22162088751793
84.48525596782565
88.78691274300218
92.98873614519835
70.671999104321
52.70740793272853
60.3801628574729
86.63831563293934
74.25906568020582
66.76096898689866
91.93076890334487
68.12365175783634
84.74288066476583
89.74872915819287
68.08169791847467
58.3004775904119
115.98572211712599
66.0191427655518
90.73018404468894
85.41558183729649
65.1558465398848
84.26039952784777
81.6843381114304
95.02203131094575
77.66103721410036
96.97162272036076
87.46860884875059
73.79716355353594
73.19131074845791
74.73422494530678
85.27712284773588
77.87514686957002
77.8236719481647
92.8773820437491
84.82034743949771
81.481440205127
58.049816854298115
84.97987681254745
72.5324565730989
49.55692256614566
68.66711723431945
61.57150971516967
61.766374099999666
78.9179872944951
72.22988595068455
89.96338107809424
76.54958291351795
84.51873799040914
66.85252257436514
52.32148417085409
65.69236830249429
75.78474656119943
66.55257247388363
62.578414384275675
72.0867596976459
74.29258251190186
87.4918225556612
81.23349187523127
54.22428333386779
69.92731161415577
79.94523360207677
50.56370970606804
67.20257851853967
71.50734715908766
93.67438152432442
80.57843919843435
71.8428076505661
69.29798999801278
69.14669295400381
75.32232536002994
75.39904473349452
83.04034256190062
76.29746663570404
68.94289405271411
70.18052266910672
64.87149922922254
57.51757986098528
87.51884471997619
71.45627794414759
63.93168930709362
80.49432610347867
81.50958075001836
61.55559153854847
91.26278811693192
157.3931214697659
123.64542101323605
160.2608531937003
135.41355143114924
189.4086758941412
151.1410932764411
219.4970181323588
220.91928252205253
206.31675897538662
165.72460429742932
212.8382917046547
161.6020124927163
95.68383461236954
206.60868686065078
154.66282248869538
256.2298696488142
179.1350818052888
167.86842965707183
179.62361336126924
180.907661318779
207.3492040745914
193.8027440868318
143.54085662215948
148.99544877931476
161.325276568532
168.02460180595517
173.07825084030628
216.29471147432923
170.68353015184402
139.3995053730905
175.36501010134816
188.61036612465978
124.88604708388448
140.26355451717973
150.12256065011024
143.77874763682485
169.74245839193463
193.57526390999556
174.93571132794023
189.70366142317653
139.9694290906191
155.200596049428
167.4085489101708
157.90597703307867
182.43538258969784
172.66868950426579
192.48628378659487
154.2278209514916
214.18264700844884
208.73302444815636
47.63693577796221
79.58938132226467
78.4999615252018
62.47698497027159
49.14923205971718
50.29381265118718
58.98449934646487
58.622628543525934
67.72497943043709
47.75133168697357
72.27113338187337
67.58992781862617
80.99366234615445
59.04111819714308
87.5243588425219
71.74584701284766
92.35683101415634
45.77294033393264
53.494745176285505
48.95405709370971
62.8692356236279
62.452878691256046
56.08203965052962
81.15642954409122
64.76515198498964
84.12241249158978
59.01309756189585
60.878993295133114
32.123519856482744
55.545604929327965
69.61962563917041
74.45850370079279
52.76146990805864
50.95207294076681
69.10990575700998
73.76688389852643
75.05594910308719
68.18658768758178
67.09264749661088
73.56908783316612
72.70792220532894
53.817109894007444
60.5292919203639
67.67884661629796
53.78970743715763
53.329852890223265
44.534058805555105
75.66625738888979
69.60669140517712
81.28386069461703
89.04464681819081
100.30488128960133
72.54900271445513
76.8985137976706
89.30951003357768
106.89216455817223
82.90219665318727
89.03785177692771
64.33170348033309
65.21154886484146
101.37230670452118
105.03845657035708
78.9482315890491
100.12572672218084
93.56773982569575
83.76696943491697
114.66651278734207
107.14420260488987
92.93728156387806
110.95277459919453
89.98098116740584
88.14939968287945
111.82115468755364
63.46855989843607
102.55214115232229
94.26825452595949
84.02429766207933
87.78377918154001
96.0432403460145
76.96915734186769
100.26764408499002
90.65740258619189
86.63882576674223
94.91079193353653
106.24627285823226
98.09505274519324
83.92162739858031
92.9921512156725
90.82097389176488
85.12466912344098
109.82997449859977
78.04172076657414
99.84371399879456
84.21858874708414
85.43378994241357
94.77500607445836
76.30379452556372
98.59587586671114
103.59196696802974
112.98293256759644
126.59861635416746
112.68472864106297
106.30916579812765
78.13436571508646
121.35246344283223
124.89221989363432
87.89921321719885
114.3234991915524
105.72523577138782
101.73077639937401
106.44100784510374
67.09201845899224
109.9866507910192
107.02553977444768
109.71254632994533
95.52251430600882
103.85680110752583
91.00998779386282
85.84866924211383
100.23495570197701
98.6240418329835
103.55882234498858
97.68631910532713
101.09533896297216
88.08329267427325
97.66123618558049
97.76681293547153
111.11903786286712
117.68489173799753
94.0240954272449
98.25063073262572
114.11614252254367
87.47291505336761
100.50202587619424
112.84729589149356
87.99223865196109
96.78703720122576
100.73824171349406
108.17298065498471
94.47820597887039
102.6843795441091
90.48822284862399
98.05220804736018
78.54181714355946
95.79244701191783
115.7911483682692
125.38245845586061
121.38591280207038
90.46630285307765
90.90628930553794
82.58902381360531
56.91026356816292
72.53516680002213
82.40369869023561
71.16309524327517
79.45004061982036
77.23293612152338
86.48335630446672
85.83720361068845
64.49781581014395
76.04811579361558
68.4731107018888
69.5255681797862
63.801382161676884
66.79593313485384
71.46602506935596
81.01646990329027
68.11527019366622
69.88634729012847
92.0527114495635
67.71269300952554
56.112136889249086
76.85590279102325
59.43921530619264
49.854250468313694
53.186233665794134
87.58558959513903
89.67424634844065
77.31904108449817
57.51295204460621
70.54028340801597
72.69849909469485
73.37664822489023
95.41798400506377
95.01318274065852
78.5967441610992
87.56646967679262
69.67041671648622
81.09597362205386
55.754886612296104
85.0639730244875
68.34986449405551
78.0989558622241
87.75015017390251
86.42650839686394
71.14257803186774
82.56372509896755
89.21662450581789
88.32256125286222
72.65735797211528
104.98955791443586
87.01867252588272
91.12942032516003
89.47521330416203
71.8463945761323
97.85188810899854
80.78372512385249
86.43896146118641
93.95983411371708
84.48897398635745
91.67816402390599
97.53533343598247
89.25719903036952
84.61646230146289
120.64100771397352
76.49129981547594
71.45660491287708
66.60777235776186
75.60513840988278
81.91238042339683
98.70114539191127
81.37015982344747
78.45016755908728
78.32533794641495
74.57052299752831
87.67085079848766
108.84019726142287
77.13265133649111
97.54684193059802
84.13328540325165
95.70216406881809
122.61175235360861
98.53249419108033
82.34469590708613
85.85996796935797
85.10250743106008
110.82770290225744
104.1290661022067
79.96372766047716
77.51190204173326
100.7773224748671
106.11653417721391
96.87812336906791
96.02754168212414
68.78647216781974
70.59808212146163
65.36565862223506
120.85329284518957
99.18138860911131
88.79438918828964
203.2468692585826
180.46037974581122
166.81032465025783
124.93351204320788
151.26505077257752
126.99991203099489
148.27911549061537
173.06790559738874
162.2830734178424
181.0904295668006
160.85386869311333
184.3490658029914
157.88044963404536
192.58484603837132
121.65736977756023
194.23893190920353
123.7041328959167
169.80129104852676
206.1399200335145
160.43943738937378
146.9672945216298
137.23430600762367
132.8009116128087
157.6970566958189
174.7682875469327
145.02643720060587
152.353098269552
148.37377504259348
157.292997084558
160.4828093200922
169.2152970917523
188.87051071599126
140.89474941790104
171.83436285331845
150.188420958817
148.18909045308828
138.87395535036922
159.19901599362493
137.07323836535215
146.55493544787169
160.4552702344954
141.70880052819848
160.48969385400414
178.34029730036855
128.98598083853722
160.009958807379
126.41968251764774
190.97959359362721
146.29515287652612
154.90195015072823
184.20320627093315
154.3585888147354
207.64849658682942
123.17013709619641
146.83188884705305
185.38568390533328
148.06852712109685
155.61041321977973
154.8571356907487
140.7514983229339
105.85245662927628
149.85046622157097
150.19665280357003
142.65938967466354
142.9584377221763
173.90478590503335
117.49848021566868
129.180992372334
148.67699391022325
149.611452113837
164.86521687731147
128.96003656089306
118.61383226513863
107.99511048942804
158.77207931876183
147.18708353862166
156.87118668854237
168.44938170909882
111.60574951395392
181.50553442165256
130.0129789225757
171.78955307230353
136.82007178291678
133.14036474376917
174.27766483277082
134.08666330575943
129.2823824286461
159.1365712247789
141.00473089888692
133.31279881298542
129.30605902522802
162.2308586537838
106.40421358123422
123.12850259244442
108.5496879145503
172.92485564947128
145.43469382822514
156.02472041919827
162.72570206597447
149.20833748206496
149.0944045819342
144.06786343455315
208.13842375576496
155.56133806332946
186.05631230771542
182.95147442817688
167.25228775292635
154.57041507214308
159.28287802264094
212.26770838350058
110.50281884521246
136.72265873849392
181.48520753532648
156.509071521461
181.6748147830367
161.23360600695014
178.2031320258975
192.08447701856494
161.04166108742356
131.0622658096254
139.87488298863173
142.62604638189077
189.44273411110044
147.57715572044253
165.70656495168805
197.19673962146044
168.0596500262618
178.77912867814302
153.25916212797165
153.83796963840723
179.672501437366
153.96818831562996
176.05953574553132
134.0962996482849
177.56460632011294
170.90929360315204
196.48274491354823
166.05092940106988
194.38159017264843
160.21957770362496
206.3920798972249
139.63537982478738
177.85636358335614
142.70300144702196
138.06344893574715
151.8048743903637
186.24102701991796
183.8456958681345
190.54432494193316
138.614825733006
146.73578404262662
119.7115688547492
129.0567934475839
139.00179955363274
89.80576597899199
126.93959033861756
139.80874325335026
92.7830193862319
82.45524264872074
118.31395114213228
116.92691491544247
121.81089853867888
93.03558031469584
120.05329308286309
106.52303225547075
107.69249076396227
86.08786979690194
100.30241177603602
113.89036469906569
90.74282514303923
115.98246022313833
115.1311165727675
108.7545140646398
117.59269038587809
153.67153465747833
113.40056616067886
116.06041379645467
118.67343680933118
80.46431831642985
102.62397750839591
102.81885475292802
112.29393957182765
113.4517936296761
95.01580222323537
112.09269626811147
124.59293378517032
97.74896405264735
119.75576878339052
75.43402518332005
109.47715923562646
112.46818366274238
133.55391834303737
79.76436024904251
91.57414853945374
110.98172293975949
134.78279674053192
88.50394893065095
131.16316475346684
110.67199368029833
123.1229592487216
318.872515168041
289.99896520376205
270.36644368991256
308.1623826138675
302.5460391752422
274.6628843508661
280.8996557742357
233.00429103523493
249.57341466471553
254.13068161532283
234.2988862656057
279.6238013319671
290.11548782885075
287.8260277211666
320.3952531032264
252.0032555423677
277.4324885159731
284.3901679366827
283.81532261148095
279.99542160332203
184.02671333402395
268.64587957039475
283.88791463151574
325.19023436680436
250.93044216185808
241.10705000907183
263.1053546220064
302.6113146059215
348.1682749129832
297.6564546301961
390.38496877253056
248.47561445087194
280.9334379956126
202.8462589532137
369.23686610907316
266.09620013833046
256.96223463863134
207.23720144480467
266.51334070414305
217.91465789079666
220.17241781577468
283.5297015197575
295.51708594709635
257.77056585997343
339.46262956783175
288.60094049572945
245.72522561624646
325.4495993927121
336.934711843729
259.28607511147857
69.08611010015011
67.90213225781918
90.93932036310434
61.785180658102036
78.58564229309559
74.24298194423318
73.56789128482342
86.09049548953772
57.68852316215634
60.98793509975076
64.5165726840496
71.60986813902855
84.625653244555
52.89804584160447
74.42838194221258
56.110742181539536
74.21054745838046
66.09821970015764
80.27899312227964
74.1829335950315
73.08117088675499
61.226405795663595
56.48903914541006
51.18955121561885
66.15262472257018
80.10059202834964
51.20581378787756
84.20904161781073
68.81246102973819
67.06686020642519
71.31112538650632
80.08845410495996
82.57505190744996
55.43814081698656
76.75213137641549
69.47464887797832
63.067078191787004
75.20535359159112
72.50744934752584
71.81280961632729
79.01917639747262
77.99844904243946
75.61763911694288
59.03173994272947
69.6608957350254
67.36317582055926
68.10587341710925
97.91944251954556
77.18750204890966
63.88773748651147
75.24664057046175
70.15317584574223
82.78564308956265
59.47741926088929
46.63643081486225
56.206064239144325
78.44139486923814
66.17735651507974
44.33704887330532
71.42512200400233
78.26652470231056
64.76283626258373
92.0727392360568
79.01220752298832
65.19579910114408
57.92081018537283
71.84231320768595
66.33378428220749
84.13944575190544
60.45925336703658
55.50741730630398
80.95694785937667
71.77348930761218
57.06427285820246
68.2691820114851
57.182106874883175
55.96441902965307
66.56097577139735
56.231406450271606
68.39316681027412
70.59892365708947
75.63324843719602
85.80817739665508
59.85912136733532
69.33138173818588
90.35483529791236
85.21430804207921
67.87109547108412
81.2358151897788
64.30761548876762
79.13929039984941
85.9317945688963
90.44084472581744
56.65198078379035
74.69343058019876
68.56556868553162
85.58902272209525
79.15775965899229
64.02758733928204
74.8313950560987
168.2759532518685
149.0011037439108
134.15261010080576
110.41016528010368
120.90114859491587
145.21437027677894
125.35238572210073
158.7544910646975
110.60432213544846
118.75378123670816
150.7470657415688
134.37910902872682
157.1813374273479
162.95645125582814
126.54641101881862
146.56140327826142
163.2402946613729
159.2315753661096
116.10887638852
108.05900501832366
171.95793443918228
151.6918090209365
175.75323013216257
170.25375539064407
136.05953880771995
124.98170414194465
124.12547480687499
116.73519932106137
144.12213011831045
153.8876722715795
128.79154308140278
125.01158999279141
157.92280739545822
116.14801804721355
141.18062587454915
135.88579469919205
136.78758584707975
105.43926934152842
126.74460750445724
144.6714931614697
156.6638413220644
167.96603893861175
123.14216147735715
130.82659788057208
160.8328880816698
134.11423827335238
154.8714819252491
127.8487357199192
103.28892039135098
132.13548628613353
87.8202928006649
123.9470533579588
115.15848497673869
93.7008121535182
103.41335726156831
99.08650036901236
172.29174949973822
100.5177386328578
123.55836993083358
115.69035204127431
105.9101458415389
100.69198080524802
134.58617664128542
69.32045608013868
106.66193920001388
111.64190293103456
86.6453538313508
98.0926236063242
103.80182001367211
89.0376110933721
116.66017376631498
112.01623981818557
131.2333842255175
139.49535025283694
86.91992176696658
119.79616230726242
111.45395966619253
97.07204269245267
68.1763287037611
132.71877854317427
98.36062725633383
131.57703006267548
170.0481991916895
89.2630007378757
158.96960160136223
104.06881825625896
105.54120300710201
149.8248335570097
109.399026311934
83.01163516193628
105.28997860103846
114.0181177817285
118.82644287496805
86.59452248364687
117.00169185549021
88.33239636570215
130.41435666754842
125.44866584986448
99.54519886150956
108.93883657082915
155.06326011940837
139.87255749851465
175.2424738742411
174.49048307165504
212.27623197436333
220.02839976549149
141.94715082272887
158.3590391650796
160.42632114514709
176.8478969782591
178.14528708904982
143.8271404132247
172.67654933780432
148.19561040773988
161.37664649635553
148.8207374624908
160.59895898774266
179.53539300337434
185.71323953568935
142.96029718965292
175.70305424928665
142.36878347024322
188.3263605684042
137.4617109671235
162.50220151990652
184.92167218402028
116.80859742313623
178.14804470166564
135.63538172841072
151.9809831790626
175.94092408940196
152.2702311836183
186.13596007600427
142.23875642940402
150.804815556854
150.3166343420744
156.4882977977395
176.63524264842272
178.56335822492838
151.54215893149376
157.8330373764038
164.94161545857787
127.7180132754147
131.13897405192256
147.00016491487622
165.2451258637011
157.66054715961218
157.17683558911085
138.16826641187072
142.9359943419695
100.01297150552273
55.69700030982494
67.93976166471839
106.92851276695728
60.45090492814779
62.17571906000376
71.81078550964594
68.86538067832589
74.01774368807673
90.44774604588747
87.11655723676085
88.62286268174648
88.55152679979801
87.6271981485188
79.52297574281693
84.47686698660254
78.44563256204128
72.75828646868467
64.85267944633961
78.10506684705615
68.69150064140558
75.16087200120091
62.57394805178046
53.73494040593505
80.65896559879184
88.5771611481905
64.98211635276675
74.52513465285301
68.26511505618691
90.76882745698094
73.51772204786539
81.12094989046454
60.1146088950336
56.474654980003834
96.65706241130829
66.30111192166805
76.96072130277753
57.31990498304367
98.09075306728482
83.83421774208546
73.68024636805058
92.22590003162622
94.69425609335303
77.36922222003341
72.60050401836634
73.71403792127967
61.160410299897194
75.544418040663
91.96924583241343
66.35601491853595
135.87924545258284
157.21030689030886
92.32649616524577
114.79713622480631
110.60562612861395
166.10818821936846
126.45074816420674
107.75342153385282
102.57867385447025
137.22029649466276
121.6245873644948
150.66589940339327
103.63662869110703
107.72853204235435
91.94693935662508
153.63078489154577
132.7348663173616
121.97011715173721
102.87706211954355
104.85293804854155
124.57597094774246
113.19037663564086
139.33842089027166
115.87343608215451
113.80517574772239
122.5342335253954
130.92568882927299
142.54829147458076
81.5491413064301
143.41419439390302
129.76828384026885
112.07742535322905
102.11151556298137
102.5316072255373
96.17672633752227
139.02044589817524
156.5043278709054
131.58443422988057
102.52329686284065
147.27740984037519
107.69594376906753
102.99484147503972
104.62453883886337
102.01160814613104
102.5462478660047
110.6081725358963
127.1437358520925
138.81205198168755
100.0791774392128
128.02614369243383
93.28009650856256
88.17948544025421
74.17769671976566
81.01262404769659
79.91271992772818
100.82004061713815
90.3511604219675
86.21844469383359
74.25063319504261
83.38626735657454
107.89948868751526
73.22662492096424
103.22214798256755
88.81735208630562
78.05481581017375
94.9326333925128
77.93956778943539
74.15690575167537
79.37029638141394
93.37388277053833
87.3463994152844
84.73793238773942
77.50336748361588
102.53485933691263
76.10859766229987
105.36601306125522
95.75787414982915
74.05548130348325
63.32900780066848
66.10910312458873
110.16157442703843
66.38847430795431
97.62426349148154
90.98450481519103
79.44943672046065
97.89390049502254
66.13044861331582
91.09325745329261
82.86349416151643
94.2154901586473
100.47139920294285
86.12072268873453
87.68208048865199
91.15258424729109
86.72409743070602
74.28749715536833
80.37928383424878
82.99398118257523
67.36345882341266
54.30237887054682
152.97649443522096
167.3374307192862
124.97928882017732
165.84857276454568
148.31956096366048
155.61925806105137
146.48468619585037
122.79363371059299
154.8008783943951
124.62709010764956
99.63847257569432
139.8560690805316
144.86366599053144
146.10501591861248
144.6753314882517
131.33592617884278
134.58755983412266
132.28619628027081
141.10387298837304
130.4402897953987
161.7801269479096
151.16565753147006
124.13333899900317
131.06876431033015
154.71122183650732
104.98204400017858
152.0025283023715
114.23313727602363
145.23375828191638
130.52836805209517
164.20326944813132
157.53690264374018
139.0921435020864
135.68197202309966
131.45233917236328
116.85648013651371
154.90383498743176
143.43610517680645
136.12383722886443
126.68166607618332
162.5222658663988
141.421879991889
107.56608447059989
178.87192580848932
84.50001525133848
122.5732290148735
112.02873604744673
147.0166779011488
110.38702331110835
147.49555998295546
155.5961296223104
164.87793608754873
143.63747841864824
94.27478787302971
128.0200409553945
144.8886342011392
156.65605475381017
120.3821714669466
141.891343139112
158.0982302390039
161.68700748309493
136.85729349032044
127.1247458010912
138.58429150655866
159.84726036712527
117.53999961912632
162.42135962471366
122.82840960100293
121.22730623930693
121.87528362497687
133.22582845017314
136.85694859549403
146.3212695978582
129.87643764168024
159.4624653980136
150.85896902158856
123.11975528672338
150.9139261469245
166.2551752589643
150.0301876887679
117.82470233365893
114.50928061455488
107.09284367784858
118.55683761835098
111.65250865742564
150.55962882936
144.40295063331723
107.67484934255481
166.7494242489338
166.21853563934565
144.917679220438
116.58672592788935
163.2932456843555
143.79505962505937
158.6036393493414
134.79116627201438
138.37082091346383
114.73057541623712
151.05634860694408
122.32801965996623
93.86245488747954
86.75298298150301
81.9554731361568
80.00212934613228
83.80271616205573
88.65686959400773
96.56207425147295
90.31775988638401
75.72813875600696
74.10456635430455
74.35540420562029
69.60878905653954
74.56406663358212
94.90570315346122
65.97239252179861
75.79856329411268
75.89626002311707
59.012976974248886
75.39729337021708
83.56417283415794
95.1499740704894
95.21520497649908
73.83600507676601
84.92444068193436
85.86902985349298
63.5200901851058
71.34623476862907
76.19843324646354
84.13983447104692
81.94650983437896
77.5652234479785
97.38673601672053
101.41957136616111
76.89741921424866
89.5384221188724
72.1967167891562
72.78793874010444
76.59524603560567
56.780129961669445
75.39974835142493
60.75503982231021
72.52477414906025
72.9241570532322
80.18580146878958
86.97448412328959
75.39865633100271
92.44432765990496
84.88090284913778
108.75608406588435
94.46039968729019
217.51376866176724
264.7917355298996
186.24867770448327
239.58988225087523
247.4692672379315
222.15552543848753
182.40246644243598
175.06729508563876
240.0663135536015
207.90532622858882
263.3337027132511
225.90638833865523
233.39711829647422
275.49148934707046
192.5230813883245
302.82003285735846
237.88746970891953
324.7840059660375
212.35792415961623
248.76297149807215
181.71638359501958
309.6228475868702
241.34878557547927
251.1902004033327
242.52146511152387
219.87446472421288
293.3374322205782
181.0830537341535
236.93961886316538
293.98442091047764
175.74929246678948
244.1749230735004
278.0242320112884
312.96190636232495
240.77296862006187
249.52688620984554
275.52178034186363
275.83570558950305
305.9899947270751
278.2777856402099
276.9929047487676
200.76724634692073
196.33620896562934
212.3174799606204
246.592254281044
204.68747505173087
317.8809887096286
205.04886408150196
229.48800280317664
233.48482959717512
84.73953815177083
91.37243119627237
89.00317598506808
65.58801662176847
78.97679106146097
78.62924750894308
87.84642000496387
68.03843454271555
98.34230073913932
103.33131444826722
71.35065279901028
77.29759827256203
85.83700894936919
69.93638898804784
94.4394942894578
90.46240121498704
89.52913604676723
90.0013744533062
100.32412688061595
72.52524841204286
47.39385151490569
83.42654613777995
93.46219663321972
76.10966658964753
83.97940996661782
88.82215611636639
77.75352995470166
72.21311819180846
87.520133767277
74.28524624928832
66.27165813371539
83.43073303252459
107.86881662160158
80.28494326397777
95.452930200845
88.46509125083685
63.62940042465925
89.92156442254782
67.72779374569654
76.55789101496339
95.7818218395114
82.83800376579165
88.00032139196992
103.90534549951553
84.59259288012981
96.10793055221438
70.42047473043203
100.3410906046629
88.77462700754404
78.95708603039384
109.8311767168343
154.9953496977687
161.15913059934974
113.66048668324947
108.86638079956174
154.9897747412324
127.49996982142329
140.95677960664034
163.63063022494316
128.4498135894537
124.99754152819514
134.93840331211686
124.67344691231847
146.2116498723626
137.17715587839484
124.19697943329811
141.16972868144512
147.93431930989027
141.09379356727004
101.80799179524183
102.34869497641921
138.1551362723112
145.42530298233032
165.42114675417542
114.93017770722508
145.09565307199955
116.8581346385181
146.73489339277148
139.20546276122332
167.68023722991347
136.66968991607428
127.97312411665916
143.43445946276188
122.14159995317459
142.483361877501
130.77151894569397
150.526121892035
131.68523935228586
144.04379485547543
134.55517818033695
120.25168076530099
151.8402415663004
167.85551287978888
95.92219256237149
144.98789782449603
149.72521140426397
152.9919500388205
162.34058238565922
118.78262642025948
118.47184504568577
229.9039707891643
196.86067815870047
188.67922013252974
192.70025941729546
213.0630487203598
163.19103647395968
194.57727789133787
231.74357662722468
182.6030319146812
177.00981768220663
229.819310285151
173.36165780946612
181.62209570780396
187.29126324132085
206.6572833918035
125.03184137493372
146.89002817869186
229.83817302063107
208.93662267923355
220.61729299649596
127.57221529632807
161.46579425781965
123.45671527087688
147.45447448268533
200.9451633915305
175.7900129929185
207.55079788714647
151.41894512623549
194.01001774519682
214.1763823516667
182.4423093907535
156.8737684637308
198.95460521429777
172.3807475939393
184.65309400483966
222.12711322307587
171.87626703828573
165.9852637015283
212.6393418163061
170.60610814765096
189.46298586949706
147.2535229511559
157.46751594543457
150.6423151344061
189.28385326638818
269.97945865243673
166.40713381767273
173.3304355069995
98.84282418340445
207.65302178263664
101.46337558329105
121.36630115285516
141.67528313025832
118.84318347647786
128.86118959635496
126.61160696297884
80.05492878705263
119.70365048199892
123.68259031698108
109.6097576841712
124.45729611814022
142.11878433078527
124.38120978698134
115.0856165252626
132.1469512283802
126.98999426141381
127.48988689854741
80.987543836236
117.9461919888854
116.16393129527569
87.876584302634
103.25259897112846
106.50467615574598
130.61434366181493
117.51521070674062
109.02848013862967
106.81057706475258
120.50608219951391
138.40891054272652
100.98708071187139
91.3694665916264
111.47791561111808
115.2454340197146
117.56077748164535
125.13772442936897
151.86173156276345
104.04892503470182
125.96961945295334
125.06112180277705
147.57417656853795
127.92258554324508
142.29813541844487
134.29289016127586
127.40355801209807
111.14536776393652
114.93995723128319
112.9515838548541
136.10607388988137
99.28704664856195
132.70992158725858
56.43819712474942
64.30069612339139
81.27753861248493
63.995844848454
73.10157224535942
61.5064988322556
67.40453135594726
60.49533587694168
59.60625361651182
71.30498227104545
63.780540842562914
81.76761157438159
57.22099433839321
52.73193856701255
80.06103787571192
78.03100377321243
61.920026522129774
72.29107639193535
76.02641500160098
58.20550091192126
69.88023741915822
80.65526949614286
76.50025647506118
67.71396781504154
51.594830229878426
56.75822192057967
84.39032501354814
51.76995739340782
77.54515451937914
66.36526602506638
75.08694321289659
90.45416129752994
61.481077555567026
66.05864757671952
50.6516112908721
82.59814273938537
62.66614605486393
58.85471185669303
76.53220909833908
67.68416386842728
80.76164148375392
70.28279960528016
70.56944071501493
80.71044004708529
58.85393827408552
63.31368016079068
71.56210523471236
44.60132345557213
41.067199032753706
54.97464729100466
140.74910701438785
159.7203775756061
175.93619504198432
146.84373524412513
157.85764810442924
174.67887195944786
136.51544973254204
155.74508300051093
127.08401051163673
160.66201915219426
131.23689970001578
164.2811920568347
164.80746990442276
148.24010951071978
153.4318287372589
149.75673880055547
191.3203146122396
127.86263014003634
130.09813254326582
174.76613891497254
191.2793887630105
139.30274824425578
142.7548096291721
121.52542762458324
148.96170065179467
149.78481431677938
144.41568533331156
149.715166606009
148.54417930170894
151.49633945152164
103.18973026052117
114.259207110852
160.122178286314
150.36555944010615
151.26012409850955
141.1629296168685
158.73374018073082
140.11392184719443
146.336642883718
139.4017115086317
156.70186134800315
150.20401091501117
150.07410849630833
125.96569661796093
151.9632554538548
127.32522454485297
108.52103243395686
182.79906716570258
154.2146760262549
141.27277052402496
82.71490911394358
87.34009585157037
69.35228158533573
62.11608351022005
75.48324479535222
63.70374082401395
82.68227655813098
91.91945973783731
91.9968648776412
90.96883171796799
73.28067465499043
68.4308145083487
81.00152985751629
56.449899923056364
82.61613455787301
95.59437784925103
70.0672746822238
86.35723333060741
63.61808208376169
61.205888114869595
105.01440339908004
74.39528122544289
74.1488254070282
61.60985451191664
80.07345375046134
56.99126274883747
64.628144107759
71.03532504662871
74.87673708796501
81.20122617483139
80.33061840757728
64.18052500858903
57.09696811065078
62.41041058301926
74.14358744770288
87.63198174908757
73.85414072498679
66.21175948902965
86.26105739548802
61.10802226141095
79.73546313866973
59.027116257697344
71.64991757646203
84.02868312597275
98.15727883577347
72.3714910633862
92.00001690536737
69.6698705367744
79.08738067373633
109.42779549956322
182.8380410000682
132.5944112315774
127.06208736076951
187.73050110787153
148.06474757567048
145.7744074985385
122.60786172747612
126.48475205525756
140.40944871678948
177.98509996384382
168.2062207683921
160.4714585468173
145.09592410176992
116.6975192911923
159.8166569173336
183.03958539292216
137.13337686657906
118.98801480233669
159.44815569370985
138.08633274957538
163.74270768463612
135.2373554110527
167.45718113705516
129.16248824074864
172.58405288681388
174.12937070429325
120.06013868376613
173.25518528744578
148.51447719335556
149.8956128358841
113.70029413327575
135.13805762678385
128.77064866572618
215.20376697182655
108.16546349599957
155.3492491953075
139.10523054748774
189.38472654670477
127.34677754342556
217.0655931904912
146.52411782369018
112.98494562506676
125.77294081822038
120.06833346560597
155.5982592329383
115.98895565420389
140.69879380241036
151.68480236828327
158.69940211996436
173.3820346109569
112.24356366693974
163.89120873436332
157.74999561533332
159.86804547905922
157.02707295119762
100.31556413322687
118.84684931486845
147.86414593085647
124.98770183324814
114.74867771565914
128.467726547271
140.49572268873453
141.3150883167982
77.38106118515134
127.53586260974407
145.242023114115
125.53881767392159
148.91044900938869
164.11586237698793
147.97780377045274
153.52765931934118
145.46307988092303
122.0772589109838
159.16402157768607
168.3816418647766
108.69002329558134
127.53758858889341
146.4353204332292
134.67415508255363
155.07959077879786
116.93094457313418
140.6958156824112
161.99040707200766
134.58096993342042
165.44452507048845
151.39914095029235
133.03563417494297
148.3469414189458
150.59504971653223
162.08908972144127
114.96940810233355
120.77384196594357
136.1341742016375
157.24302299320698
141.72501257434487
177.6998498700559
184.13431141152978
154.30968673154712
145.97787899896502
130.11934140324593
137.1725689508021
141.53351411223412
151.0175714790821
136.502210855484
130.5640437938273
130.03639306873083
130.65591417253017
187.47722317650914
124.27582701668143
163.91744345799088
138.5129184499383
119.50610192865133
157.8537844903767
145.97659578174353
161.35574750602245
149.5351530984044
120.2869871146977
155.4266131594777
133.13728376850486
139.4930774755776
175.4622246734798
168.64084327965975
143.70946658030152
122.11487724259496
132.20324429124594
127.55041259154677
139.6500734835863
156.86947447434068
134.7243262641132
135.34153107181191
134.0802958831191
142.70319256559014
167.50363318249583
111.35511267930269
169.5497923605144
134.7152987755835
148.96779791265726
134.35396756976843
138.9221937544644
157.1293877772987
143.43106669932604
158.43813823908567
137.66575715318322
145.08995959162712
136.827582500875
104.30325067043304
152.26383976265788
161.70531127229333
105.62349352240562
136.15505852550268
60.39547664672136
52.55342220142484
52.975499145686626
53.152204532176256
56.531276915222406
48.6815963499248
56.48670541122556
65.37862491980195
53.71199798211455
64.5604668147862
56.25042727962136
52.57985348626971
45.81320946291089
63.63035424798727
59.26835147291422
52.240576792508364
38.71407837793231
55.37290492653847
70.1167800873518
54.039786733686924
43.64291840419173
66.31317303329706
61.79212077334523
66.20051860436797
73.79161667078733
56.919036615639925
48.99107686802745
63.08123901486397
52.144061252474785
67.3228309713304
64.39087971299887
60.563384402543306
55.34735994413495
53.54594196751714
47.694038696587086
62.81653919816017
51.71966044977307
52.46791069582105
63.71605024114251
57.88665874674916
44.36616173014045
45.726588789373636
50.169163927435875
45.433503929525614
51.402576845139265
69.43041185289621
49.43363642320037
46.86076232045889
57.54704959690571
65.73897921666503
127.91239610686898
134.8981495425105
159.06699258089066
141.54550823569298
144.1425110399723
161.0399880707264
125.52349526435137
158.731022965163
150.9869853183627
164.6413051970303
120.21063930168748
147.03857756778598
142.42939043790102
133.47456128895283
117.16944518312812
143.34361466020346
132.87028939276934
195.81716169044375
127.35234794393182
120.41685457155108
129.49592572823167
166.6954722441733
162.42020451277494
125.54584186896682
141.86776868626475
167.53812425211072
149.82793671265244
165.44212808087468
144.2272745706141
129.70958862826228
170.77916084229946
149.44983199611306
97.87388411164284
168.83032793179154
134.06940585374832
91.24089455977082
106.59268380701542
140.4121462330222
122.31060971692204
133.83056845515966
139.69073682650924
118.59780771657825
136.60331462323666
144.43114642426372
126.84677836671472
144.23441491648555
148.5225066654384
128.41472593322396
101.78716593235731
158.50431620702147
254.99477688223124
235.19370325282216
278.190027307719
301.11448803171515
284.31899093464017
245.8145386725664
250.98508588969707
258.71235958859324
237.32215775549412
241.91144661977887
304.1907871775329
290.12318751588464
304.65005592256784
239.6607891842723
298.1730970367789
266.4005440697074
346.5433054342866
241.08953008428216
201.09841050207615
292.01780435442924
233.60136348381639
305.625474024564
253.13308414444327
286.19451788440347
285.53409938141704
345.27361961081624
299.0766388736665
270.12868052348495
196.46124048531055
370.0841815471649
200.39017114415765
210.45427860692143
244.71727842092514
274.5232174322009
343.3488091491163
264.267521802336
315.17453142255545
244.58372443914413
197.01779993996024
272.347019828856
294.4841901026666
261.24942798167467
330.78282810747623
357.51280362159014
305.3972828090191
254.19265979155898
246.42118748649955
252.7475240752101
273.0815434716642
243.7815006636083
