22.732023239135742
30.280181884765625
22.204242706298828
15.453228950500488
21.112464904785156
23.82501220703125
17.630340576171875
31.891231536865234
18.514636993408203
14.727294921875
16.63583755493164
24.959407806396484
21.848102569580078
13.827932357788086
18.880084991455078
22.748249053955078
21.996139526367188
25.81429100036621
24.522167205810547
24.964113235473633
23.075618743896484
21.897069931030273
29.97018051147461
19.1633358001709
20.20256996154785
18.762981414794922
21.407712936401367
23.187355041503906
26.645885467529297
15.234999656677246
27.556800842285156
15.500617980957031
23.121824264526367
16.291160583496094
21.50058364868164
34.09758377075195
28.231922149658203
18.961271286010742
18.42901611328125
21.49542808532715
21.396820068359375
21.54285430908203
25.71389389038086
22.235511779785156
24.654537200927734
20.141191482543945
14.2344388961792
21.18777084350586
20.796855926513672
23.068645477294922
8.379280090332031
10.689990043640137
10.22915267944336
10.811676025390625
19.584041595458984
6.354794502258301
8.011945724487305
14.987861633300781
16.1813907623291
9.427080154418945
14.116117477416992
8.196075439453125
13.505655288696289
15.694934844970703
13.923526763916016
13.05447006225586
9.394441604614258
15.797091484069824
13.861482620239258
11.478769302368164
12.164353370666504
10.934807777404785
16.670642852783203
13.212615013122559
10.83281135559082
14.001412391662598
7.0412092208862305
12.404041290283203
20.075759887695312
14.620855331420898
6.915648460388184
16.93765640258789
15.983772277832031
19.076974868774414
13.579630851745605
11.24327278137207
7.651970863342285
12.247907638549805
10.183853149414062
11.259363174438477
10.547035217285156
16.245235443115234
16.979679107666016
13.428173065185547
18.715545654296875
11.558935165405273
13.257564544677734
13.131165504455566
14.888307571411133
4.19589900970459
37.69992446899414
40.95527648925781
35.806427001953125
34.54270553588867
38.237213134765625
33.10436248779297
35.200340270996094
36.833805084228516
32.60710906982422
33.40296936035156
34.224552154541016
36.66643142700195
41.865997314453125
45.515628814697266
34.179500579833984
39.074188232421875
31.377178192138672
37.06007385253906
40.629920959472656
35.263763427734375
38.80022430419922
30.35238265991211
43.88105392456055
30.974878311157227
26.512954711914062
35.74296569824219
41.609519958496094
34.86481475830078
37.2610969543457
35.922237396240234
38.215232849121094
36.49053192138672
29.733478546142578
38.74851608276367
36.67449951171875
35.03776550292969
40.46692657470703
37.502166748046875
31.250228881835938
27.30637550354004
33.51890563964844
30.442487716674805
36.184814453125
36.71669006347656
38.90019989013672
39.7396240234375
35.70200729370117
40.49688720703125
33.891197204589844
37.65337371826172
40.04990005493164
29.880199432373047
35.14280700683594
34.773895263671875
24.15375328063965
45.923133850097656
36.2147102355957
35.71406555175781
41.48196029663086
28.590763092041016
35.826622009277344
44.43312072753906
28.503841400146484
30.525827407836914
26.476259231567383
35.67784881591797
36.894439697265625
31.711652755737305
29.876802444458008
40.91402053833008
38.81086730957031
29.424335479736328
30.252025604248047
30.436052322387695
47.247215270996094
30.705875396728516
35.77489471435547
31.174297332763672
32.065826416015625
37.86631393432617
39.633056640625
42.67897033691406
41.38243103027344
30.975208282470703
37.94239807128906
35.490318298339844
26.940004348754883
34.00460433959961
36.755916595458984
34.50556182861328
38.20948028564453
34.49300003051758
44.25615310668945
48.6634635925293
33.43754577636719
25.11569595336914
35.2360725402832
37.32496643066406
33.974456787109375
42.27277374267578
27.10931396484375
25.505043029785156
26.53459930419922
29.788898468017578
26.213634490966797
27.457748413085938
23.683704376220703
24.840301513671875
30.28988265991211
29.34050941467285
25.596237182617188
34.711822509765625
21.87582778930664
24.30197525024414
30.676258087158203
24.61978530883789
26.17612075805664
27.864290237426758
24.142539978027344
21.493228912353516
33.574668884277344
31.870737075805664
26.571666717529297
27.253864288330078
19.203001022338867
23.472755432128906
27.692867279052734
24.687637329101562
26.02687644958496
28.89856719970703
30.84894561767578
24.866724014282227
21.82111358642578
22.965614318847656
31.63097381591797
23.420228958129883
26.383712768554688
30.930233001708984
33.6263427734375
28.604557037353516
23.127683639526367
30.317806243896484
29.053722381591797
32.17649459838867
30.226329803466797
28.73126220703125
24.961523056030273
29.099353790283203
26.037784576416016
28.338939666748047
16.514925003051758
22.16787338256836
21.9173526763916
26.933849334716797
21.646656036376953
26.408750534057617
19.632495880126953
24.97441864013672
27.91638946533203
17.50235366821289
31.139760971069336
20.971527099609375
20.598833084106445
16.715991973876953
24.75029182434082
24.126182556152344
16.27935791015625
19.252208709716797
20.481210708618164
16.604469299316406
21.56831932067871
29.51996612548828
29.855220794677734
30.893695831298828
23.276473999023438
16.909828186035156
24.184268951416016
20.04489517211914
28.749679565429688
25.424396514892578
29.701526641845703
26.715118408203125
18.338455200195312
16.098587036132812
22.368453979492188
18.408504486083984
19.2667236328125
17.0119571685791
33.44777297973633
16.954818725585938
20.651077270507812
21.683025360107422
24.882328033447266
24.676620483398438
28.508350372314453
15.806578636169434
17.929718017578125
22.544708251953125
29.557722091674805
22.564727783203125
24.92156219482422
16.668262481689453
32.2068977355957
24.99353790283203
20.720508575439453
21.66110610961914
17.99924087524414
18.774185180664062
16.54458236694336
27.210485458374023
20.108369827270508
24.13555908203125
17.586498260498047
13.498846054077148
19.53656768798828
17.748632431030273
26.659975051879883
17.432449340820312
22.128215789794922
26.178329467773438
17.232009887695312
19.383054733276367
23.433448791503906
11.711769104003906
26.182422637939453
17.994226455688477
25.329715728759766
26.69655990600586
22.130096435546875
20.59375762939453
32.948394775390625
22.08275604248047
27.51095199584961
27.398712158203125
13.501178741455078
24.252038955688477
24.453556060791016
18.82286834716797
22.432605743408203
17.349626541137695
23.306737899780273
23.241554260253906
29.2805233001709
15.871175765991211
23.17282485961914
22.343379974365234
22.712249755859375
19.974910736083984
22.32065200805664
19.16775131225586
15.459701538085938
17.657880783081055
14.086393356323242
15.177428245544434
11.677031517028809
18.072439193725586
11.869453430175781
13.236673355102539
15.016365051269531
14.90343189239502
15.74676513671875
7.862407207489014
11.721057891845703
18.374332427978516
11.581687927246094
14.194272994995117
14.899959564208984
10.537786483764648
10.804106712341309
17.017372131347656
11.203339576721191
15.651305198669434
14.632373809814453
17.021482467651367
17.918176651000977
14.17728042602539
11.77171516418457
14.913387298583984
12.408431053161621
16.192983627319336
12.283644676208496
12.258434295654297
19.775127410888672
12.188957214355469
11.857551574707031
16.700054168701172
13.71357536315918
15.201459884643555
20.963830947875977
13.062002182006836
18.298063278198242
19.679275512695312
13.749590873718262
17.448652267456055
20.929576873779297
13.410858154296875
12.130325317382812
18.956907272338867
16.117679595947266
12.401554107666016
24.703596115112305
21.742616653442383
20.22854232788086
18.237794876098633
14.863494873046875
25.435623168945312
23.579030990600586
14.367823600769043
25.164031982421875
16.492660522460938
26.163043975830078
21.268606185913086
20.692440032958984
15.568092346191406
22.640039443969727
20.76154327392578
16.34994888305664
23.288433074951172
23.407974243164062
20.547565460205078
23.23040199279785
23.41220474243164
16.19613265991211
18.22419548034668
18.808551788330078
18.991012573242188
27.09044647216797
13.517346382141113
22.927392959594727
20.57652473449707
22.150941848754883
12.972869873046875
20.190961837768555
21.573692321777344
23.781143188476562
26.853679656982422
14.993703842163086
19.411731719970703
17.354843139648438
24.420663833618164
22.57286834716797
15.697314262390137
14.998525619506836
17.952457427978516
17.78639030456543
15.956587791442871
18.908578872680664
18.024356842041016
25.455760955810547
21.877273559570312
10.227272033691406
13.129337310791016
12.117076873779297
10.838764190673828
8.718080520629883
11.807912826538086
14.79526138305664
15.287057876586914
16.090038299560547
14.85764217376709
9.951184272766113
8.472086906433105
6.595130443572998
1.9118342399597168
9.467262268066406
10.650854110717773
8.831457138061523
7.552735805511475
1.5215883255004883
8.948201179504395
10.678741455078125
5.518835067749023
14.963045120239258
7.336928367614746
9.420900344848633
9.809235572814941
10.727551460266113
13.076913833618164
13.8990478515625
18.747127532958984
11.162249565124512
4.474140167236328
7.1882781982421875
8.297100067138672
7.162087917327881
15.801216125488281
10.836620330810547
12.298086166381836
16.103126525878906
14.437959671020508
17.57612419128418
15.217453002929688
12.356266975402832
19.933366775512695
14.254777908325195
4.0800909996032715
4.418256759643555
10.380349159240723
15.379531860351562
13.601118087768555
30.452892303466797
25.267913818359375
28.527652740478516
29.983179092407227
28.13705062866211
30.429841995239258
26.10771942138672
31.037029266357422
23.5096435546875
27.098674774169922
26.207826614379883
24.935436248779297
30.305145263671875
27.25977325439453
29.5341796875
29.92279815673828
24.38597869873047
25.35470199584961
32.499080657958984
24.558609008789062
23.202760696411133
34.81481170654297
30.048084259033203
33.72071838378906
22.870267868041992
26.317886352539062
25.74557113647461
24.56045150756836
27.3258113861084
28.738990783691406
27.709997177124023
28.529003143310547
30.573474884033203
27.02958106994629
19.560565948486328
29.142215728759766
32.859004974365234
22.85468101501465
22.077388763427734
26.915781021118164
29.258087158203125
31.93084144592285
29.318832397460938
36.75083923339844
25.461870193481445
26.578445434570312
26.839462280273438
33.53059387207031
27.984161376953125
32.031864166259766
33.017555236816406
27.214006423950195
28.128604888916016
21.744873046875
27.031997680664062
31.480998992919922
16.13044548034668
13.621231079101562
24.33285903930664
26.19721221923828
24.427776336669922
32.9520263671875
25.12619400024414
22.345703125
26.777233123779297
34.75541687011719
32.05353546142578
25.625308990478516
19.00246810913086
24.866960525512695
34.494327545166016
26.701406478881836
26.60365867614746
22.90066146850586
26.365848541259766
28.440326690673828
26.103647232055664
22.654558181762695
27.85209083557129
20.27781105041504
32.07838439941406
15.385438919067383
31.110897064208984
25.647808074951172
20.5362548828125
27.66461181640625
33.33955764770508
22.688472747802734
26.990291595458984
34.09577941894531
21.749231338500977
29.123035430908203
33.77910614013672
29.063709259033203
25.532554626464844
25.670143127441406
29.920124053955078
27.389019012451172
27.139625549316406
23.154319763183594
31.744518280029297
23.733232498168945
33.51250457763672
27.534423828125
30.532564163208008
31.846723556518555
38.19785690307617
23.315948486328125
23.587430953979492
32.89038848876953
39.09051513671875
33.12335205078125
39.59185791015625
32.9365234375
34.32209014892578
29.61249542236328
32.942054748535156
38.358680725097656
28.547672271728516
34.05809020996094
27.60287094116211
35.438514709472656
39.42185974121094
28.580978393554688
38.54693603515625
33.765281677246094
24.132335662841797
31.672006607055664
37.64027786254883
37.737266540527344
35.59381103515625
36.138282775878906
35.52165222167969
31.21564483642578
37.3517951965332
29.12700843811035
30.00448989868164
28.852752685546875
36.71526336669922
27.988906860351562
24.867786407470703
33.53956985473633
39.732269287109375
35.192779541015625
40.52162170410156
22.821117401123047
35.025184631347656
45.49353790283203
41.410911560058594
35.82501983642578
18.282344818115234
22.77785873413086
17.073360443115234
17.59666633605957
17.932758331298828
22.567718505859375
21.68621826171875
22.97254180908203
18.848011016845703
22.629228591918945
20.231216430664062
15.395768165588379
15.703393936157227
19.08208465576172
20.475391387939453
20.05801010131836
20.672840118408203
22.731979370117188
18.237300872802734
16.2325439453125
21.79408073425293
28.379852294921875
21.972843170166016
21.970579147338867
28.987140655517578
21.370553970336914
25.12125015258789
21.386444091796875
23.150527954101562
18.432729721069336
26.427814483642578
16.80204200744629
19.063770294189453
23.14764404296875
25.002134323120117
18.78119659423828
23.701309204101562
23.693592071533203
22.13532257080078
22.5770263671875
23.17836570739746
15.449056625366211
14.859007835388184
14.343290328979492
24.395145416259766
22.80174446105957
16.19253921508789
27.58153533935547
20.33456039428711
23.911577224731445
20.427513122558594
25.880842208862305
16.410614013671875
28.69916343688965
25.494396209716797
16.68332862854004
23.12453842163086
22.01898956298828
24.456905364990234
29.761531829833984
28.61328887939453
33.738685607910156
28.626375198364258
13.923149108886719
23.68682098388672
25.469165802001953
25.019882202148438
23.037769317626953
26.76494026184082
29.962535858154297
30.875812530517578
25.468429565429688
27.49176788330078
23.748615264892578
24.257091522216797
34.965431213378906
20.96256446838379
33.2150993347168
36.88819122314453
28.027074813842773
31.739776611328125
36.10144805908203
28.904766082763672
33.087650299072266
19.60250473022461
19.550521850585938
30.534015655517578
30.172565460205078
23.983463287353516
33.24946212768555
20.176910400390625
26.363996505737305
24.24136734008789
15.775246620178223
25.008630752563477
26.654138565063477
21.060718536376953
24.163740158081055
24.42595672607422
26.269582748413086
18.965576171875
14.068780899047852
14.53528881072998
15.722349166870117
10.8628511428833
16.114131927490234
16.377243041992188
22.341293334960938
14.165409088134766
14.57547378540039
19.206562042236328
12.024639129638672
13.866813659667969
11.75420093536377
16.958412170410156
21.9287109375
13.835668563842773
17.00707244873047
20.167022705078125
16.481840133666992
17.05709457397461
14.7977294921875
20.151512145996094
9.709224700927734
18.973876953125
12.807659149169922
19.738849639892578
10.068498611450195
12.140763282775879
17.30506134033203
12.350578308105469
15.68314266204834
17.719144821166992
15.989912033081055
18.788414001464844
20.437911987304688
13.565439224243164
18.602493286132812
22.96868896484375
18.46209144592285
16.221298217773438
19.137649536132812
19.706626892089844
22.96927261352539
18.65032958984375
20.906944274902344
16.58989715576172
12.058314323425293
11.01601505279541
18.673572540283203
19.878171920776367
33.69744873046875
32.577693939208984
29.761005401611328
33.38887023925781
28.52967643737793
23.032390594482422
25.47577667236328
22.825824737548828
29.61008071899414
32.998069763183594
23.662704467773438
35.239444732666016
25.05333709716797
22.031021118164062
29.947635650634766
34.75930404663086
27.933334350585938
21.436662673950195
25.471946716308594
22.452484130859375
35.19240188598633
23.37851333618164
17.87759780883789
21.955141067504883
24.53753662109375
23.20221710205078
22.075538635253906
20.033119201660156
32.18663024902344
22.850889205932617
22.77651023864746
34.13856506347656
28.70706558227539
20.779739379882812
29.050704956054688
25.8764705657959
29.262685775756836
27.54705810546875
21.306968688964844
22.584230422973633
22.487319946289062
23.537031173706055
35.36751937866211
20.824161529541016
22.573678970336914
23.52861976623535
34.30805206298828
38.28042221069336
32.46608352661133
16.63843536376953
17.632673263549805
17.04208755493164
12.846141815185547
21.51652717590332
22.67756462097168
11.747669219970703
16.776325225830078
12.352867126464844
18.439294815063477
8.899202346801758
18.236713409423828
15.65238094329834
17.428787231445312
17.256362915039062
21.450714111328125
21.48992919921875
15.335859298706055
20.872140884399414
18.57193374633789
15.934181213378906
16.748485565185547
15.827128410339355
7.614411354064941
15.006607055664062
16.778656005859375
11.847574234008789
18.13869285583496
13.099655151367188
20.034404754638672
13.542518615722656
14.43669605255127
12.707329750061035
13.719284057617188
15.881543159484863
16.330928802490234
17.702173233032227
13.875343322753906
20.133464813232422
6.389090061187744
15.421862602233887
16.078166961669922
13.719341278076172
8.468196868896484
18.07390594482422
12.476411819458008
4.521267414093018
16.25210189819336
16.269718170166016
10.910536766052246
28.602012634277344
24.790630340576172
22.899282455444336
35.419036865234375
28.31555938720703
26.29254913330078
22.0418758392334
27.575969696044922
14.917377471923828
20.802993774414062
27.520463943481445
24.851886749267578
24.751850128173828
24.97479248046875
26.321685791015625
21.741466522216797
18.361064910888672
22.78708839416504
17.03970718383789
22.200748443603516
25.208728790283203
26.977397918701172
18.425701141357422
19.188514709472656
36.200477600097656
29.750648498535156
28.54991912841797
29.096168518066406
20.565616607666016
29.25164031982422
26.446979522705078
27.453144073486328
24.614582061767578
16.156038284301758
25.897689819335938
25.48657989501953
27.817398071289062
21.23077392578125
36.852867126464844
25.221233367919922
24.603588104248047
30.41913604736328
24.70557403564453
27.675281524658203
23.14914321899414
26.09360122680664
22.85897445678711
19.79907989501953
27.782453536987305
24.337717056274414
28.468429565429688
32.76858139038086
36.8818244934082
33.871131896972656
24.812637329101562
23.07647705078125
31.05668067932129
23.648469924926758
35.63443374633789
46.03626251220703
30.193096160888672
32.335941314697266
27.684524536132812
37.159690856933594
33.68666076660156
28.53766441345215
26.718835830688477
31.066463470458984
41.70064926147461
30.712940216064453
22.11797523498535
30.386730194091797
30.557506561279297
32.93291473388672
34.67958450317383
38.6977653503418
26.513111114501953
35.53861618041992
37.28882598876953
34.880916595458984
38.388389587402344
28.446998596191406
39.404178619384766
35.157466888427734
34.961334228515625
36.706146240234375
38.404327392578125
37.00524139404297
37.578128814697266
34.83373260498047
34.76018524169922
38.20835876464844
33.402565002441406
43.29193115234375
34.85533905029297
41.994049072265625
36.17396926879883
32.603759765625
35.231632232666016
31.221773147583008
25.703956604003906
31.867042541503906
26.520498275756836
33.61675262451172
37.941864013671875
30.71465492248535
32.60919189453125
29.189865112304688
39.01464080810547
29.529430389404297
33.497398376464844
26.86138916015625
24.172607421875
33.25041198730469
36.046058654785156
31.096744537353516
29.22168731689453
28.468931198120117
32.21803283691406
39.0306396484375
41.45342254638672
36.5194091796875
29.92896842956543
30.41910171508789
35.25632858276367
24.16888427734375
29.56581687927246
35.48800277709961
35.025482177734375
33.225032806396484
29.17723846435547
28.05889892578125
26.89328956604004
33.449405670166016
32.903221130371094
33.56817626953125
36.81742858886719
37.100852966308594
22.618024826049805
30.001590728759766
36.24199295043945
32.555294036865234
33.798736572265625
29.8691349029541
36.22722625732422
32.07283020019531
34.00874328613281
30.00562858581543
30.865598678588867
25.113201141357422
26.1485538482666
33.02888488769531
28.139984130859375
24.77781867980957
28.348705291748047
34.4789924621582
26.38595962524414
28.920055389404297
26.52398681640625
21.75881576538086
25.707395553588867
25.460962295532227
33.81526184082031
21.553714752197266
27.466293334960938
30.759746551513672
17.15107536315918
27.544574737548828
32.12899398803711
25.630905151367188
25.15399932861328
24.923046112060547
27.299152374267578
22.12646484375
37.100128173828125
23.188488006591797
28.177974700927734
24.18206024169922
30.370166778564453
20.987483978271484
39.335777282714844
35.35496520996094
30.329397201538086
33.66928482055664
28.043529510498047
23.163103103637695
28.047849655151367
31.749378204345703
25.531803131103516
21.2779541015625
27.34609031677246
14.590629577636719
22.492755889892578
31.88726234436035
27.027179718017578
28.283409118652344
23.22711753845215
23.73177719116211
21.553359985351562
28.867412567138672
36.666358947753906
37.64356994628906
41.03841018676758
47.07139587402344
41.41789627075195
51.540077209472656
49.60108184814453
46.98943328857422
41.41342544555664
34.78409957885742
37.715911865234375
50.542964935302734
42.34690475463867
40.27230453491211
35.34001159667969
49.48191833496094
39.294376373291016
37.80289077758789
35.0681266784668
40.07704162597656
34.507198333740234
45.87967300415039
43.59412384033203
43.63767623901367
48.80327606201172
47.732276916503906
36.808048248291016
44.63445281982422
38.396995544433594
29.62741470336914
44.57141876220703
41.00770568847656
41.39573669433594
40.64269256591797
53.26723098754883
39.53130340576172
46.12416076660156
42.66893005371094
40.95539855957031
55.53765869140625
35.467994689941406
39.981781005859375
38.54335021972656
56.30938720703125
55.131019592285156
44.58867645263672
37.963775634765625
30.837257385253906
39.759403228759766
43.763816833496094
12.817178726196289
9.091447830200195
6.04149055480957
11.436959266662598
12.489727973937988
12.626121520996094
6.762783050537109
8.45611572265625
8.989675521850586
19.254623413085938
16.8313045501709
13.333635330200195
12.707429885864258
12.939008712768555
10.626666069030762
9.155802726745605
8.63046646118164
11.622785568237305
17.478225708007812
8.127171516418457
14.86727523803711
12.3839111328125
11.267219543457031
8.315423965454102
5.860156059265137
13.934868812561035
13.686638832092285
9.692229270935059
5.173926830291748
8.865558624267578
17.323265075683594
9.072534561157227
11.734989166259766
17.583311080932617
15.182648658752441
9.476991653442383
11.640910148620605
17.90628433227539
8.558650970458984
16.956165313720703
16.41871452331543
17.836811065673828
16.863258361816406
9.910019874572754
14.310201644897461
11.832563400268555
8.314348220825195
16.53104019165039
11.045846939086914
18.937402725219727
24.46527099609375
30.323760986328125
27.156917572021484
37.154884338378906
32.260345458984375
24.662431716918945
25.485288619995117
21.551679611206055
30.773733139038086
20.331661224365234
21.19622230529785
35.353389739990234
24.59889030456543
30.03865623474121
26.796977996826172
32.965545654296875
29.207271575927734
24.190155029296875
26.188396453857422
26.037395477294922
28.08722496032715
30.13373565673828
21.4871826171875
30.161659240722656
33.533912658691406
23.46457862854004
25.64487075805664
33.750911712646484
27.684329986572266
36.564334869384766
25.68121337890625
31.60000991821289
32.73029708862305
19.770296096801758
30.49135398864746
20.905593872070312
23.79706573486328
37.738121032714844
34.52698516845703
23.142841339111328
32.14023208618164
27.388687133789062
31.590282440185547
21.256254196166992
22.895458221435547
30.899078369140625
23.32874298095703
22.646549224853516
24.660667419433594
24.38238525390625
20.745159149169922
26.13382339477539
30.48818588256836
22.419178009033203
37.08359146118164
19.204574584960938
33.21710968017578
22.52834129333496
34.63716125488281
23.091068267822266
37.4539680480957
36.09638595581055
26.809165954589844
26.943851470947266
34.86623001098633
28.679954528808594
22.68631362915039
17.93990707397461
33.70131301879883
29.574249267578125
37.156036376953125
32.576480865478516
24.626129150390625
33.590248107910156
32.49501037597656
42.8326416015625
22.524709701538086
34.68988800048828
33.05757141113281
29.46636962890625
27.91641616821289
29.356300354003906
24.692211151123047
22.076766967773438
32.12159729003906
31.122650146484375
24.73603057861328
29.756519317626953
30.992969512939453
26.58115005493164
29.479368209838867
25.822044372558594
28.354408264160156
32.148136138916016
31.81801414489746
28.101581573486328
27.745105743408203
22.488964080810547
40.16323471069336
26.392057418823242
19.76030731201172
16.959362030029297
17.481351852416992
15.525766372680664
25.002456665039062
22.735279083251953
20.051557540893555
10.66384506225586
13.245230674743652
24.154644012451172
23.262882232666016
9.858671188354492
16.759552001953125
22.8298282623291
22.826614379882812
16.74712562561035
24.402685165405273
16.585506439208984
17.365808486938477
22.071327209472656
15.045446395874023
17.875530242919922
17.85796356201172
26.910114288330078
12.707572937011719
12.769344329833984
15.837876319885254
17.94890785217285
21.572954177856445
14.328834533691406
23.579774856567383
13.64553165435791
10.610755920410156
9.008682250976562
17.793134689331055
20.594078063964844
18.003204345703125
15.36180305480957
14.8046875
15.26938247680664
19.227703094482422
25.528507232666016
20.882089614868164
18.746829986572266
23.833160400390625
22.62133026123047
20.51272201538086
18.30826187133789
13.28577995300293
14.156558990478516
9.771322250366211
6.583260536193848
1.4714546203613281
14.11446762084961
10.716197967529297
11.551074981689453
12.221662521362305
0.29551786184310913
8.305916786193848
14.321468353271484
8.803543090820312
0.6358086466789246
8.6495361328125
-3.5663833618164062
3.248293876647949
5.511285305023193
0.3003508150577545
8.020689964294434
7.294549942016602
5.931819438934326
7.088665962219238
7.782319068908691
3.073908805847168
6.531538486480713
10.199915885925293
5.699021339416504
5.058827877044678
4.702620506286621
1.1027114391326904
7.2090678215026855
6.537520408630371
-1.4467778205871582
5.797432899475098
3.8598215579986572
2.879148006439209
2.4397664070129395
4.075198173522949
10.998710632324219
6.5723419189453125
14.145440101623535
3.9874894618988037
9.528146743774414
6.0656561851501465
7.026636123657227
11.117435455322266
10.491144180297852
16.641254425048828
1.7115483283996582
6.731768608093262
11.524279594421387
29.73947525024414
23.68068504333496
35.2850341796875
22.354997634887695
37.60470962524414
33.52101135253906
34.57887649536133
42.37052917480469
33.204071044921875
38.87926483154297
28.68877601623535
24.978687286376953
36.48363494873047
36.2915153503418
32.18638610839844
34.24308776855469
30.071157455444336
36.24173355102539
36.77161407470703
36.81556701660156
35.52324676513672
31.23044204711914
35.87688446044922
29.140153884887695
25.43311309814453
32.345130920410156
28.28044891357422
29.34244155883789
28.802154541015625
34.289512634277344
23.55649185180664
36.67192077636719
34.007904052734375
29.63939094543457
30.937210083007812
33.091957092285156
42.972450256347656
40.722023010253906
38.77752685546875
35.133941650390625
34.101375579833984
39.15886688232422
32.60486602783203
34.34794235229492
35.92766189575195
32.323699951171875
39.76408767700195
34.499263763427734
36.241580963134766
32.804931640625
17.85610008239746
9.845911026000977
12.843194961547852
13.263314247131348
11.472792625427246
20.309612274169922
13.971890449523926
15.273279190063477
13.478897094726562
16.725345611572266
15.15202522277832
10.909570693969727
16.673006057739258
17.072669982910156
13.715737342834473
7.230040550231934
10.642961502075195
15.44945240020752
13.286615371704102
11.045814514160156
12.012456893920898
8.866613388061523
12.151016235351562
13.88632583618164
14.020949363708496
8.661444664001465
14.532327651977539
11.526156425476074
14.463510513305664
14.276166915893555
15.742369651794434
14.888923645019531
10.380475997924805
9.412613868713379
17.444622039794922
12.544361114501953
11.717700004577637
12.1870698928833
13.942174911499023
16.701690673828125
13.491517066955566
16.995403289794922
15.716133117675781
18.360408782958984
14.872762680053711
13.620559692382812
10.056411743164062
19.331729888916016
14.668351173400879
11.16826343536377
25.74443244934082
15.814037322998047
20.219635009765625
27.441978454589844
22.529014587402344
20.83814239501953
31.611282348632812
28.460702896118164
26.914222717285156
23.920574188232422
24.191179275512695
31.258634567260742
27.29128646850586
30.339466094970703
26.67786407470703
20.547039031982422
23.923927307128906
24.469676971435547
24.70102310180664
26.733722686767578
26.25267791748047
22.25021743774414
26.44193458557129
20.986282348632812
28.95244598388672
22.031633377075195
24.433452606201172
21.37139129638672
27.705013275146484
17.317899703979492
29.73204803466797
25.751541137695312
22.319473266601562
17.500904083251953
27.445049285888672
16.606868743896484
21.186288833618164
32.73408508300781
26.986309051513672
21.146160125732422
22.666345596313477
26.097333908081055
26.268756866455078
24.418825149536133
20.28351593017578
24.308229446411133
25.460742950439453
28.325050354003906
29.916290283203125
22.708969116210938
11.526721000671387
16.499122619628906
23.388267517089844
8.078978538513184
12.297782897949219
16.982505798339844
6.488901138305664
10.33051586151123
12.259326934814453
13.796154022216797
11.024152755737305
17.2047176361084
13.12282657623291
17.46114730834961
15.734904289245605
3.4606876373291016
12.477102279663086
14.36982250213623
13.151216506958008
13.35903263092041
6.808119773864746
12.973627090454102
5.184274673461914
20.967411041259766
11.815046310424805
7.318998336791992
17.55965805053711
4.997071266174316
19.567481994628906
9.935323715209961
20.513586044311523
10.296589851379395
11.8799467086792
6.555779457092285
9.924362182617188
15.362533569335938
16.663087844848633
19.578458786010742
12.942327499389648
9.835188865661621
9.240775108337402
17.88468360900879
16.11256980895996
13.165063858032227
17.912220001220703
10.389656066894531
15.352682113647461
7.374954700469971
9.19612979888916
16.993749618530273
29.263092041015625
32.93777847290039
26.977550506591797
28.531614303588867
24.50783920288086
32.37437438964844
23.749507904052734
35.133121490478516
33.41609191894531
27.574295043945312
37.66291809082031
30.027076721191406
31.570030212402344
26.893115997314453
37.31041717529297
24.9741153717041
35.91773223876953
32.55324935913086
30.325347900390625
26.238391876220703
34.45747756958008
33.161861419677734
36.67244338989258
32.828346252441406
31.775598526000977
30.972110748291016
39.216514587402344
38.01122283935547
29.98719024658203
31.037012100219727
28.26003646850586
39.67939758300781
31.317039489746094
27.697908401489258
30.309864044189453
29.87143325805664
33.103538513183594
34.4156494140625
23.66399574279785
37.08679962158203
29.285995483398438
25.367080688476562
35.59306716918945
27.79007339477539
34.261375427246094
34.831512451171875
27.768049240112305
25.31270980834961
35.059104919433594
34.888370513916016
14.393787384033203
12.999624252319336
15.271133422851562
14.241196632385254
15.100794792175293
19.6363582611084
9.266566276550293
5.7677812576293945
12.739295959472656
12.915287017822266
15.48771858215332
16.253978729248047
19.566951751708984
12.06358814239502
16.64671516418457
18.408588409423828
13.783929824829102
11.212594985961914
11.32204532623291
17.305944442749023
12.526759147644043
13.561413764953613
14.220785140991211
11.461393356323242
14.233243942260742
7.446730613708496
7.279738426208496
12.590959548950195
11.676422119140625
10.430730819702148
10.698285102844238
8.36802864074707
19.57466697692871
13.521583557128906
9.638248443603516
13.188342094421387
14.571419715881348
15.245229721069336
13.673223495483398
15.515630722045898
10.766605377197266
19.415573120117188
13.866729736328125
5.790670394897461
11.06264591217041
11.242473602294922
16.41268539428711
12.3694486618042
12.431720733642578
16.403186798095703
31.713443756103516
29.039976119995117
23.033248901367188
29.136009216308594
17.979328155517578
27.412796020507812
28.61256980895996
23.340320587158203
25.044370651245117
20.764684677124023
22.865753173828125
36.75289535522461
20.937175750732422
28.95711898803711
31.275066375732422
31.927207946777344
32.804168701171875
22.720373153686523
26.6226749420166
31.314075469970703
24.896595001220703
24.68136215209961
26.783851623535156
27.791980743408203
24.719449996948242
30.132064819335938
22.41963768005371
33.80835723876953
22.457597732543945
26.825950622558594
27.78311538696289
26.235013961791992
30.333709716796875
24.395408630371094
31.102386474609375
23.517906188964844
25.15863037109375
27.552902221679688
31.764745712280273
22.08896255493164
25.348922729492188
23.43917465209961
27.95675277709961
26.499271392822266
28.866180419921875
27.486465454101562
23.918333053588867
14.292156219482422
29.342010498046875
25.563922882080078
17.711181640625
15.178092002868652
14.152093887329102
12.125199317932129
15.148788452148438
9.699446678161621
18.091766357421875
12.438933372497559
16.18848419189453
16.41484260559082
9.014122009277344
11.327445983886719
20.21656608581543
13.045312881469727
16.275020599365234
10.310848236083984
11.20982551574707
14.014287948608398
16.07341957092285
11.423894882202148
11.08999252319336
15.170125007629395
13.237639427185059
9.686487197875977
14.193835258483887
11.192694664001465
9.914729118347168
12.693098068237305
14.936359405517578
11.20743179321289
12.846799850463867
9.238569259643555
17.386991500854492
11.974189758300781
10.083152770996094
13.97362232208252
14.817414283752441
14.96387767791748
7.622291564941406
7.584090709686279
18.332000732421875
10.37739372253418
11.762752532958984
11.252326011657715
14.99431037902832
13.576177597045898
5.7314629554748535
13.665502548217773
16.173297882080078
13.81539535522461
28.171533584594727
24.15184783935547
32.04261779785156
26.574588775634766
32.89219665527344
32.386600494384766
27.48553466796875
30.7200927734375
26.048259735107422
27.780723571777344
25.860197067260742
27.008493423461914
27.954490661621094
34.598876953125
26.574974060058594
29.079158782958984
36.934959411621094
29.467519760131836
24.78034210205078
29.33080291748047
34.74010467529297
24.35009002685547
29.955657958984375
29.868549346923828
34.352664947509766
29.62444305419922
30.628877639770508
27.392353057861328
27.264366149902344
27.793292999267578
25.280750274658203
34.188446044921875
22.25143814086914
30.97840690612793
36.578983306884766
32.093902587890625
34.52720642089844
32.478416442871094
27.81068992614746
29.043941497802734
27.212902069091797
27.79161262512207
29.004642486572266
29.665119171142578
24.462324142456055
33.343719482421875
26.268512725830078
33.59706115722656
34.458396911621094
29.446273803710938
25.306657791137695
20.546096801757812
21.495651245117188
19.847850799560547
19.11815643310547
23.027324676513672
23.331008911132812
27.42583465576172
26.3348388671875
24.992095947265625
16.746585845947266
19.5174560546875
19.49933624267578
23.472801208496094
24.1298885345459
16.165483474731445
17.821149826049805
15.13597297668457
13.390558242797852
20.30877113342285
26.190330505371094
18.261943817138672
22.546781539916992
21.92452621459961
28.76219940185547
15.690534591674805
28.53091049194336
21.852046966552734
21.400463104248047
31.363861083984375
17.45597267150879
26.4876708984375
25.650989532470703
22.81186866760254
20.418506622314453
21.9229736328125
25.30211639404297
18.48366928100586
15.076766967773438
21.597076416015625
20.239971160888672
12.933244705200195
21.57128143310547
25.69283103942871
24.019874572753906
26.712886810302734
20.485034942626953
25.972352981567383
23.272573471069336
21.22321319580078
24.369380950927734
21.093120574951172
25.920146942138672
27.829975128173828
21.18739128112793
23.308218002319336
26.39199447631836
23.54680824279785
26.264484405517578
21.564437866210938
24.028087615966797
23.501630783081055
34.243446350097656
32.59833526611328
28.022676467895508
24.131549835205078
27.342750549316406
21.097871780395508
27.70435333251953
37.625343322753906
28.503803253173828
29.835063934326172
22.373672485351562
22.76214599609375
23.476694107055664
24.86373519897461
28.140270233154297
28.967674255371094
34.337120056152344
19.886199951171875
23.11205291748047
31.171859741210938
37.03679275512695
25.40740966796875
22.033884048461914
25.37884521484375
29.9714298248291
29.26886558532715
18.204877853393555
24.300609588623047
26.450822830200195
27.807270050048828
22.802536010742188
19.312896728515625
26.2450008392334
28.57063102722168
32.634674072265625
31.593538284301758
26.006858825683594
28.511764526367188
20.28832244873047
23.389915466308594
14.283284187316895
11.576940536499023
12.612411499023438
12.5238676071167
21.704883575439453
15.608014106750488
17.70758819580078
16.360668182373047
12.739188194274902
15.572124481201172
16.203969955444336
26.275365829467773
21.058391571044922
15.054784774780273
19.750699996948242
19.301036834716797
21.450984954833984
18.12339973449707
12.940155029296875
16.91525650024414
15.544507026672363
19.36052703857422
15.889345169067383
22.85800552368164
21.26245880126953
15.802339553833008
16.069438934326172
25.810775756835938
18.151424407958984
23.65665626525879
20.443876266479492
14.154437065124512
25.04139518737793
18.234107971191406
17.754953384399414
15.989009857177734
18.93444061279297
19.574342727661133
14.441234588623047
16.420490264892578
15.571822166442871
22.598440170288086
19.953405380249023
22.283100128173828
13.602489471435547
15.079107284545898
17.36886978149414
11.835392951965332
14.33870792388916
14.777425765991211
19.817123413085938
16.374195098876953
16.230037689208984
11.87289810180664
18.038606643676758
17.30257797241211
19.087200164794922
15.415362358093262
18.40962791442871
15.94558334350586
17.717947006225586
23.66492462158203
24.835535049438477
21.53170394897461
18.420642852783203
14.311091423034668
20.277578353881836
18.7336483001709
16.611906051635742
18.95587158203125
14.037435531616211
13.484374046325684
17.99026870727539
17.929275512695312
19.550098419189453
17.989757537841797
15.023691177368164
19.385944366455078
14.492280960083008
19.763195037841797
20.754573822021484
14.917778968811035
26.254024505615234
16.691612243652344
17.323387145996094
13.264880180358887
15.57052230834961
19.540355682373047
18.260112762451172
12.986045837402344
13.626956939697266
13.544349670410156
14.98282527923584
17.611862182617188
19.113872528076172
20.84819221496582
16.65555191040039
19.438114166259766
10.102115631103516
19.788400650024414
16.1685733795166
13.990985870361328
10.333250045776367
16.159709930419922
12.740361213684082
13.33660888671875
15.36488151550293
16.235292434692383
17.434112548828125
18.734054565429688
18.445262908935547
18.71748161315918
17.898651123046875
10.76600170135498
18.303531646728516
12.556028366088867
23.36408233642578
15.593782424926758
10.871611595153809
16.10211944580078
14.68843936920166
21.385147094726562
13.92771053314209
19.048702239990234
20.262434005737305
14.552267074584961
16.23723030090332
19.63210678100586
16.306903839111328
14.176155090332031
18.776508331298828
17.41724395751953
12.132088661193848
14.95880126953125
13.042928695678711
18.246021270751953
12.125062942504883
17.132854461669922
19.73358917236328
25.877731323242188
12.053509712219238
14.871617317199707
18.597789764404297
13.870651245117188
21.10319709777832
15.802836418151855
18.62930679321289
10.589645385742188
16.241119384765625
14.616779327392578
14.0374755859375
27.293399810791016
22.8183650970459
25.224502563476562
26.363420486450195
22.701581954956055
16.20749282836914
14.116430282592773
17.489913940429688
18.584016799926758
17.1380558013916
17.833091735839844
16.070119857788086
16.827407836914062
19.173446655273438
14.354873657226562
18.43848991394043
27.164491653442383
16.69296646118164
15.130010604858398
22.143299102783203
21.945167541503906
20.437767028808594
11.059521675109863
15.34073257446289
20.648414611816406
20.17253875732422
16.341144561767578
15.441244125366211
11.490365982055664
12.930929183959961
15.994579315185547
25.483642578125
15.807130813598633
17.195894241333008
10.920450210571289
25.187511444091797
20.43537712097168
14.806257247924805
23.361196517944336
10.057439804077148
22.382183074951172
17.403362274169922
16.592920303344727
14.565716743469238
15.872459411621094
20.899246215820312
17.79596519470215
20.263629913330078
20.578386306762695
18.671539306640625
25.775310516357422
21.727815628051758
21.71062660217285
18.682323455810547
20.89298439025879
24.179988861083984
15.761880874633789
18.86043357849121
27.00374412536621
17.26764488220215
22.33850860595703
27.121845245361328
25.06002426147461
24.3001708984375
26.205062866210938
19.36958885192871
30.001083374023438
20.879776000976562
22.453266143798828
21.36600112915039
18.097274780273438
20.836036682128906
25.84408187866211
25.9917049407959
25.996543884277344
25.92987060546875
18.973413467407227
22.233074188232422
14.193373680114746
25.75537109375
23.590576171875
22.481748580932617
18.63003158569336
21.033634185791016
21.618595123291016
27.20827293395996
27.161903381347656
23.275466918945312
19.61524772644043
15.493966102600098
31.712169647216797
18.957008361816406
20.61147117614746
16.42357635498047
24.380544662475586
24.48944854736328
17.71697998046875
15.60482120513916
19.097923278808594
6.802304267883301
10.343633651733398
11.760055541992188
12.031205177307129
10.545167922973633
9.097921371459961
9.650323867797852
11.79051399230957
10.194316864013672
3.668769359588623
10.110408782958984
13.537507057189941
14.41583251953125
9.024932861328125
13.011822700500488
4.784444808959961
8.192428588867188
4.62458610534668
7.986466407775879
12.027973175048828
8.65522575378418
18.93545913696289
15.596891403198242
15.472480773925781
15.382763862609863
11.375907897949219
6.861007213592529
7.260563850402832
11.210556030273438
14.181673049926758
17.65864372253418
13.378511428833008
12.522626876831055
10.392136573791504
11.26783561706543
6.813687324523926
11.45022201538086
10.618148803710938
7.621242523193359
8.898353576660156
12.634328842163086
13.63317584991455
8.988937377929688
9.329699516296387
14.89623737335205
13.15666675567627
13.461970329284668
15.897254943847656
22.977130889892578
20.123367309570312
22.031295776367188
17.76953887939453
22.91640853881836
23.422286987304688
20.07849884033203
27.546798706054688
26.434062957763672
19.67934799194336
18.44308090209961
20.795948028564453
19.696773529052734
20.400712966918945
23.00096321105957
20.644100189208984
20.584972381591797
20.273557662963867
22.949060440063477
21.066333770751953
24.28082275390625
12.247089385986328
21.27034568786621
21.185150146484375
20.5571346282959
19.652584075927734
18.029685974121094
20.6204776763916
19.471389770507812
19.798526763916016
18.72593116760254
18.480297088623047
16.32404327392578
14.647955894470215
24.311904907226562
21.885683059692383
22.158769607543945
20.724342346191406
18.649658203125
18.951852798461914
16.31150245666504
22.67856216430664
24.3037109375
15.143832206726074
17.56546401977539
14.066871643066406
25.799001693725586
22.453487396240234
19.775562286376953
17.53421401977539
27.237083435058594
21.90426254272461
27.354825973510742
26.595439910888672
19.870830535888672
31.94546127319336
25.874839782714844
24.329490661621094
26.824966430664062
25.80405044555664
27.089685440063477
29.86848258972168
31.174610137939453
23.670862197875977
24.506351470947266
27.549270629882812
26.539997100830078
26.186525344848633
20.953306198120117
19.946090698242188
19.4711971282959
22.491973876953125
25.445606231689453
25.42953872680664
16.343345642089844
25.467174530029297
32.110382080078125
27.61963653564453
29.51708221435547
18.557048797607422
25.555952072143555
25.450428009033203
23.70672035217285
22.591856002807617
29.67715835571289
22.05278778076172
23.99672508239746
35.16486358642578
24.56760025024414
23.351749420166016
22.888187408447266
21.847728729248047
29.88760757446289
25.14501190185547
29.739803314208984
23.379928588867188
27.041282653808594
25.887832641601562
27.839378356933594
27.860721588134766
11.390177726745605
11.702411651611328
17.531524658203125
13.127753257751465
17.49652671813965
13.279207229614258
14.814352989196777
14.530799865722656
20.393951416015625
10.717670440673828
14.96172046661377
19.29269027709961
13.48428726196289
16.422466278076172
19.363571166992188
19.035682678222656
12.757590293884277
8.793232917785645
12.28537368774414
15.538907051086426
10.856624603271484
7.2566423416137695
12.973342895507812
11.950173377990723
14.266305923461914
19.24706268310547
14.788318634033203
19.745744705200195
9.255555152893066
13.899890899658203
10.444496154785156
14.282859802246094
20.530349731445312
7.923471450805664
13.606536865234375
18.547487258911133
18.852020263671875
14.379667282104492
12.121932029724121
15.06258773803711
7.964104652404785
18.603031158447266
18.694881439208984
12.24370002746582
9.874226570129395
10.202896118164062
16.02902603149414
14.404491424560547
11.551027297973633
17.730205535888672
8.421005249023438
10.335582733154297
14.027170181274414
14.927912712097168
5.330573558807373
15.325556755065918
9.882813453674316
14.704813003540039
8.768265724182129
3.415595054626465
11.534002304077148
8.339160919189453
9.344589233398438
10.64826488494873
12.862144470214844
9.653345108032227
12.461689949035645
8.189560890197754
6.543929100036621
7.4522905349731445
13.030172348022461
8.509180068969727
9.931236267089844
9.333758354187012
16.958927154541016
11.569645881652832
11.142488479614258
14.977396965026855
14.507548332214355
13.473139762878418
13.786613464355469
10.785791397094727
11.225769996643066
8.983773231506348
12.342055320739746
8.983977317810059
7.476676940917969
11.504075050354004
9.0068359375
9.388219833374023
8.931245803833008
14.385173797607422
8.276537895202637
10.758686065673828
11.018264770507812
8.843814849853516
10.30101203918457
9.629898071289062
8.888734817504883
11.298667907714844
37.829811096191406
22.916534423828125
30.54357147216797
32.560638427734375
24.46735191345215
27.875417709350586
36.08202362060547
29.270381927490234
25.70555305480957
23.17212677001953
33.636802673339844
38.81281280517578
36.44822311401367
30.469688415527344
34.36126708984375
23.02043914794922
30.12392807006836
23.147985458374023
25.504676818847656
26.39219093322754
36.788536071777344
31.67792510986328
28.213153839111328
28.335954666137695
33.51943588256836
32.15418243408203
31.16217803955078
36.182132720947266
33.83541488647461
33.75467300415039
29.078027725219727
28.97672462463379
29.500017166137695
40.23089599609375
31.81936264038086
30.77023696899414
24.710285186767578
22.732757568359375
30.254621505737305
35.04185485839844
30.319604873657227
28.1551513671875
34.425315856933594
33.39643859863281
30.01348876953125
26.513914108276367
33.88795852661133
24.81324005126953
30.7031192779541
30.765830993652344
21.734899520874023
23.993061065673828
20.342864990234375
19.278064727783203
23.538375854492188
14.187938690185547
21.935169219970703
21.725555419921875
19.925493240356445
25.99930191040039
22.166425704956055
16.869220733642578
20.19606590270996
21.30955696105957
21.955493927001953
19.719013214111328
25.042396545410156
19.320842742919922
26.761112213134766
14.866537094116211
27.211837768554688
19.74135971069336
13.05630874633789
18.98946762084961
18.109712600708008
21.086509704589844
24.770164489746094
17.66097640991211
22.821483612060547
20.316734313964844
17.170299530029297
25.274635314941406
25.302230834960938
23.35676383972168
22.07731056213379
23.710243225097656
23.608741760253906
24.13702392578125
16.466230392456055
27.623287200927734
20.580169677734375
27.209131240844727
21.506122589111328
25.036903381347656
20.62877655029297
17.61573600769043
18.413183212280273
19.77065658569336
23.746444702148438
19.18633460998535
20.14899253845215
19.976131439208984
6.304666519165039
13.895805358886719
22.662532806396484
16.165443420410156
25.229812622070312
21.069339752197266
17.256561279296875
20.612918853759766
20.591110229492188
18.80960464477539
13.781915664672852
24.4556827545166
24.689788818359375
15.375556945800781
16.34686279296875
19.732776641845703
17.625995635986328
19.309185028076172
18.65338134765625
25.413928985595703
19.15118408203125
17.063644409179688
16.407379150390625
23.449478149414062
15.564455032348633
18.22624969482422
27.745800018310547
22.956905364990234
25.158405303955078
13.893345832824707
32.60673522949219
18.129913330078125
26.102218627929688
31.057159423828125
25.948307037353516
13.63792896270752
9.345918655395508
14.522281646728516
23.214263916015625
22.21204376220703
17.155439376831055
18.011701583862305
12.314937591552734
23.82843017578125
16.110204696655273
27.54376220703125
22.017723083496094
17.16960906982422
22.630468368530273
22.38429832458496
28.41594886779785
19.79918670654297
21.249160766601562
19.46063232421875
18.60188102722168
20.547603607177734
23.643856048583984
25.206871032714844
24.215782165527344
19.216901779174805
18.353723526000977
19.57054901123047
14.590258598327637
13.020280838012695
21.68914794921875
18.12580108642578
18.645057678222656
19.67003059387207
18.211292266845703
22.643436431884766
16.287982940673828
19.285911560058594
23.98162078857422
13.504310607910156
28.40199089050293
20.77686882019043
24.343368530273438
29.914857864379883
25.844030380249023
20.35708236694336
17.439239501953125
24.777591705322266
20.485164642333984
20.324684143066406
14.719541549682617
18.700305938720703
23.104965209960938
24.523860931396484
20.280397415161133
28.594890594482422
18.956295013427734
19.321622848510742
19.320602416992188
18.423479080200195
22.67736053466797
21.23566246032715
20.79769515991211
27.400659561157227
12.308391571044922
11.786705017089844
21.73871421813965
12.737438201904297
13.553093910217285
24.958620071411133
15.047515869140625
14.924857139587402
17.460128784179688
16.39751434326172
12.754222869873047
5.504199981689453
14.116659164428711
10.651287078857422
8.918073654174805
15.869516372680664
18.90768814086914
17.01986312866211
18.443706512451172
16.290721893310547
20.826873779296875
13.897439956665039
14.482795715332031
17.716262817382812
12.6857328414917
9.537374496459961
19.977462768554688
17.112525939941406
14.820898056030273
22.61985969543457
13.06761360168457
10.838358879089355
12.087430953979492
13.469369888305664
21.69285011291504
23.56399917602539
23.269283294677734
14.312458038330078
10.347511291503906
15.334229469299316
12.021027565002441
13.316232681274414
18.910139083862305
10.541040420532227
9.369842529296875
21.51169776916504
14.870332717895508
22.433250427246094
20.71172332763672
15.622897148132324
36.17886734008789
31.98318099975586
30.90531349182129
30.127662658691406
39.35700225830078
24.17374610900879
33.38468933105469
27.936260223388672
35.20848846435547
31.773408889770508
32.3817138671875
31.99678611755371
31.80978012084961
27.421342849731445
28.197839736938477
33.64896774291992
39.09565734863281
37.006404876708984
29.926624298095703
29.237491607666016
25.505970001220703
17.687328338623047
26.015024185180664
33.32060623168945
27.65243911743164
32.87609100341797
26.477819442749023
33.8202018737793
44.035736083984375
35.27763366699219
39.455291748046875
31.659515380859375
25.582843780517578
26.432897567749023
24.427684783935547
29.366809844970703
29.53106689453125
21.150314331054688
29.617713928222656
18.52756690979004
28.280681610107422
30.88646125793457
29.417951583862305
30.584888458251953
30.19938087463379
35.50947570800781
32.3386116027832
32.64237976074219
30.93215560913086
28.216556549072266
18.675506591796875
14.484342575073242
23.7392520904541
27.504253387451172
16.719432830810547
23.736236572265625
19.771652221679688
18.516830444335938
16.875690460205078
14.740821838378906
19.77837371826172
24.832683563232422
19.31043243408203
25.570714950561523
21.736753463745117
15.29975700378418
21.602191925048828
25.483713150024414
19.307510375976562
15.481542587280273
27.091693878173828
17.50982666015625
18.411632537841797
21.591882705688477
21.98077392578125
25.59123420715332
19.65273666381836
22.67997169494629
22.81142234802246
24.642051696777344
25.650251388549805
28.153270721435547
25.53276824951172
18.642351150512695
22.076587677001953
16.946165084838867
20.736610412597656
18.28510284423828
20.9633731842041
15.465082168579102
18.558948516845703
21.01182746887207
18.35906219482422
21.644020080566406
27.342374801635742
10.867377281188965
20.61182403564453
16.16637420654297
22.805580139160156
24.659765243530273
17.809860229492188
21.91349220275879
28.685768127441406
25.304656982421875
20.337688446044922
12.750995635986328
19.1328125
31.665218353271484
20.487829208374023
31.060894012451172
24.407306671142578
19.46088981628418
29.361122131347656
24.052749633789062
24.026418685913086
24.204317092895508
28.1863956451416
28.143190383911133
13.714147567749023
30.16329574584961
24.61953353881836
18.464435577392578
20.04636001586914
24.622997283935547
25.576011657714844
26.739749908447266
10.923014640808105
29.54559326171875
24.090713500976562
23.636844635009766
20.742082595825195
26.435264587402344
25.112640380859375
22.64615249633789
16.293041229248047
22.759689331054688
28.94574546813965
26.890640258789062
25.471973419189453
27.181167602539062
25.651647567749023
23.53610610961914
20.996522903442383
38.79759979248047
23.210674285888672
25.760210037231445
23.367855072021484
30.61441421508789
24.856338500976562
15.209278106689453
40.67374038696289
27.458866119384766
24.978816986083984
24.111003875732422
29.392295837402344
26.906160354614258
26.59556770324707
26.070804595947266
36.42376708984375
23.00212860107422
22.60064125061035
32.43525695800781
32.51420593261719
35.34991455078125
24.355987548828125
33.10056686401367
26.405437469482422
28.111421585083008
21.316919326782227
32.097084045410156
26.336685180664062
31.46369743347168
23.475997924804688
24.84684181213379
27.792564392089844
24.539344787597656
27.342647552490234
26.68326187133789
39.518829345703125
23.94312286376953
26.89951515197754
34.57939147949219
26.29602813720703
34.026947021484375
36.78083419799805
28.838436126708984
23.958528518676758
25.662349700927734
29.425512313842773
30.688087463378906
30.718700408935547
18.291194915771484
31.69087791442871
30.119897842407227
35.27935028076172
29.082304000854492
20.71494483947754
29.806922912597656
23.852153778076172
36.48112487792969
13.128395080566406
12.033428192138672
15.719310760498047
14.560431480407715
9.190349578857422
9.057929039001465
18.49563217163086
9.249262809753418
11.814033508300781
10.870214462280273
17.34571647644043
18.589365005493164
18.9273738861084
20.311664581298828
13.491928100585938
7.913711071014404
13.018623352050781
14.654729843139648
15.400883674621582
14.704895973205566
15.990677833557129
15.711809158325195
15.86823558807373
15.347543716430664
14.868224143981934
16.95400619506836
17.234758377075195
18.238170623779297
14.291162490844727
9.306978225708008
14.780105590820312
12.96615219116211
13.974146842956543
13.115559577941895
17.791873931884766
11.978222846984863
21.674474716186523
11.921064376831055
14.676338195800781
12.679043769836426
22.20793342590332
19.203983306884766
13.43389892578125
14.363014221191406
22.425350189208984
21.360017776489258
13.522794723510742
16.539125442504883
14.177734375
11.637649536132812
24.701934814453125
24.677719116210938
30.5576171875
21.252944946289062
30.913652420043945
25.2867488861084
28.3115234375
26.935623168945312
35.59660339355469
33.45386505126953
28.946443557739258
16.140649795532227
21.382057189941406
26.493919372558594
29.348894119262695
30.58236312866211
25.57130241394043
34.00446701049805
30.272672653198242
18.289134979248047
27.359508514404297
28.516971588134766
31.650297164916992
21.71392059326172
24.73026466369629
20.4952449798584
29.42811393737793
28.775306701660156
29.095632553100586
21.840858459472656
27.49089813232422
22.785062789916992
29.83001708984375
26.090301513671875
18.379453659057617
21.67288589477539
31.91001319885254
22.332656860351562
25.0125732421875
22.22186851501465
18.934762954711914
22.11163330078125
33.639774322509766
23.403766632080078
29.693859100341797
26.07787322998047
19.267196655273438
20.6143856048584
26.335721969604492
37.2032470703125
38.04692077636719
31.208173751831055
29.403728485107422
29.086135864257812
43.902915954589844
37.7398681640625
35.60591125488281
35.847076416015625
34.338905334472656
19.38934898376465
26.612123489379883
30.77347183227539
32.90407180786133
41.9382209777832
34.02595138549805
32.89809799194336
38.09419250488281
33.86387634277344
35.825721740722656
34.38086700439453
37.05401611328125
21.561386108398438
33.64567184448242
34.28725814819336
31.606552124023438
36.663917541503906
42.16028594970703
29.102684020996094
37.97575759887695
40.244789123535156
47.831565856933594
35.8588981628418
41.81455993652344
40.006446838378906
41.93519973754883
38.691349029541016
41.627647399902344
36.66800308227539
38.04579162597656
34.95668029785156
41.859703063964844
41.17732620239258
30.73684310913086
30.909317016601562
43.187381744384766
25.433563232421875
32.29127883911133
31.284812927246094
35.26410675048828
30.04020118713379
21.016090393066406
17.348020553588867
18.01395606994629
17.24677848815918
17.734312057495117
15.534309387207031
14.82632064819336
13.418462753295898
19.962167739868164
21.034244537353516
22.10702896118164
15.018425941467285
18.50029754638672
15.951712608337402
14.224933624267578
20.007614135742188
14.985194206237793
19.69220733642578
21.252582550048828
15.24825382232666
18.558677673339844
17.874923706054688
15.118650436401367
10.596403121948242
13.21170425415039
22.88681411743164
19.422893524169922
15.203559875488281
15.395666122436523
18.062355041503906
16.413002014160156
20.682510375976562
16.14291763305664
15.733417510986328
20.583248138427734
16.148744583129883
16.070964813232422
20.75823211669922
20.780481338500977
20.25608253479004
13.466422080993652
16.63060760498047
17.50166130065918
20.06798553466797
11.577322006225586
15.314903259277344
14.081003189086914
14.883570671081543
16.83773422241211
18.666786193847656
12.225454330444336
14.972951889038086
13.748857498168945
8.62195110321045
14.938437461853027
17.144495010375977
18.906978607177734
11.132551193237305
16.02548599243164
12.744216918945312
15.722174644470215
12.093778610229492
8.74126148223877
14.426403045654297
13.857572555541992
17.273983001708984
12.260815620422363
5.923375129699707
15.122562408447266
17.662273406982422
11.758556365966797
6.784859657287598
15.718478202819824
8.475593566894531
15.006641387939453
11.256467819213867
7.980400562286377
11.779487609863281
11.465791702270508
13.374130249023438
19.094085693359375
7.100709915161133
14.545421600341797
16.646211624145508
13.806303024291992
19.12640380859375
16.07761001586914
16.300918579101562
14.923835754394531
20.021211624145508
18.771432876586914
14.399675369262695
8.58592700958252
11.790260314941406
11.191211700439453
18.910751342773438
8.87484359741211
13.921178817749023
23.895915985107422
21.33001708984375
25.682828903198242
33.72712707519531
29.858049392700195
32.73838424682617
30.98226547241211
29.49079132080078
31.648635864257812
25.838302612304688
26.14793586730957
27.42108154296875
30.587432861328125
30.532495498657227
39.418617248535156
36.665950775146484
27.57007598876953
27.60415267944336
32.79100799560547
30.334754943847656
29.55968475341797
28.25560760498047
30.47333526611328
29.884092330932617
36.793663024902344
35.009910583496094
34.83150863647461
32.88819122314453
33.55552673339844
40.839805603027344
31.797523498535156
33.71946716308594
28.281919479370117
29.6246337890625
41.188514709472656
37.64469909667969
19.969106674194336
32.75589370727539
28.04379653930664
30.034948348999023
27.20323944091797
22.718353271484375
29.42989730834961
25.285520553588867
22.97085952758789
33.24486541748047
20.516021728515625
26.65546226501465
29.533363342285156
29.520414352416992
30.512619018554688
32.17634582519531
24.350284576416016
15.687310218811035
20.360755920410156
16.72873878479004
13.30087661743164
8.646236419677734
18.97507095336914
25.118911743164062
16.568103790283203
23.29068374633789
18.115381240844727
19.752582550048828
20.100244522094727
21.29421615600586
18.464305877685547
20.67989730834961
18.873580932617188
21.99399185180664
24.262306213378906
15.187687873840332
17.801708221435547
17.974201202392578
25.494415283203125
18.477256774902344
26.492685317993164
18.313404083251953
20.52853775024414
21.336437225341797
21.375680923461914
19.1291446685791
17.294021606445312
24.223535537719727
27.917442321777344
25.71894073486328
17.215572357177734
21.972225189208984
21.89139175415039
18.899883270263672
15.928016662597656
15.874933242797852
17.631433486938477
16.84233856201172
21.362834930419922
21.482189178466797
24.931840896606445
16.746929168701172
19.850135803222656
22.667375564575195
23.26175308227539
22.7022705078125
17.305416107177734
26.441978454589844
18.94797134399414
16.19464874267578
10.381916046142578
14.179389953613281
13.147054672241211
24.054218292236328
18.143936157226562
19.5848388671875
8.71672248840332
21.163476943969727
16.322734832763672
15.362385749816895
25.130538940429688
15.816329002380371
19.009065628051758
23.79014015197754
11.581657409667969
19.241657257080078
12.025199890136719
13.579874038696289
25.171152114868164
22.354961395263672
21.066707611083984
19.618392944335938
25.367584228515625
14.454811096191406
20.03607940673828
18.687026977539062
14.174524307250977
16.904457092285156
17.3740234375
14.35092830657959
23.1668701171875
21.156219482421875
18.230915069580078
13.707422256469727
16.750059127807617
20.577442169189453
16.783475875854492
22.53607749938965
24.96646499633789
14.949899673461914
16.030954360961914
21.52596092224121
21.124858856201172
16.245159149169922
25.838071823120117
16.108888626098633
17.476438522338867
12.591897964477539
17.6378173828125
12.606813430786133
19.344322204589844
13.294958114624023
15.476532936096191
19.308788299560547
14.485533714294434
12.937252044677734
22.029315948486328
15.267095565795898
20.556364059448242
13.051572799682617
23.267078399658203
15.595396041870117
13.222118377685547
11.76571273803711
14.466815948486328
14.493502616882324
14.512920379638672
17.136459350585938
17.333744049072266
18.558095932006836
7.722711563110352
15.007404327392578
16.107711791992188
23.158781051635742
12.611474990844727
16.477596282958984
19.15787696838379
19.799983978271484
12.030147552490234
9.487653732299805
14.149757385253906
16.619529724121094
14.945128440856934
11.801946640014648
7.943044662475586
14.748801231384277
13.938054084777832
19.05129051208496
13.31967544555664
16.537099838256836
19.791366577148438
11.863625526428223
14.446704864501953
10.404145240783691
13.816097259521484
17.457489013671875
12.694082260131836
22.0035400390625
19.48508644104004
11.461236953735352
21.20927619934082
11.075193405151367
14.879655838012695
16.042831420898438
8.543787956237793
11.534929275512695
23.690519332885742
16.166645050048828
16.653329849243164
16.895187377929688
21.760116577148438
11.82150650024414
12.956082344055176
22.83642578125
18.013032913208008
17.1961669921875
13.028974533081055
10.344816207885742
18.104040145874023
14.074315071105957
15.27989387512207
15.37421703338623
13.870028495788574
18.566932678222656
16.079179763793945
16.702951431274414
15.047733306884766
10.837958335876465
15.006491661071777
23.506792068481445
23.812053680419922
12.112098693847656
17.69619369506836
18.75430679321289
17.01090431213379
16.943328857421875
14.139999389648438
12.7622709274292
15.285837173461914
19.271636962890625
18.299571990966797
20.922258377075195
16.592288970947266
17.880245208740234
13.893852233886719
16.449169158935547
21.211170196533203
19.377643585205078
13.94668960571289
21.487171173095703
19.915790557861328
14.122302055358887
18.368141174316406
14.312005996704102
21.930034637451172
16.101776123046875
18.913408279418945
19.025747299194336
6.370023727416992
10.422330856323242
15.570510864257812
20.32366943359375
17.67422103881836
12.998467445373535
13.40540885925293
15.31279182434082
22.248126983642578
18.254146575927734
13.738957405090332
19.84714698791504
15.568704605102539
12.384531021118164
10.300716400146484
21.100494384765625
19.43378448486328
24.209810256958008
24.056941986083984
13.91637134552002
16.732154846191406
13.543465614318848
18.838523864746094
20.931732177734375
23.163013458251953
20.465503692626953
16.292802810668945
17.17765235900879
13.031938552856445
15.045095443725586
15.311726570129395
18.238372802734375
18.6961669921875
18.952831268310547
19.543601989746094
10.388378143310547
12.343887329101562
14.37613296508789
14.252933502197266
21.889110565185547
17.963855743408203
15.568572998046875
22.17184066772461
17.84795379638672
14.82070541381836
14.992977142333984
13.827899932861328
16.020973205566406
17.220684051513672
12.374252319335938
16.43538475036621
16.8519344329834
13.798898696899414
19.139808654785156
17.166242599487305
14.708181381225586
17.37323570251465
15.411426544189453
16.554088592529297
15.897171974182129
23.547016143798828
18.470489501953125
14.18977165222168
17.892494201660156
20.7252140045166
16.004928588867188
12.367910385131836
22.289657592773438
13.992816925048828
17.11172866821289
15.700165748596191
18.050134658813477
16.720237731933594
16.323884963989258
19.080059051513672
21.36196517944336
20.08782958984375
19.671192169189453
21.87952995300293
21.8459415435791
11.66012954711914
12.619415283203125
14.797463417053223
18.107391357421875
19.832090377807617
20.040847778320312
19.87518310546875
17.231014251708984
32.7468376159668
28.931724548339844
27.9092960357666
23.072330474853516
31.61614418029785
30.222490310668945
23.349830627441406
28.936511993408203
32.77655029296875
37.87989807128906
32.97804260253906
36.118446350097656
30.970447540283203
30.423900604248047
25.864736557006836
32.472877502441406
35.32518768310547
25.330726623535156
19.334259033203125
30.06546401977539
27.7623233795166
26.041149139404297
29.25351333618164
26.216344833374023
27.454179763793945
26.611631393432617
23.49393081665039
21.82633399963379
27.663793563842773
26.640323638916016
24.80848503112793
29.145946502685547
31.03262710571289
31.118820190429688
24.700824737548828
31.57183837890625
25.153202056884766
40.405826568603516
36.34626770019531
23.574016571044922
25.63188934326172
29.398788452148438
26.798847198486328
37.42507553100586
32.75227355957031
29.721290588378906
32.75730514526367
26.003398895263672
24.92471694946289
33.38880157470703
20.1726131439209
20.965852737426758
17.398099899291992
22.230648040771484
19.573530197143555
25.16045379638672
18.99819564819336
22.20751190185547
14.842914581298828
21.44660758972168
20.089399337768555
26.214824676513672
17.996261596679688
15.013986587524414
17.12752342224121
15.694703102111816
22.583831787109375
20.062393188476562
17.994199752807617
24.42552375793457
21.35723114013672
25.9288330078125
20.473995208740234
19.121868133544922
17.368640899658203
21.116199493408203
20.749771118164062
25.28839683532715
27.043479919433594
24.408645629882812
20.108882904052734
26.75952911376953
22.94766616821289
24.545536041259766
25.904529571533203
14.744808197021484
21.724031448364258
26.84978485107422
21.825748443603516
18.04452896118164
23.652809143066406
26.963298797607422
10.80041790008545
21.804847717285156
11.778583526611328
18.858966827392578
18.044326782226562
21.140457153320312
27.561601638793945
25.804218292236328
37.87088394165039
31.739028930664062
42.30533218383789
38.330535888671875
38.48497009277344
29.926101684570312
30.331905364990234
33.15333938598633
39.68733215332031
51.04251480102539
41.02135467529297
41.91216278076172
34.28899002075195
45.81437683105469
38.837921142578125
45.70610046386719
48.39795684814453
37.007938385009766
35.649383544921875
46.73044967651367
29.720325469970703
43.564453125
29.954635620117188
48.04167175292969
31.931182861328125
48.13818359375
41.234134674072266
41.049530029296875
50.42021179199219
38.767391204833984
30.40708351135254
37.90044403076172
43.392826080322266
39.63713836669922
41.277610778808594
43.5993766784668
43.75665283203125
31.882511138916016
31.10405731201172
39.902008056640625
40.157527923583984
35.8216438293457
33.65582275390625
39.91326904296875
34.590335845947266
33.23659133911133
27.466360092163086
38.50093078613281
39.048988342285156
41.191383361816406
16.928544998168945
11.388206481933594
9.534953117370605
8.848021507263184
21.907154083251953
21.862215042114258
18.15516471862793
16.75055503845215
16.79715919494629
10.512063026428223
23.941131591796875
12.944210052490234
19.07711410522461
13.202312469482422
16.504898071289062
18.416629791259766
12.789993286132812
18.343767166137695
10.609643936157227
17.30430030822754
15.35632610321045
17.39900779724121
16.705158233642578
18.478229522705078
19.088838577270508
16.42641830444336
15.686492919921875
17.883743286132812
15.882246971130371
10.249051094055176
13.182473182678223
17.166229248046875
14.747651100158691
8.873584747314453
14.922792434692383
19.693187713623047
18.194337844848633
12.409683227539062
10.544189453125
13.576268196105957
15.611627578735352
14.392314910888672
11.05257797241211
14.801979064941406
9.241311073303223
18.253433227539062
16.864154815673828
13.30890941619873
13.515264511108398
8.139862060546875
8.028414726257324
11.976980209350586
5.981700897216797
10.242733001708984
14.643203735351562
13.132771492004395
6.1571760177612305
11.379631042480469
18.936058044433594
4.917309284210205
15.258502006530762
11.703619003295898
12.359695434570312
16.88970947265625
8.271778106689453
10.383758544921875
19.59707260131836
15.61746883392334
16.06136703491211
7.564478874206543
9.844766616821289
10.138038635253906
6.472212791442871
19.198698043823242
2.6921913623809814
7.672516345977783
7.4057159423828125
16.896408081054688
6.972194671630859
13.643091201782227
11.808428764343262
12.232498168945312
8.275720596313477
11.443574905395508
7.975190162658691
8.527410507202148
10.266220092773438
5.490509033203125
2.8324217796325684
8.280561447143555
9.263541221618652
8.03702163696289
18.50504493713379
13.271038055419922
9.457979202270508
6.833406448364258
9.118846893310547
6.805227279663086
15.928400039672852
9.387182235717773
19.47771453857422
19.938274383544922
22.004535675048828
21.83365249633789
17.386947631835938
26.08131980895996
26.304906845092773
16.367332458496094
25.914066314697266
16.1030216217041
22.112682342529297
20.04313087463379
20.50649642944336
15.73643684387207
24.428571701049805
18.516380310058594
20.98128890991211
19.268558502197266
21.800195693969727
23.515283584594727
21.969036102294922
19.301542282104492
21.91485595703125
22.339460372924805
17.922945022583008
20.785438537597656
23.48843002319336
19.09497833251953
17.318462371826172
21.514690399169922
26.85287094116211
24.11074447631836
28.362722396850586
20.766246795654297
15.717754364013672
23.343486785888672
23.90230369567871
20.392955780029297
25.40867042541504
17.472959518432617
19.593191146850586
22.559326171875
23.515506744384766
20.740324020385742
14.47286605834961
18.123462677001953
24.504684448242188
19.951736450195312
27.646526336669922
17.719423294067383
30.625513076782227
38.727638244628906
31.07568359375
26.422561645507812
27.201904296875
30.38573455810547
39.279930114746094
33.834083557128906
29.502952575683594
33.241798400878906
21.481735229492188
30.137828826904297
29.118999481201172
32.258026123046875
25.66337013244629
28.061214447021484
35.600555419921875
30.37723159790039
32.00128936767578
30.895431518554688
33.10665512084961
23.02317237854004
26.42055320739746
32.225738525390625
27.233661651611328
28.66623306274414
16.269344329833984
27.18152618408203
26.314952850341797
19.177051544189453
28.564685821533203
25.683917999267578
20.69219970703125
28.692514419555664
27.447528839111328
28.860815048217773
26.282115936279297
34.21073913574219
24.393339157104492
26.589191436767578
40.58433532714844
33.63306427001953
25.973215103149414
18.869163513183594
25.40734100341797
28.953264236450195
29.60320281982422
32.702327728271484
37.95417785644531
28.574525833129883
14.79440975189209
15.916386604309082
17.175559997558594
9.062393188476562
21.340465545654297
17.715389251708984
10.978259086608887
18.486087799072266
8.059197425842285
8.061705589294434
17.337200164794922
13.938694953918457
17.710159301757812
11.65998649597168
11.732722282409668
6.418073654174805
20.48839569091797
8.943079948425293
10.029288291931152
10.876585006713867
9.74023723602295
16.720779418945312
6.550490379333496
14.482331275939941
13.082837104797363
17.01047134399414
16.167888641357422
8.587133407592773
12.436420440673828
15.76548957824707
7.257177352905273
6.572428226470947
18.619613647460938
20.889453887939453
14.554816246032715
14.93797492980957
15.638537406921387
15.952912330627441
18.38724136352539
19.251495361328125
7.931797504425049
12.37205696105957
16.894054412841797
13.69615364074707
10.716020584106445
16.78510093688965
19.63490104675293
13.161218643188477
14.50385570526123
8.81309700012207
10.737409591674805
10.793791770935059
18.23705291748047
22.652442932128906
20.89727020263672
15.432535171508789
19.434036254882812
20.472883224487305
17.53145980834961
19.305557250976562
10.05039119720459
12.311357498168945
15.908870697021484
24.652557373046875
20.36257553100586
13.880937576293945
15.143327713012695
14.107501983642578
25.289438247680664
16.38030433654785
22.74094581604004
11.882139205932617
9.346822738647461
10.632627487182617
17.61581802368164
16.74881935119629
11.957019805908203
14.62346076965332
15.609472274780273
18.618247985839844
18.59853744506836
15.229774475097656
14.229911804199219
18.190982818603516
10.109106063842773
11.171070098876953
14.981346130371094
8.695846557617188
11.155813217163086
12.394864082336426
18.692337036132812
15.151566505432129
25.866695404052734
20.333356857299805
21.48048973083496
18.752376556396484
10.587360382080078
15.026498794555664
16.27595329284668
14.470787048339844
33.7799072265625
37.18088912963867
31.25485610961914
27.792837142944336
23.148555755615234
26.248291015625
34.7291259765625
30.14620590209961
29.05533218383789
27.533557891845703
36.521263122558594
32.64472961425781
25.358226776123047
35.613121032714844
32.73948669433594
28.70878028869629
31.38332176208496
32.94317626953125
25.76738739013672
30.30521583557129
32.765045166015625
27.432390213012695
38.53879165649414
33.26972198486328
35.258934020996094
28.200458526611328
26.586963653564453
36.318145751953125
37.800601959228516
34.54442596435547
29.92058563232422
29.18350601196289
28.888221740722656
30.060190200805664
29.954051971435547
34.42035675048828
31.420330047607422
26.595367431640625
39.930816650390625
31.060260772705078
33.427642822265625
32.952423095703125
31.358556747436523
33.27749252319336
26.459171295166016
32.60952377319336
34.27637481689453
32.25266647338867
31.30520248413086
34.230690002441406
20.118976593017578
13.767416000366211
16.203773498535156
16.24484634399414
13.60457992553711
16.078842163085938
10.532713890075684
16.116899490356445
19.475414276123047
17.325302124023438
10.362884521484375
16.567302703857422
16.264015197753906
16.412429809570312
10.52518081665039
19.061786651611328
11.570192337036133
13.015847206115723
17.72426986694336
13.47569751739502
11.453594207763672
20.190311431884766
11.801164627075195
16.178638458251953
12.622194290161133
16.162199020385742
14.228764533996582
15.955007553100586
19.56060791015625
10.438451766967773
10.326716423034668
11.759858131408691
10.39885139465332
14.946426391601562
13.888832092285156
17.423770904541016
15.641790390014648
16.529577255249023
12.224185943603516
17.86250114440918
15.200233459472656
10.713872909545898
20.590927124023438
15.083250045776367
16.832664489746094
12.050864219665527
13.478067398071289
16.86249542236328
17.083850860595703
20.419153213500977
34.099937438964844
34.00511169433594
43.73310089111328
42.41389465332031
33.46922302246094
34.09803771972656
41.35142517089844
32.05146789550781
36.281639099121094
42.13269805908203
37.034332275390625
36.07810592651367
39.699554443359375
46.27254867553711
42.70524597167969
34.400291442871094
40.20257568359375
43.168121337890625
50.79072189331055
36.526695251464844
36.80142593383789
43.35829162597656
34.56842041015625
31.178558349609375
41.26127243041992
42.43257141113281
32.70405197143555
40.94058609008789
28.895105361938477
37.57024383544922
42.0085334777832
27.99561309814453
44.551570892333984
46.15202331542969
49.955284118652344
31.630891799926758
35.07921600341797
36.63194274902344
29.98859405517578
38.2423095703125
31.945880889892578
44.73237228393555
42.18162536621094
46.125244140625
39.58301544189453
35.05011749267578
39.3470458984375
38.170738220214844
32.85990905761719
37.82329559326172
18.813465118408203
14.778480529785156
16.622936248779297
20.301725387573242
15.551292419433594
23.806392669677734
13.18590259552002
15.801111221313477
10.739834785461426
14.313594818115234
16.580745697021484
23.162487030029297
18.867610931396484
24.432323455810547
17.566274642944336
14.817834854125977
21.309467315673828
16.2659912109375
21.80793571472168
17.947599411010742
17.87599754333496
15.890877723693848
15.752782821655273
10.454242706298828
11.096338272094727
18.992271423339844
21.702106475830078
19.7613468170166
17.765945434570312
16.80984878540039
21.692466735839844
22.20590591430664
12.111913681030273
21.767929077148438
24.14271354675293
14.308767318725586
14.042752265930176
11.110960960388184
12.673480987548828
19.522397994995117
20.872913360595703
23.07566261291504
18.34865951538086
13.56244945526123
17.139101028442383
23.164690017700195
18.379241943359375
17.25691795349121
21.52977752685547
26.78912353515625
28.49338150024414
14.440336227416992
28.284774780273438
20.58022689819336
17.12070083618164
19.675161361694336
19.386951446533203
22.185569763183594
21.168067932128906
24.544830322265625
20.930952072143555
24.40831756591797
24.54409408569336
12.924087524414062
21.942977905273438
34.82749938964844
19.553802490234375
21.944665908813477
18.730792999267578
24.724485397338867
17.204984664916992
24.852920532226562
23.963926315307617
29.118183135986328
26.82874298095703
14.179311752319336
23.00460433959961
22.58590316772461
23.84288787841797
19.847583770751953
21.65094757080078
24.726360321044922
27.44765281677246
29.834171295166016
15.0022554397583
19.414098739624023
26.025100708007812
17.379117965698242
12.907629013061523
27.381589889526367
18.534244537353516
28.90332794189453
19.123079299926758
31.266374588012695
16.086185455322266
19.65862274169922
20.7799072265625
13.002402305603027
19.108753204345703
25.150310516357422
28.297170639038086
27.601163864135742
29.300830841064453
31.202173233032227
23.626426696777344
28.38310432434082
34.46942138671875
20.080883026123047
23.68097686767578
23.118270874023438
24.349130630493164
27.834341049194336
29.25527572631836
28.422842025756836
20.575632095336914
26.614896774291992
25.978431701660156
25.36575698852539
28.676856994628906
23.637475967407227
31.83960723876953
29.21981430053711
28.824880599975586
25.024208068847656
28.041385650634766
25.099077224731445
19.783126831054688
24.48446273803711
25.542190551757812
27.639389038085938
27.385879516601562
27.368328094482422
29.441593170166016
22.342525482177734
21.860790252685547
27.05350112915039
29.49492835998535
24.599044799804688
30.100276947021484
23.39897918701172
22.42282485961914
25.31635093688965
29.959701538085938
25.349124908447266
20.638973236083984
24.04551887512207
28.099727630615234
24.72695541381836
27.1641902923584
34.21590042114258
15.926361083984375
18.80350112915039
24.457862854003906
27.11103057861328
17.32358169555664
22.84073257446289
15.268840789794922
20.287654876708984
20.992189407348633
25.88068199157715
16.86351776123047
25.090099334716797
19.98746109008789
19.859594345092773
26.835556030273438
20.168434143066406
15.253692626953125
23.253629684448242
20.75003433227539
25.69394302368164
20.88973045349121
26.70212173461914
19.492095947265625
20.402523040771484
19.423030853271484
22.060516357421875
22.884803771972656
14.92956256866455
25.038875579833984
13.984004020690918
20.81172752380371
19.1376953125
20.27285385131836
24.28467559814453
19.895296096801758
21.273576736450195
21.640926361083984
22.24932098388672
20.59717559814453
22.638301849365234
12.330474853515625
19.597084045410156
26.172080993652344
18.050460815429688
16.647640228271484
15.892613410949707
25.90345001220703
14.766359329223633
24.00502586364746
20.752761840820312
31.573719024658203
32.49385070800781
39.700660705566406
37.92316818237305
42.882041931152344
35.208229064941406
41.287235260009766
35.25274658203125
35.32107925415039
23.98290252685547
24.86581039428711
29.693784713745117
31.436939239501953
34.65727233886719
29.342315673828125
33.34742736816406
35.681419372558594
37.191429138183594
31.96942138671875
42.58168029785156
37.40217208862305
46.48529815673828
27.851221084594727
28.316823959350586
41.804710388183594
33.76502227783203
44.953670501708984
41.60829162597656
38.302589416503906
38.620479583740234
31.84725570678711
37.145076751708984
38.7044792175293
33.47278594970703
25.443504333496094
41.841278076171875
38.704917907714844
32.53194808959961
25.650835037231445
38.94934844970703
34.735076904296875
39.659854888916016
40.21812438964844
32.11473083496094
33.71541213989258
27.761629104614258
36.438507080078125
43.10643005371094
37.77326965332031
31.66415023803711
11.367366790771484
13.953155517578125
15.538283348083496
13.6954927444458
7.113957405090332
17.43524932861328
16.1088924407959
12.163644790649414
15.46339225769043
13.399837493896484
17.788782119750977
18.17327880859375
15.993318557739258
12.640708923339844
10.584578514099121
8.059237480163574
15.669510841369629
20.715866088867188
17.40482521057129
13.420884132385254
16.682071685791016
11.95695686340332
20.736644744873047
16.862323760986328
17.480342864990234
14.493165969848633
14.497148513793945
5.709882736206055
9.56377124786377
13.992898941040039
17.779497146606445
8.271635055541992
11.166891098022461
15.078640937805176
12.132244110107422
7.89200496673584
5.6591081619262695
15.32624626159668
10.142379760742188
12.219816207885742
15.673677444458008
15.805779457092285
11.765514373779297
5.20211124420166
17.810768127441406
15.86423397064209
14.691298484802246
15.94565486907959
9.283134460449219
7.987854957580566
26.203332901000977
35.01757049560547
33.023948669433594
39.79172897338867
34.38127899169922
25.993032455444336
31.77065658569336
34.063072204589844
33.524635314941406
30.690166473388672
31.905208587646484
29.101776123046875
31.12458038330078
28.271459579467773
31.407512664794922
35.24546813964844
33.476783752441406
33.77131652832031
32.225833892822266
31.638160705566406
30.189910888671875
27.940567016601562
29.030460357666016
29.97334098815918
29.543394088745117
25.944400787353516
29.48091697692871
34.011322021484375
29.972246170043945
25.359405517578125
33.06684112548828
33.94441223144531
29.153121948242188
27.899620056152344
29.89497947692871
30.079137802124023
29.70861053466797
39.27955627441406
23.796707153320312
35.861419677734375
32.03166198730469
33.55369567871094
32.6558723449707
24.34689712524414
33.35529327392578
27.603429794311523
28.339509963989258
29.00661849975586
34.52684020996094
32.30221176147461
28.989036560058594
28.517610549926758
30.702613830566406
35.89224624633789
20.620296478271484
32.10724639892578
26.240793228149414
27.927440643310547
42.01368713378906
32.64594268798828
39.22376251220703
27.871158599853516
31.075620651245117
37.18914031982422
34.946983337402344
26.37537384033203
32.56089401245117
28.046283721923828
40.205177307128906
28.841381072998047
30.016620635986328
27.15302276611328
28.39853858947754
33.75111389160156
36.67768478393555
24.467636108398438
27.28142547607422
37.88172912597656
30.254438400268555
36.51466751098633
35.887001037597656
20.601791381835938
27.994037628173828
30.752870559692383
38.02314758300781
25.0856876373291
41.44624710083008
51.10533905029297
33.58855438232422
27.898178100585938
25.51702308654785
27.316070556640625
17.872034072875977
33.4196662902832
36.45832443237305
19.905441284179688
27.942073822021484
18.877849578857422
30.64262580871582
27.387760162353516
8.5386962890625
9.393805503845215
7.244894981384277
1.8860191106796265
10.385333061218262
9.042645454406738
3.1810874938964844
11.757789611816406
5.331266403198242
9.566524505615234
3.515070915222168
10.651264190673828
9.00808334350586
7.160028457641602
9.964582443237305
3.493964672088623
3.7560832500457764
1.93483304977417
10.458869934082031
9.022602081298828
7.374815940856934
6.906027793884277
6.024391174316406
5.921394348144531
8.512182235717773
6.741833686828613
8.41877269744873
7.585892677307129
8.339301109313965
6.404488563537598
4.59524393081665
7.098034381866455
9.048954010009766
5.202136039733887
9.113844871520996
7.261436462402344
5.3058857917785645
5.996982574462891
6.6822967529296875
7.138265132904053
5.395910263061523
9.61656665802002
10.593046188354492
4.895730972290039
7.459266662597656
7.705986976623535
7.560235023498535
11.066293716430664
7.140191078186035
6.7841033935546875
20.19648551940918
22.87620735168457
31.85840606689453
28.11008071899414
30.687522888183594
24.38015365600586
28.84557342529297
19.961711883544922
21.233325958251953
25.618579864501953
26.89463233947754
27.51858901977539
16.846540451049805
18.181198120117188
30.274890899658203
19.078800201416016
26.523075103759766
18.124530792236328
31.527233123779297
27.33016014099121
25.931209564208984
22.12474822998047
29.76901626586914
24.47429656982422
28.600757598876953
25.312252044677734
21.704975128173828
23.646141052246094
19.546302795410156
31.18484115600586
26.400150299072266
21.837982177734375
27.526992797851562
24.76461410522461
28.27829360961914
18.4338321685791
24.538286209106445
24.69595718383789
22.637527465820312
20.70379638671875
34.98518753051758
25.881107330322266
19.96121597290039
25.32028579711914
22.147857666015625
22.499736785888672
21.18710708618164
27.403690338134766
20.666601181030273
32.53229522705078
8.538232803344727
8.977758407592773
10.133696556091309
8.523836135864258
8.486834526062012
11.907011032104492
7.193201541900635
6.588496208190918
7.19338321685791
3.1466522216796875
4.207244873046875
9.424482345581055
8.33486557006836
8.931462287902832
8.831847190856934
8.34827995300293
1.0512216091156006
7.257055282592773
7.660638809204102
1.8810584545135498
7.368029594421387
6.149831771850586
7.711750030517578
11.535783767700195
6.397515296936035
8.817914009094238
4.513747692108154
9.372482299804688
2.0908567905426025
3.0753555297851562
12.512689590454102
3.345057487487793
8.103130340576172
8.941717147827148
9.651973724365234
4.527382850646973
8.577178955078125
9.40410041809082
11.693231582641602
9.595065116882324
10.574288368225098
8.800237655639648
8.94865608215332
4.39448356628418
13.848031997680664
10.495016098022461
9.16746711730957
11.271185874938965
6.94307804107666
8.749757766723633
16.352388381958008
8.11159610748291
20.196399688720703
13.701562881469727
4.547242164611816
18.88437271118164
12.504964828491211
10.998302459716797
17.525936126708984
18.97454833984375
8.231945037841797
5.685673236846924
7.263444423675537
12.644004821777344
0.7139549851417542
23.25202751159668
9.252248764038086
13.691337585449219
17.617259979248047
17.19158363342285
16.7342529296875
13.507194519042969
21.507328033447266
17.604991912841797
14.34133529663086
28.78783416748047
15.51588249206543
19.513059616088867
9.465532302856445
19.873348236083984
10.832454681396484
16.552705764770508
19.178512573242188
14.638493537902832
16.28192138671875
22.97193145751953
18.87710952758789
17.671829223632812
9.840588569641113
3.862342357635498
5.0603108406066895
13.12344741821289
13.315536499023438
9.657421112060547
18.56380271911621
12.237854957580566
18.096986770629883
15.427375793457031
12.568862915039062
9.43913459777832
18.139331817626953
25.235010147094727
23.5948486328125
23.926063537597656
18.775388717651367
16.87799835205078
27.663896560668945
20.902481079101562
16.574748992919922
15.748368263244629
13.415176391601562
18.400985717773438
21.39926528930664
21.459495544433594
21.897544860839844
15.897180557250977
26.18890380859375
21.759876251220703
17.59634780883789
26.77786636352539
20.673980712890625
21.115447998046875
23.84123420715332
23.670042037963867
17.74456024169922
27.12076187133789
23.629362106323242
21.995662689208984
17.883407592773438
18.442626953125
14.202529907226562
21.002138137817383
25.661453247070312
27.110015869140625
14.041511535644531
23.009132385253906
25.38524055480957
21.37004852294922
24.376991271972656
28.10491943359375
23.19281578063965
27.54195785522461
23.504837036132812
27.294076919555664
26.02427101135254
21.27062225341797
20.788219451904297
28.40386199951172
20.377243041992188
24.9283504486084
23.131237030029297
18.720563888549805
25.157474517822266
26.563867568969727
20.80712127685547
19.128131866455078
22.558198928833008
18.82021141052246
18.923465728759766
23.0626220703125
27.8133544921875
21.812314987182617
22.053897857666016
25.961776733398438
22.54519271850586
20.258575439453125
17.084850311279297
24.186607360839844
21.938323974609375
19.504528045654297
23.12149429321289
19.757129669189453
17.517324447631836
23.67585563659668
14.256585121154785
25.121475219726562
21.298856735229492
23.339750289916992
21.43548583984375
29.406818389892578
17.664695739746094
19.04587173461914
24.545364379882812
17.37651824951172
16.769683837890625
14.882242202758789
25.47317123413086
23.594345092773438
14.67883586883545
17.0158634185791
12.371273040771484
24.723936080932617
21.996185302734375
20.286222457885742
22.046613693237305
21.48123550415039
23.835979461669922
22.297077178955078
21.25428581237793
16.886856079101562
18.67220687866211
22.2425479888916
19.56324577331543
34.09395980834961
21.68506622314453
22.020118713378906
22.066944122314453
20.088336944580078
21.74850845336914
20.403295516967773
17.38788604736328
25.71491050720215
21.34075164794922
20.992965698242188
25.77007484436035
26.623348236083984
23.69692611694336
27.79776382446289
24.48664093017578
22.96719741821289
25.05931282043457
27.170066833496094
28.169231414794922
20.025327682495117
25.774276733398438
23.211299896240234
20.468828201293945
27.9677734375
26.45849609375
30.712154388427734
19.539527893066406
29.57378387451172
26.129135131835938
23.89988899230957
27.23291778564453
23.781795501708984
21.214494705200195
23.424209594726562
25.357810974121094
27.42530059814453
25.663593292236328
27.28213119506836
21.98714828491211
15.483161926269531
24.538101196289062
22.673547744750977
24.12685203552246
25.520631790161133
24.776622772216797
28.495521545410156
27.4583683013916
20.765254974365234
26.375873565673828
26.127113342285156
27.298450469970703
29.52164077758789
24.879940032958984
21.815692901611328
21.994647979736328
14.87360954284668
17.80927276611328
31.419570922851562
27.320281982421875
19.78008270263672
18.41461181640625
29.682785034179688
22.724170684814453
22.096065521240234
21.915740966796875
21.27682876586914
18.357868194580078
16.5832462310791
28.9991512298584
21.254711151123047
25.273778915405273
30.979053497314453
18.68951988220215
27.714040756225586
24.763690948486328
24.3713436126709
23.898229598999023
18.925357818603516
32.54592514038086
25.50826644897461
25.285707473754883
33.13525390625
19.46394157409668
20.731342315673828
20.52700424194336
16.540342330932617
22.227008819580078
25.81458282470703
32.1213264465332
25.47311782836914
18.886205673217773
29.020877838134766
22.307870864868164
30.137989044189453
22.73299789428711
29.334688186645508
28.613128662109375
33.5159912109375
35.56857681274414
27.002103805541992
30.8802433013916
32.401023864746094
33.127994537353516
26.489181518554688
35.782989501953125
30.87691879272461
24.107513427734375
31.41948127746582
25.01801300048828
27.053997039794922
24.351791381835938
29.10568618774414
29.033790588378906
37.930782318115234
35.65455627441406
30.934829711914062
27.98052978515625
32.84731674194336
32.52070236206055
36.5074348449707
29.946392059326172
36.62840270996094
32.779762268066406
31.53081703186035
34.8216667175293
21.71295166015625
31.734703063964844
28.64694595336914
31.146018981933594
31.462173461914062
27.36802101135254
30.002050399780273
25.33187484741211
34.2625732421875
23.8143367767334
35.318939208984375
35.620140075683594
27.62563133239746
31.022653579711914
25.59027862548828
23.24437713623047
23.80965805053711
36.75675964355469
40.77347183227539
32.828033447265625
28.963220596313477
30.045516967773438
27.20816421508789
32.341148376464844
35.978248596191406
32.914215087890625
40.424625396728516
26.215810775756836
38.340843200683594
29.357624053955078
24.002817153930664
32.49131774902344
32.982906341552734
29.081817626953125
31.234397888183594
30.645050048828125
41.50526428222656
37.26121520996094
27.524690628051758
38.716827392578125
24.439008712768555
21.40545654296875
35.033206939697266
34.90272521972656
28.85746955871582
27.63286590576172
36.856666564941406
23.814767837524414
33.81947326660156
26.180644989013672
32.025691986083984
30.550535202026367
28.960247039794922
26.218067169189453
34.50307846069336
35.16725540161133
31.224882125854492
29.399959564208984
26.893699645996094
27.619449615478516
27.061565399169922
34.82240295410156
36.036800384521484
29.308307647705078
37.044654846191406
37.897621154785156
30.413925170898438
32.23928451538086
43.27474594116211
35.10862731933594
32.355751037597656
