12.822905540466309
11.064996719360352
15.163082122802734
14.94350814819336
14.812906265258789
9.773618698120117
12.102787017822266
6.056326866149902
23.753894805908203
26.494983673095703
21.699047088623047
13.929445266723633
15.07834243774414
16.18624496459961
11.3445405960083
19.569704055786133
13.461145401000977
15.52376651763916
9.915306091308594
9.755165100097656
7.6528425216674805
17.814067840576172
16.801414489746094
15.677958488464355
8.802306175231934
19.40618133544922
23.995046615600586
19.618804931640625
12.758852005004883
10.631608963012695
10.856861114501953
9.488210678100586
20.23760223388672
21.442298889160156
16.57221031188965
12.75625228881836
3.0523438453674316
20.37991714477539
12.634660720825195
15.55264949798584
16.164148330688477
14.006217002868652
12.424570083618164
0.7014462351799011
20.666732788085938
24.59638214111328
20.50147247314453
15.302956581115723
7.31761360168457
14.262171745300293
9.679686546325684
9.921867370605469
7.9869065284729
3.4081811904907227
7.106484413146973
6.648505210876465
9.96656608581543
8.66256046295166
4.1989545822143555
9.102067947387695
8.902610778808594
5.501564025878906
7.29127311706543
10.102943420410156
9.184906005859375
4.935169219970703
7.263935565948486
11.165977478027344
12.17076301574707
8.042596817016602
8.357391357421875
13.133753776550293
8.117958068847656
8.625089645385742
11.221441268920898
4.79796028137207
3.1754355430603027
10.464432716369629
10.869394302368164
9.335245132446289
9.50948715209961
20.94240951538086
3.5212607383728027
13.119680404663086
7.128641605377197
9.719961166381836
8.113821029663086
7.266635894775391
5.407398223876953
8.012139320373535
4.951786041259766
10.336331367492676
17.549144744873047
18.24957275390625
10.195426940917969
16.183883666992188
11.751945495605469
7.821447849273682
6.688345432281494
9.782215118408203
9.85318374633789
6.947884559631348
5.107008934020996
7.230429172515869
3.6919002532958984
7.116560935974121
2.4700489044189453
2.224979877471924
8.559013366699219
6.93362283706665
11.603419303894043
8.855194091796875
7.70322847366333
8.77714729309082
6.886006832122803
11.52049732208252
2.875016450881958
4.750835418701172
12.166418075561523
3.5592198371887207
12.067096710205078
9.327635765075684
3.550150156021118
10.515201568603516
10.475419044494629
5.438615798950195
11.296844482421875
6.469292640686035
2.431541681289673
9.514217376708984
7.505932807922363
11.348737716674805
7.733666896820068
5.093127727508545
8.801656723022461
5.595646858215332
7.056166648864746
9.468085289001465
7.196065902709961
9.31895637512207
5.765535354614258
11.415279388427734
5.062144756317139
3.128066301345825
11.577091217041016
5.962174892425537
6.39973258972168
8.531438827514648
10.13185977935791
9.139875411987305
7.485560417175293
17.556190490722656
12.261004447937012
16.011795043945312
16.55361557006836
25.17848777770996
18.853931427001953
20.663204193115234
23.29868507385254
12.651202201843262
9.916692733764648
12.7689790725708
16.55599021911621
11.041036605834961
13.281993865966797
11.431258201599121
16.789562225341797
16.890525817871094
16.492549896240234
21.218599319458008
15.516033172607422
21.024452209472656
15.377269744873047
14.151187896728516
13.204565048217773
19.085735321044922
14.443010330200195
12.394637107849121
16.597984313964844
11.117960929870605
20.45498275756836
20.458003997802734
26.388652801513672
16.089305877685547
12.707714080810547
13.759895324707031
7.725536823272705
18.2515869140625
20.83700180053711
6.037507057189941
13.781991958618164
21.29776382446289
22.98396110534668
23.113204956054688
20.276981353759766
14.46812915802002
12.469927787780762
16.660064697265625
11.450142860412598
25.33979034423828
15.964357376098633
8.35175609588623
0.12830176949501038
12.958463668823242
17.887853622436523
14.201029777526855
11.709040641784668
13.642204284667969
10.942853927612305
11.377808570861816
15.817934036254883
11.146206855773926
4.2099833488464355
7.113007068634033
15.167725563049316
8.94754409790039
6.436896324157715
6.4820356369018555
9.863557815551758
5.011715888977051
10.453654289245605
14.912715911865234
5.667910099029541
6.809604167938232
5.948285102844238
9.251996994018555
7.635277271270752
14.017329216003418
4.5475382804870605
10.9093656539917
16.051071166992188
14.473499298095703
14.04360294342041
15.534217834472656
6.003267288208008
13.700450897216797
11.617897987365723
7.81569242477417
-1.2428507804870605
15.453012466430664
5.707180023193359
8.560118675231934
6.713945388793945
11.2235689163208
7.399911880493164
16.96686553955078
7.151318550109863
11.677163124084473
17.193403244018555
19.440988540649414
11.649622917175293
11.370589256286621
19.06970977783203
10.961882591247559
12.13893985748291
13.43206787109375
6.867975234985352
4.312067985534668
10.532242774963379
15.980457305908203
3.2159266471862793
11.415702819824219
1.6249618530273438
6.938621520996094
29.975303649902344
13.389137268066406
23.27852439880371
6.304436683654785
19.662372589111328
10.846202850341797
11.517990112304688
-2.2786874771118164
13.87026309967041
3.485452175140381
11.735540390014648
8.779053688049316
12.793882369995117
18.51988983154297
29.343643188476562
16.036602020263672
16.842288970947266
1.5777068138122559
10.779411315917969
3.272251605987549
-0.3087894320487976
15.305532455444336
15.622633934020996
9.207106590270996
1.527057409286499
10.249692916870117
-6.094520568847656
13.505155563354492
4.948889255523682
15.720527648925781
17.18471908569336
6.450981140136719
13.0509033203125
5.739552974700928
10.270593643188477
16.506473541259766
14.838749885559082
11.580693244934082
17.358171463012695
6.127894401550293
12.568525314331055
9.537574768066406
12.73466682434082
12.440210342407227
15.552369117736816
13.64603042602539
12.246593475341797
10.285442352294922
17.597990036010742
13.952186584472656
12.355999946594238
11.975393295288086
13.452701568603516
13.159360885620117
13.280487060546875
8.975296020507812
13.282821655273438
17.831958770751953
17.18771743774414
15.816621780395508
12.502937316894531
11.141338348388672
13.988455772399902
13.335050582885742
15.318997383117676
10.711456298828125
17.55246353149414
13.451164245605469
16.832290649414062
13.670886039733887
12.915982246398926
14.218687057495117
15.09970474243164
16.55341148376465
12.451093673706055
17.067367553710938
9.416024208068848
15.469295501708984
13.164102554321289
11.958678245544434
12.768552780151367
11.50304889678955
12.859786033630371
13.991331100463867
11.76319694519043
13.611824989318848
12.574701309204102
11.740360260009766
20.024587631225586
28.402915954589844
24.418363571166992
20.959922790527344
29.456315994262695
16.626434326171875
29.239988327026367
27.58445930480957
18.95747947692871
21.68454933166504
24.293712615966797
35.734519958496094
6.413823127746582
18.966941833496094
13.953786849975586
30.664955139160156
20.018802642822266
14.666437149047852
17.02541732788086
21.595298767089844
24.48350715637207
21.465988159179688
15.505767822265625
31.68846321105957
21.96885108947754
23.402799606323242
19.383342742919922
19.913700103759766
25.999866485595703
20.715545654296875
20.17214584350586
20.558385848999023
29.904932022094727
23.290359497070312
18.17778778076172
15.656402587890625
24.01572608947754
24.947669982910156
21.011728286743164
24.498790740966797
11.60530948638916
23.476322174072266
19.847286224365234
28.74576759338379
28.32509422302246
16.115684509277344
21.52238655090332
22.876792907714844
0.5641475915908813
4.717994213104248
2.787757635116577
-1.2987847328186035
6.42940616607666
4.214493751525879
2.480574369430542
6.2629289627075195
5.38126802444458
4.6784234046936035
1.932581901550293
1.0898818969726562
4.623613357543945
2.6711244583129883
4.744453430175781
7.584366798400879
1.4782081842422485
3.5132484436035156
5.370668411254883
0.7923927903175354
0.9161658883094788
1.4856230020523071
-2.364409923553467
4.119109630584717
3.0140583515167236
3.7763800621032715
7.303306579589844
5.705447673797607
6.973703861236572
9.852302551269531
4.042679786682129
0.8766005635261536
4.289298057556152
1.9062602519989014
6.913267135620117
3.472243309020996
-0.8418620228767395
1.9363701343536377
5.6784772872924805
2.051532506942749
3.5740063190460205
7.362842559814453
1.2179970741271973
1.0868743658065796
0.08270227164030075
12.277375221252441
3.469122886657715
0.8323848247528076
5.679339408874512
3.3509092330932617
12.964520454406738
12.635538101196289
3.525456428527832
7.500560283660889
12.965285301208496
9.279474258422852
9.358983993530273
9.563325881958008
8.163650512695312
2.787130355834961
6.0816779136657715
6.684112548828125
8.208242416381836
14.361934661865234
13.02934455871582
15.111260414123535
10.809513092041016
18.225975036621094
-1.8166117668151855
14.810794830322266
16.285959243774414
12.380945205688477
11.930488586425781
18.17868995666504
5.099635601043701
4.2174859046936035
10.141952514648438
8.847302436828613
7.478963851928711
6.012401580810547
13.762946128845215
11.707757949829102
11.271991729736328
9.549213409423828
12.457799911499023
4.368391036987305
3.690849781036377
7.248101234436035
6.87864351272583
8.076662063598633
10.348508834838867
14.64136791229248
10.82223129272461
2.6748733520507812
3.469752311706543
3.269404411315918
8.288614273071289
6.617007255554199
12.995929718017578
6.626737594604492
17.353790283203125
18.846160888671875
9.982338905334473
9.488212585449219
16.680789947509766
12.14344596862793
6.916908264160156
13.750904083251953
15.531073570251465
17.620624542236328
20.045223236083984
17.523231506347656
11.439138412475586
12.625113487243652
12.70302963256836
9.432246208190918
10.680991172790527
12.496845245361328
11.47768783569336
16.970245361328125
15.070377349853516
16.0899658203125
7.628397464752197
15.217260360717773
12.369906425476074
10.477872848510742
14.86662483215332
5.5561957359313965
13.129544258117676
15.270759582519531
11.691411018371582
6.453064441680908
17.680042266845703
21.30224609375
15.666296005249023
15.377071380615234
12.00062370300293
12.985754013061523
14.90318775177002
18.2315616607666
6.113922595977783
18.68057632446289
24.550214767456055
9.896862030029297
10.28237533569336
4.478900909423828
14.889192581176758
15.348034858703613
8.794746398925781
9.382513999938965
7.185835838317871
11.923019409179688
8.36448860168457
6.684499740600586
9.935064315795898
9.582216262817383
2.9686532020568848
-0.4123082160949707
8.251389503479004
13.875815391540527
3.394601821899414
14.179637908935547
5.515612602233887
11.037750244140625
2.9612393379211426
8.647547721862793
2.7307167053222656
2.974336624145508
16.193836212158203
12.172584533691406
5.569803237915039
2.3348188400268555
8.967254638671875
5.889841079711914
14.074995994567871
3.8298184871673584
8.724508285522461
9.054553031921387
1.9091589450836182
12.903343200683594
7.816258430480957
10.549314498901367
2.7768092155456543
10.954792022705078
7.875137805938721
13.02285385131836
-0.2928427457809448
6.692806243896484
5.445694446563721
4.518725395202637
8.529314041137695
4.444234848022461
2.577885150909424
12.525558471679688
2.900300979614258
5.078749656677246
4.152345657348633
5.602338790893555
8.53852367401123
10.074688911437988
6.350090026855469
4.435151100158691
4.902872562408447
7.436602592468262
5.158844947814941
6.349315643310547
7.686979293823242
6.556119441986084
2.760927438735962
5.195013999938965
3.248433828353882
7.536411762237549
4.8097991943359375
1.7564361095428467
4.973443984985352
5.565733909606934
5.495931625366211
4.9195661544799805
4.544572830200195
2.3869147300720215
4.913073539733887
7.242611885070801
7.363397598266602
5.931713104248047
2.675588607788086
9.305329322814941
5.059123992919922
5.853381156921387
4.3937225341796875
1.6050758361816406
4.473767280578613
3.0245327949523926
9.890739440917969
2.1284050941467285
9.503433227539062
6.748032093048096
1.1426523923873901
5.256265163421631
0.5613685250282288
3.9207510948181152
4.104187965393066
5.592447757720947
2.2741990089416504
5.191105842590332
3.208664894104004
5.139622688293457
12.119792938232422
2.945899486541748
9.220792770385742
4.5081987380981445
1.8839499950408936
4.859875202178955
0.1741105020046234
1.3014466762542725
3.6076273918151855
6.790494918823242
6.052154064178467
4.653597831726074
1.2994439601898193
-1.346794843673706
-2.2845730781555176
3.2340025901794434
2.349830150604248
-0.9754341840744019
1.7411634922027588
0.5885506868362427
2.6511340141296387
-1.485465407371521
5.14103889465332
-1.292080283164978
-1.0564459562301636
-1.0085523128509521
4.186017990112305
4.037375450134277
2.2538161277770996
-0.3853069543838501
3.215494155883789
-0.49580633640289307
0.5715659260749817
4.226722717285156
6.489247798919678
3.0006303787231445
1.5237228870391846
4.2027788162231445
2.685051441192627
1.282505750656128
3.7304646968841553
0.12168405950069427
1.5294735431671143
3.610288619995117
0.08955229818820953
6.6881256103515625
0.9313971996307373
7.3162665367126465
4.9562458992004395
4.511228084564209
4.4867963790893555
-3.9558095932006836
7.367231369018555
-0.6686017513275146
4.293813705444336
13.392660140991211
14.29905891418457
14.564528465270996
26.91811752319336
27.899520874023438
16.01076889038086
15.85606575012207
17.46010971069336
13.713099479675293
17.04302215576172
19.07427978515625
18.361454010009766
14.995881080627441
13.774702072143555
8.408344268798828
23.37632179260254
16.007160186767578
16.904747009277344
13.81001091003418
1.1463773250579834
15.824409484863281
27.21307373046875
14.8408203125
15.2736234664917
14.291080474853516
23.074356079101562
25.727706909179688
13.135589599609375
18.69356918334961
15.53993034362793
5.812349796295166
16.344493865966797
5.673698425292969
12.627689361572266
12.570987701416016
25.04734230041504
12.399870872497559
11.2146635055542
1.2462007999420166
15.422174453735352
20.265644073486328
19.41886329650879
2.947826862335205
14.666296005249023
16.37641143798828
15.482900619506836
11.611988067626953
15.531610488891602
20.636474609375
5.093105316162109
9.097250938415527
7.723566055297852
7.926438808441162
9.605588912963867
10.614518165588379
8.944015502929688
4.861605644226074
9.899601936340332
5.694355010986328
4.6406097412109375
12.178613662719727
6.799452781677246
2.1492466926574707
2.820479154586792
0.7370451092720032
8.073030471801758
6.526530742645264
4.83978271484375
8.856977462768555
9.256229400634766
5.206755638122559
13.044441223144531
5.114793300628662
4.366484642028809
8.676300048828125
5.493229866027832
11.134031295776367
9.945430755615234
3.3109986782073975
5.1643385887146
7.343235969543457
11.858270645141602
5.192906379699707
4.7710185050964355
4.614138126373291
8.18482780456543
5.61591100692749
11.265509605407715
12.243180274963379
9.026491165161133
7.49782657623291
5.694345474243164
7.126317977905273
8.905386924743652
11.205850601196289
8.08835506439209
7.150890350341797
2.2241616249084473
3.4140286445617676
3.311297655105591
3.653207302093506
7.609667778015137
12.710281372070312
2.8899779319763184
18.429237365722656
7.127378463745117
3.3678953647613525
9.419193267822266
19.200538635253906
10.90621566772461
10.500957489013672
11.216949462890625
6.707304954528809
9.565601348876953
17.891193389892578
6.591841697692871
6.836453437805176
7.6141204833984375
6.305177688598633
14.902029037475586
12.106851577758789
-1.3982261419296265
14.805459976196289
9.432825088500977
14.062334060668945
13.206658363342285
11.312976837158203
16.22209930419922
9.56985855102539
12.697637557983398
18.09173583984375
14.841455459594727
13.656564712524414
20.879291534423828
14.478504180908203
6.145362854003906
7.883825302124023
15.352392196655273
9.673844337463379
10.889801025390625
17.727569580078125
10.694129943847656
11.495813369750977
19.617900848388672
12.473102569580078
8.531346321105957
4.777896404266357
12.603963851928711
6.1200666427612305
9.145859718322754
3.6379942893981934
13.781699180603027
7.754240989685059
11.007986068725586
4.133909225463867
12.81096076965332
7.575345039367676
12.193206787109375
16.075834274291992
15.036620140075684
7.3029985427856445
7.2004804611206055
5.1372199058532715
7.775333881378174
8.459741592407227
12.120166778564453
5.876913547515869
7.8762617111206055
7.006531238555908
10.854286193847656
8.87762451171875
9.41246223449707
8.62122917175293
12.279748916625977
11.225668907165527
12.5641450881958
3.7687323093414307
11.67708969116211
9.292510986328125
8.965003967285156
8.594808578491211
10.864818572998047
11.731807708740234
8.035104751586914
5.699075698852539
11.564992904663086
6.157031059265137
7.009067535400391
20.125200271606445
6.717190742492676
10.118345260620117
10.594873428344727
12.468931198120117
10.483503341674805
5.239829063415527
8.721212387084961
8.560104370117188
12.822160720825195
2.7388477325439453
31.11001205444336
23.19277572631836
4.769007682800293
17.866453170776367
15.622037887573242
17.632858276367188
18.736011505126953
17.68765640258789
20.784387588500977
21.25734519958496
21.903562545776367
25.378128051757812
25.241222381591797
18.979232788085938
8.133687019348145
29.658817291259766
27.94670295715332
27.59650230407715
22.446727752685547
14.6166410446167
20.438156127929688
10.38772964477539
28.538921356201172
12.953984260559082
32.93193817138672
15.73469066619873
15.544021606445312
22.56742286682129
14.714609146118164
29.092632293701172
15.635868072509766
15.547149658203125
19.552595138549805
13.427807807922363
23.8289852142334
17.345033645629883
15.74790096282959
14.068750381469727
15.19700813293457
13.369417190551758
27.37456703186035
25.695762634277344
27.24010467529297
21.774839401245117
17.724977493286133
20.91387367248535
11.204269409179688
17.410961151123047
20.052766799926758
19.803730010986328
4.05769681930542
7.616973876953125
0.23893746733665466
3.98201584815979
4.0167236328125
7.674625396728516
6.874373435974121
4.871790885925293
1.392785668373108
-0.3725489675998688
8.365236282348633
8.108007431030273
7.878527641296387
4.7431182861328125
9.997076034545898
6.9664411544799805
9.557851791381836
2.0976011753082275
3.390592575073242
3.5069656372070312
6.4738054275512695
6.853252410888672
5.651482582092285
8.957632064819336
9.437533378601074
6.949576377868652
2.808645248413086
7.7840495109558105
3.8346145153045654
10.376550674438477
5.507728576660156
5.8369855880737305
3.831094980239868
11.600093841552734
7.5117106437683105
-1.20245361328125
4.940098762512207
6.775077819824219
4.274157524108887
8.44178581237793
11.14488410949707
10.322497367858887
4.982332706451416
9.116108894348145
8.016688346862793
3.044727325439453
5.110730171203613
3.476083517074585
5.854854583740234
4.650671482086182
7.84428071975708
9.506732940673828
6.124908447265625
0.23624195158481598
7.4129438400268555
7.6749958992004395
4.109009742736816
10.020298957824707
4.140913009643555
4.83858585357666
9.708513259887695
11.540132522583008
12.036072731018066
4.872623443603516
9.75100040435791
13.618463516235352
7.479665756225586
2.706702709197998
8.485847473144531
1.1503887176513672
8.546798706054688
6.889132499694824
3.0673890113830566
8.781692504882812
5.438327789306641
11.427751541137695
12.064437866210938
2.2925450801849365
12.443443298339844
9.382688522338867
10.854448318481445
6.76991605758667
8.636373519897461
8.557304382324219
7.410664081573486
5.1365790367126465
7.179685592651367
9.79403018951416
11.455060958862305
9.7875394821167
6.23057746887207
8.095148086547852
9.986839294433594
11.362468719482422
10.214805603027344
4.820924758911133
5.48032283782959
11.462112426757812
13.070908546447754
9.665812492370605
8.023477554321289
13.166885375976562
9.187187194824219
8.678110122680664
5.399381637573242
6.0626115798950195
17.04265594482422
9.393768310546875
11.882949829101562
6.023092269897461
18.920909881591797
4.768533706665039
12.937996864318848
9.341561317443848
14.108283996582031
12.150049209594727
0.01042686402797699
14.332383155822754
5.818443298339844
10.027522087097168
9.564064025878906
11.363636016845703
2.4868626594543457
13.454614639282227
7.907578468322754
7.010196685791016
1.297202229499817
15.735971450805664
24.303035736083984
15.780036926269531
3.3417601585388184
13.85794448852539
3.8439230918884277
4.405980110168457
9.901655197143555
3.121293067932129
7.787343978881836
9.342281341552734
9.681852340698242
3.911745548248291
18.80774688720703
5.230531215667725
10.822103500366211
3.948791027069092
7.042881488800049
11.570932388305664
11.989550590515137
15.310952186584473
4.314023017883301
10.214183807373047
0.6068049669265747
13.112247467041016
8.06396198272705
2.692030191421509
9.700262069702148
12.907917022705078
11.233068466186523
-2.3053364753723145
0.6822010278701782
6.351447105407715
3.711594581604004
10.145563125610352
4.446053504943848
8.16745376586914
4.511636734008789
7.289383888244629
13.760393142700195
9.239761352539062
10.956409454345703
12.487419128417969
8.123074531555176
12.962146759033203
2.8895652294158936
2.518829107284546
5.674801826477051
-2.2630157470703125
7.322245121002197
7.849201202392578
2.8567850589752197
5.671543121337891
11.915141105651855
7.9332966804504395
9.648558616638184
11.88049030303955
5.598851203918457
1.2524045705795288
14.22482681274414
9.59945297241211
2.4221878051757812
5.549501419067383
-0.9956581592559814
10.637428283691406
15.77299976348877
11.049773216247559
4.389595985412598
6.2963361740112305
10.573269844055176
-0.18577757477760315
1.7031328678131104
4.067441463470459
5.098171234130859
1.5048701763153076
4.54390811920166
9.56004524230957
4.292850494384766
6.279438018798828
1.9942357540130615
2.529852867126465
8.531392097473145
12.585054397583008
4.37418270111084
7.913025379180908
8.098401069641113
0.4924750328063965
9.253819465637207
8.770670890808105
10.148700714111328
3.849254846572876
6.230731964111328
2.5045247077941895
8.759072303771973
9.070270538330078
12.040813446044922
7.318863868713379
9.59998893737793
3.020015239715576
1.7584004402160645
5.212102890014648
3.8146207332611084
8.788093566894531
11.198232650756836
6.444131374359131
1.770622968673706
7.618565559387207
7.0388078689575195
10.153114318847656
10.244722366333008
6.206523895263672
6.581960201263428
12.097639083862305
-0.43027880787849426
6.169290542602539
2.675495147705078
5.945131301879883
3.2026023864746094
9.738438606262207
11.226400375366211
5.5151753425598145
7.022101402282715
7.656875133514404
12.287216186523438
7.091930389404297
11.377922058105469
2.683295726776123
11.58371353149414
11.6600980758667
1.0759620666503906
-3.805241584777832
-3.528310775756836
9.223374366760254
14.474466323852539
7.098082542419434
10.159746170043945
10.631720542907715
4.0877275466918945
8.078922271728516
5.201558589935303
6.248123645782471
10.194336891174316
4.9480156898498535
1.4410429000854492
3.1184511184692383
7.487041473388672
3.062562942504883
16.011741638183594
1.7192802429199219
3.2485272884368896
13.542116165161133
19.85032081604004
11.799724578857422
6.716824531555176
23.465011596679688
-0.6699139475822449
-0.5610032081604004
8.355813980102539
10.781777381896973
7.828800201416016
9.042198181152344
9.5267333984375
10.981383323669434
16.684967041015625
14.836106300354004
-4.084075927734375
7.141124248504639
6.47709846496582
14.141265869140625
19.407699584960938
8.57297420501709
1.202789545059204
4.398956298828125
-0.43402111530303955
3.3500659465789795
3.9840481281280518
3.1321773529052734
4.935223579406738
6.094167709350586
1.8159523010253906
2.3462255001068115
7.3372483253479
1.1596046686172485
2.3629603385925293
-0.9823999404907227
0.40551093220710754
5.160649299621582
2.511167049407959
5.773182392120361
5.964372634887695
2.500669240951538
6.333619117736816
-0.23936638236045837
5.806936740875244
-2.1125216484069824
2.7080132961273193
4.24748420715332
3.6785221099853516
4.392698287963867
0.4606451988220215
3.2854561805725098
1.8852180242538452
-1.235232949256897
9.400627136230469
3.5514979362487793
8.066427230834961
3.080106735229492
4.4724016189575195
2.5855915546417236
0.8596545457839966
2.7900185585021973
5.449097633361816
5.209200859069824
5.16040563583374
0.8341354727745056
7.2315168380737305
2.0811729431152344
1.1339789628982544
6.8538498878479
1.408538579940796
4.939432621002197
1.765813946723938
1.5019466876983643
12.052194595336914
4.86107873916626
5.843998432159424
3.6995978355407715
11.741872787475586
3.5067801475524902
7.8209333419799805
12.323338508605957
9.620223045349121
7.195527076721191
6.316982746124268
8.712686538696289
12.944488525390625
16.225154876708984
12.264387130737305
4.339240074157715
4.690143585205078
2.563173294067383
8.03814697265625
7.633151054382324
4.2145915031433105
5.486776351928711
6.8743791580200195
13.806949615478516
8.959410667419434
1.8101943731307983
3.4638750553131104
6.293363571166992
8.491222381591797
-4.353404998779297
4.596776962280273
10.461336135864258
9.558242797851562
14.610833168029785
9.103259086608887
11.600810050964355
10.968470573425293
10.773290634155273
6.958806991577148
3.2059669494628906
13.641469955444336
8.51901626586914
5.150132179260254
2.156130313873291
5.201327800750732
9.911100387573242
0.01825036108493805
9.735657691955566
10.327099800109863
5.253055572509766
14.696159362792969
15.764317512512207
19.08860206604004
10.661100387573242
18.58771514892578
10.401126861572266
16.48988151550293
15.903009414672852
11.228618621826172
13.40434455871582
9.977884292602539
13.56998062133789
16.472057342529297
24.820035934448242
16.39142608642578
14.979562759399414
7.288434028625488
20.31113624572754
18.522994995117188
20.573333740234375
5.535277366638184
12.821858406066895
14.18658447265625
6.294333457946777
8.719024658203125
15.036874771118164
7.954963684082031
14.931669235229492
17.73700714111328
13.424915313720703
20.142444610595703
13.901819229125977
13.275564193725586
16.848052978515625
21.086742401123047
7.595519065856934
16.590129852294922
15.745418548583984
15.388713836669922
12.523268699645996
17.309539794921875
14.112055778503418
20.18572235107422
16.218677520751953
10.127339363098145
7.584748268127441
12.865504264831543
16.188318252563477
16.75499725341797
12.233470916748047
17.83175277709961
17.255687713623047
9.246907234191895
13.930893898010254
9.618847846984863
15.89139175415039
20.03985595703125
18.44296646118164
18.454376220703125
12.55018138885498
11.32597541809082
15.600339889526367
17.107929229736328
16.342931747436523
9.11788272857666
11.00230884552002
12.333497047424316
17.801307678222656
14.227354049682617
5.393928050994873
15.38310718536377
15.178742408752441
14.764762878417969
15.671192169189453
6.659099578857422
21.333465576171875
13.373760223388672
13.494258880615234
12.070158004760742
19.151641845703125
19.48566436767578
10.594559669494629
8.63070297241211
8.173775672912598
16.58220100402832
15.07535457611084
10.20333480834961
19.541826248168945
14.472326278686523
13.875216484069824
16.12822723388672
16.195066452026367
14.58378791809082
14.887950897216797
16.020885467529297
13.327865600585938
6.989571571350098
13.668920516967773
11.668111801147461
11.062276840209961
8.343984603881836
4.638562202453613
-1.6208083629608154
7.629230499267578
2.541674852371216
5.671730995178223
3.89849853515625
3.734407901763916
4.919226169586182
5.563365936279297
4.747056484222412
12.05421257019043
10.201299667358398
2.7463128566741943
5.206784248352051
3.96376371383667
7.146661758422852
4.539449691772461
2.072279691696167
3.167081356048584
9.418999671936035
7.756803512573242
4.166254997253418
7.730598449707031
7.257547378540039
2.669023275375366
4.137389659881592
4.832185745239258
2.948730945587158
6.429024696350098
1.73753023147583
5.21157169342041
5.130975723266602
4.047060012817383
4.969958305358887
8.908796310424805
4.060489654541016
11.961601257324219
4.550680160522461
6.152771949768066
5.644340515136719
9.77094841003418
4.116238594055176
0.9473441243171692
3.863858461380005
3.8040122985839844
10.616888046264648
5.777928352355957
4.435943603515625
4.20004415512085
18.941150665283203
10.513802528381348
21.2550048828125
14.478515625
12.432950019836426
15.216853141784668
15.224471092224121
17.887493133544922
17.43450355529785
13.899866104125977
13.111960411071777
16.86490249633789
23.529338836669922
18.470142364501953
11.654531478881836
12.764473915100098
11.429389953613281
17.095523834228516
12.415889739990234
18.545230865478516
12.072798728942871
10.479314804077148
14.81341552734375
10.98570442199707
15.837512969970703
20.628707885742188
18.66412353515625
18.76919174194336
9.969751358032227
14.210206985473633
14.072583198547363
18.29437255859375
18.51702880859375
23.02830696105957
16.506898880004883
18.06692123413086
17.512165069580078
20.037273406982422
20.552692413330078
14.6484956741333
16.153247833251953
19.542240142822266
8.21844482421875
14.666473388671875
17.626068115234375
7.752375602722168
10.896719932556152
12.454385757446289
15.156266212463379
14.726537704467773
1.6638052463531494
1.7344510555267334
1.8067463636398315
2.049600124359131
2.857346534729004
-0.4068668782711029
4.436555862426758
0.4611530900001526
4.460643291473389
-0.3370177745819092
2.340427875518799
1.9050893783569336
0.8281288146972656
3.8004980087280273
6.556265830993652
1.3383467197418213
0.9064375162124634
2.4071359634399414
1.7812135219573975
0.764180064201355
0.9244433641433716
1.0872695446014404
2.6953935623168945
6.008525848388672
3.0189027786254883
1.443638801574707
8.018611907958984
1.0854878425598145
3.1981990337371826
2.6967689990997314
3.0954766273498535
-2.8969779014587402
4.38741397857666
0.4444596469402313
1.8211218118667603
1.6806855201721191
1.9911187887191772
-0.4699264466762543
-1.9828336238861084
0.6301133036613464
0.9799869060516357
3.232174873352051
-3.0074923038482666
2.9772815704345703
6.779819488525391
-0.6872365474700928
0.894372820854187
0.5057719349861145
3.7938365936279297
1.3751448392868042
6.72374153137207
7.89822244644165
7.199437141418457
13.161405563354492
9.225320816040039
11.398497581481934
1.941110372543335
14.467098236083984
4.9926981925964355
10.948793411254883
17.241249084472656
17.23923110961914
13.47800064086914
11.783946990966797
7.950406074523926
11.907541275024414
7.3585333824157715
15.968610763549805
10.366945266723633
6.061100006103516
16.396472930908203
3.262871503829956
7.211151599884033
5.118594169616699
7.545465469360352
10.91952896118164
11.78880786895752
3.5011587142944336
8.904150009155273
1.405205488204956
11.205560684204102
9.659324645996094
2.256500720977783
7.469712257385254
8.444772720336914
6.429452896118164
14.05211067199707
6.1212849617004395
10.504715919494629
16.506179809570312
6.938014030456543
6.242676734924316
13.5328369140625
1.1827608346939087
8.37720012664795
5.183213710784912
11.22182846069336
10.889816284179688
13.438131332397461
6.039483070373535
14.214004516601562
3.7999649047851562
5.333161354064941
12.29689884185791
6.916980743408203
2.400862693786621
15.854764938354492
7.832646369934082
6.58840274810791
-3.9714674949645996
4.094115734100342
4.554492473602295
3.76225209236145
3.856255054473877
4.116608142852783
9.847078323364258
9.011496543884277
12.431787490844727
12.733928680419922
-0.514915943145752
11.412710189819336
2.5469610691070557
5.455817222595215
0.5793107748031616
2.0672755241394043
14.658832550048828
14.97609806060791
0.26033276319503784
-2.2840511798858643
1.0974106788635254
4.618219375610352
5.111894607543945
2.130403995513916
7.724334239959717
7.571803092956543
11.398962020874023
-0.37512916326522827
14.205724716186523
2.2286832332611084
-0.5339801907539368
0.9259731769561768
3.8135886192321777
6.481966495513916
4.758062362670898
8.228979110717773
2.2455227375030518
4.945337772369385
-0.18941548466682434
13.434483528137207
4.936825275421143
8.123807907104492
9.252152442932129
9.62850570678711
9.918603897094727
10.710147857666016
11.677825927734375
7.609454154968262
8.195863723754883
10.017797470092773
3.2007508277893066
11.946758270263672
11.023727416992188
9.35073184967041
4.06497859954834
4.917634010314941
8.287053108215332
2.1141457557678223
6.200462818145752
12.263385772705078
7.345541954040527
7.648042678833008
10.857609748840332
4.2385454177856445
7.310317516326904
2.068333387374878
1.3335702419281006
5.916378021240234
6.801360130310059
10.022584915161133
11.525802612304688
7.7606377601623535
5.159537315368652
3.1914024353027344
4.618302345275879
15.677409172058105
4.303877830505371
8.88846492767334
8.445208549499512
9.832731246948242
7.787376403808594
3.9517769813537598
7.533329010009766
8.679935455322266
10.671585083007812
7.822778701782227
10.026973724365234
7.106320858001709
10.899961471557617
10.178274154663086
5.386391639709473
18.23624038696289
22.078826904296875
15.550504684448242
14.29497241973877
28.43378448486328
17.439117431640625
30.806859970092773
13.338318824768066
21.629592895507812
20.450010299682617
28.261859893798828
17.413475036621094
11.160979270935059
14.377227783203125
27.600582122802734
11.862380027770996
10.38675594329834
17.57421112060547
15.36984920501709
20.21752166748047
23.195804595947266
12.293652534484863
22.688457489013672
14.932867050170898
16.50176239013672
22.12427520751953
18.923202514648438
18.225311279296875
14.069026947021484
17.93360137939453
15.082271575927734
23.49146270751953
20.116464614868164
22.793004989624023
14.191429138183594
20.316612243652344
20.53499984741211
9.750431060791016
18.759037017822266
19.603633880615234
15.556270599365234
23.611526489257812
19.91991424560547
19.311969757080078
10.398750305175781
17.90104103088379
19.20948028564453
13.844085693359375
15.486852645874023
16.87253189086914
4.813811302185059
5.4832658767700195
3.0343446731567383
1.417980670928955
4.9328765869140625
2.1083898544311523
2.8045547008514404
2.623335838317871
5.743957996368408
2.8909153938293457
4.528267860412598
2.013115882873535
9.805211067199707
1.2040612697601318
3.3068461418151855
2.843919277191162
2.505908727645874
1.9041105508804321
3.9073147773742676
-0.2624576687812805
1.6548012495040894
0.5535935163497925
-0.029017113149166107
-0.04785976558923721
3.8389077186584473
-1.563916563987732
7.267518997192383
0.7210906147956848
0.32691919803619385
0.40577432513237
0.8113051652908325
-5.483592510223389
-2.2139487266540527
3.7623960971832275
-2.1938905715942383
4.28139591217041
3.861640691757202
10.260974884033203
2.3910412788391113
1.1357388496398926
0.6022937297821045
4.718465805053711
4.492018222808838
-0.9065755605697632
-0.07839414477348328
3.857858657836914
3.4026923179626465
5.596830368041992
-1.039275884628296
1.299802541732788
10.586061477661133
12.36404037475586
13.180002212524414
13.312400817871094
13.923684120178223
14.1677885055542
11.828968048095703
7.976085662841797
7.804885387420654
8.664127349853516
12.642427444458008
12.414814949035645
10.367630958557129
7.762846946716309
9.570615768432617
15.69414234161377
11.624547958374023
8.773881912231445
11.962326049804688
16.958938598632812
14.288779258728027
17.71007537841797
14.310544967651367
8.889534950256348
14.0160493850708
9.692657470703125
7.903632640838623
11.688353538513184
18.206335067749023
16.084331512451172
9.223031044006348
12.060495376586914
4.694196701049805
14.414702415466309
12.280658721923828
16.194631576538086
9.560196876525879
7.963052749633789
13.741928100585938
10.363590240478516
12.938638687133789
10.556051254272461
8.772306442260742
16.2522029876709
9.771133422851562
15.348960876464844
13.945344924926758
7.542979717254639
15.419352531433105
7.428957462310791
11.056081771850586
12.393533706665039
14.114983558654785
10.69320011138916
7.985259056091309
11.46120834350586
10.027746200561523
10.536388397216797
8.482965469360352
7.893204212188721
7.045319080352783
13.213852882385254
9.044227600097656
14.485557556152344
4.871905326843262
6.6066484451293945
11.72596549987793
14.468666076660156
7.103710651397705
12.272136688232422
14.114175796508789
8.80090045928955
10.57114028930664
14.163193702697754
11.361412048339844
12.180513381958008
13.190879821777344
10.659065246582031
7.393271446228027
9.719086647033691
9.863166809082031
9.489785194396973
8.849137306213379
5.56878662109375
16.66100311279297
6.955051898956299
9.347305297851562
10.65567398071289
12.114676475524902
13.124053955078125
11.048373222351074
10.292771339416504
12.978411674499512
10.923295021057129
15.268120765686035
8.780221939086914
3.5974678993225098
11.31597900390625
10.148767471313477
7.296624183654785
1.3214778900146484
11.099302291870117
-0.2861696481704712
13.128583908081055
7.780204772949219
4.556405067443848
10.40430736541748
10.161627769470215
3.8712692260742188
-0.4620733857154846
7.657950401306152
0.36263686418533325
6.0251007080078125
-0.9700833559036255
8.998722076416016
10.52662467956543
7.489481449127197
8.373932838439941
2.8645825386047363
3.252063751220703
6.974443435668945
11.901927947998047
-2.4406473636627197
9.445425033569336
9.718830108642578
10.206487655639648
13.174417495727539
8.089398384094238
14.836627006530762
9.584297180175781
7.561417102813721
6.925253868103027
8.490983009338379
8.995649337768555
3.1458051204681396
0.4912000298500061
8.65538215637207
8.431639671325684
0.08227428048849106
3.9545741081237793
7.338700771331787
5.571915626525879
1.6610255241394043
7.1637139320373535
3.810075283050537
0.3472890853881836
4.184305667877197
6.8035173416137695
-3.333559513092041
10.398346900939941
10.12902545928955
5.551690101623535
4.373791694641113
6.180222988128662
-0.2806514501571655
13.983128547668457
5.453576564788818
5.120100021362305
-0.33486300706863403
0.45248228311538696
12.78628921508789
2.4095282554626465
3.6743879318237305
2.7015480995178223
3.0300521850585938
6.727455139160156
2.9067201614379883
4.85618257522583
6.1539506912231445
-0.205519437789917
1.9828119277954102
5.475025177001953
2.5917892456054688
5.766216278076172
0.6557472348213196
15.883146286010742
2.7958664894104004
7.418988227844238
3.429811477661133
8.01093578338623
-0.2509186267852783
9.412506103515625
9.227693557739258
11.08434772491455
6.680687427520752
13.090968132019043
-0.9270129203796387
6.404143333435059
14.964920997619629
-1.853027582168579
-4.438194274902344
15.854110717773438
10.293486595153809
0.88556969165802
8.337926864624023
8.86840534210205
3.603205919265747
9.020870208740234
5.618200302124023
10.658262252807617
14.497597694396973
8.186273574829102
13.418326377868652
9.36524772644043
15.608623504638672
11.549331665039062
11.147924423217773
7.904459476470947
15.669655799865723
3.031489849090576
14.23883056640625
8.625675201416016
14.116783142089844
13.367818832397461
18.615894317626953
20.8951416015625
16.843170166015625
14.548094749450684
22.348861694335938
8.706472396850586
9.64024543762207
11.056116104125977
11.318809509277344
7.528558731079102
11.25859260559082
2.456036329269409
9.312544822692871
4.804080486297607
10.349834442138672
4.782571792602539
10.82600212097168
13.344123840332031
17.020462036132812
9.574042320251465
13.237617492675781
9.222485542297363
9.844701766967773
9.469778060913086
11.288834571838379
2.606069564819336
11.465020179748535
6.052613258361816
12.48307991027832
19.480823516845703
4.788412094116211
11.009997367858887
15.417213439941406
13.129674911499023
9.301648139953613
8.891182899475098
13.268077850341797
12.755573272705078
11.918516159057617
9.449516296386719
5.979220867156982
2.9522693157196045
0.3637244999408722
5.990139961242676
8.96971607208252
17.047157287597656
14.045654296875
17.70147132873535
12.120372772216797
6.430068492889404
12.173852920532227
7.766897678375244
10.771331787109375
16.912277221679688
14.157646179199219
10.215160369873047
5.878662109375
9.699065208435059
7.036160945892334
16.7213134765625
8.747135162353516
10.86153793334961
8.44674301147461
9.455575942993164
16.443334579467773
5.872225284576416
7.358165740966797
7.609381198883057
11.626551628112793
1.2786527872085571
13.629846572875977
11.296506881713867
7.397063255310059
13.269693374633789
2.7121660709381104
6.547192096710205
6.108403205871582
6.828178882598877
3.586421489715576
3.3504700660705566
7.983582496643066
14.407867431640625
7.336893558502197
7.540748596191406
6.068509578704834
15.837364196777344
6.386918067932129
7.974277973175049
8.962972640991211
5.826598644256592
5.196544170379639
16.693248748779297
8.390693664550781
3.354144811630249
6.052522659301758
9.936586380004883
5.930773735046387
6.538095474243164
16.87763214111328
4.327353477478027
6.444541931152344
5.785496711730957
7.594970703125
9.218803405761719
15.365720748901367
11.469148635864258
6.794788360595703
11.82158088684082
15.009153366088867
7.6302642822265625
10.499053001403809
12.732505798339844
3.52791690826416
7.961158752441406
4.806093215942383
0.7833610773086548
10.012907981872559
11.430388450622559
8.761617660522461
12.421733856201172
6.728960990905762
4.853020668029785
7.18610954284668
17.240955352783203
20.840869903564453
2.195188522338867
10.591094970703125
14.131185531616211
14.2382173538208
4.283066272735596
12.537301063537598
7.589825630187988
9.292725563049316
11.083012580871582
4.0330810546875
2.5692148208618164
27.062461853027344
26.272933959960938
17.777393341064453
25.24200439453125
18.08729362487793
5.341920375823975
19.9650821685791
13.820662498474121
8.508630752563477
24.683931350708008
24.64552116394043
20.40694808959961
16.14228057861328
9.639272689819336
19.99298095703125
15.193029403686523
11.391877174377441
24.08331298828125
12.03097152709961
15.653118133544922
23.631683349609375
27.49860954284668
22.088523864746094
24.614408493041992
25.25937843322754
19.112241744995117
11.18455696105957
18.343521118164062
15.699840545654297
20.111148834228516
16.379905700683594
29.805784225463867
12.64432144165039
10.804353713989258
18.392274856567383
15.980563163757324
21.646320343017578
11.708038330078125
15.044755935668945
18.380107879638672
16.94261932373047
14.889297485351562
20.51245880126953
10.602120399475098
12.684188842773438
19.20238494873047
16.480567932128906
14.09278678894043
11.426959037780762
15.443861961364746
11.139558792114258
12.34090518951416
9.53979778289795
14.483280181884766
12.341611862182617
11.632591247558594
10.30654525756836
12.359827041625977
11.954813957214355
8.229252815246582
11.445241928100586
11.534558296203613
10.644918441772461
9.818973541259766
10.925907135009766
11.960176467895508
9.548727989196777
5.939970970153809
10.515344619750977
7.454159736633301
12.597063064575195
16.18916130065918
9.31962776184082
10.048980712890625
5.771697998046875
15.300086975097656
10.272665023803711
10.435632705688477
12.653334617614746
11.809586524963379
6.624422073364258
12.955611228942871
11.918015480041504
15.632209777832031
5.6180009841918945
6.979400634765625
10.936304092407227
14.682942390441895
11.525707244873047
13.32502555847168
6.309208869934082
12.494283676147461
13.269049644470215
4.941276550292969
12.015223503112793
1.6054723262786865
7.218771934509277
11.351140022277832
5.381621360778809
16.24558448791504
6.303998947143555
5.2063751220703125
10.267434120178223
6.116935729980469
7.678008079528809
0.51082444190979
9.653701782226562
6.192113876342773
3.6131842136383057
3.9887406826019287
6.091339111328125
3.6022753715515137
6.02378511428833
3.7094006538391113
6.814715385437012
6.093480110168457
9.467485427856445
1.7765940427780151
3.8926689624786377
4.980268478393555
5.151220798492432
7.782320499420166
4.089631080627441
3.589024543762207
8.499223709106445
4.877392768859863
6.651772499084473
10.442145347595215
6.077164649963379
3.65602970123291
1.3100640773773193
5.311463356018066
3.8193888664245605
7.896834373474121
4.17496395111084
7.851652145385742
4.987675189971924
2.773470640182495
8.373086929321289
5.949526786804199
9.095724105834961
6.518338203430176
10.598529815673828
1.5864951610565186
4.10738468170166
2.9475855827331543
3.632509708404541
7.125263690948486
5.160330295562744
8.907621383666992
26.304912567138672
17.02505111694336
10.723466873168945
17.866497039794922
12.29609489440918
21.444910049438477
17.54323387145996
9.239420890808105
21.219911575317383
15.353721618652344
27.565692901611328
19.70714569091797
12.341468811035156
28.63744354248047
18.098220825195312
17.09636878967285
34.86792755126953
22.464872360229492
15.164918899536133
21.867223739624023
15.865277290344238
12.45726203918457
18.050146102905273
21.183109283447266
20.78989601135254
24.767059326171875
17.168949127197266
18.613418579101562
26.718467712402344
27.548948287963867
10.417131423950195
17.51361846923828
15.77656364440918
25.200414657592773
14.731669425964355
27.47378158569336
29.15665626525879
28.280860900878906
13.982023239135742
20.536039352416992
10.925222396850586
23.963157653808594
21.262968063354492
23.722694396972656
24.284841537475586
21.70716094970703
26.273056030273438
10.187921524047852
19.044872283935547
23.450016021728516
1.2823963165283203
5.9197587966918945
8.055904388427734
5.138858318328857
6.648982524871826
9.896055221557617
9.621816635131836
5.403141021728516
12.435039520263672
13.695837020874023
12.352862358093262
9.568938255310059
8.410728454589844
6.467874526977539
1.609895944595337
6.704268455505371
1.5806763172149658
5.715214729309082
5.651166915893555
16.094514846801758
7.211367607116699
12.468391418457031
5.71101188659668
9.245630264282227
8.26880168914795
11.3848876953125
12.021810531616211
16.224964141845703
9.250356674194336
6.982318878173828
3.7769927978515625
8.244377136230469
6.786078929901123
12.859964370727539
8.06054973602295
11.765649795532227
5.261993408203125
8.161263465881348
9.619539260864258
12.461198806762695
15.093317031860352
7.748166084289551
4.518352508544922
7.67832612991333
6.132603645324707
5.321310043334961
5.517826557159424
4.143689155578613
3.032423257827759
2.6876823902130127
11.395129203796387
5.971872329711914
9.084860801696777
5.189577102661133
7.656830787658691
11.944452285766602
11.505541801452637
2.727785348892212
3.9165596961975098
4.633445739746094
8.266350746154785
5.5407609939575195
11.916145324707031
7.615444183349609
6.291290760040283
4.892890930175781
9.56146240234375
9.707387924194336
2.9192886352539062
1.2269513607025146
9.98018741607666
2.713193416595459
5.939579963684082
4.529754638671875
12.782515525817871
5.436750411987305
5.309525489807129
9.558624267578125
7.108344078063965
10.687105178833008
6.951857566833496
6.863140106201172
5.489634990692139
9.269959449768066
0.7581183910369873
10.188055038452148
6.584657192230225
6.639446258544922
2.17218017578125
9.033123970031738
5.76792049407959
2.4305505752563477
7.820240020751953
9.542854309082031
11.959712982177734
5.233492851257324
5.111599445343018
7.834070205688477
5.635935306549072
5.563206672668457
7.603639602661133
2.6401591300964355
1.2092206478118896
5.754678726196289
0.5603078603744507
4.5327935218811035
5.954775810241699
7.542710304260254
3.2366366386413574
11.868110656738281
6.699604034423828
5.236533164978027
1.7330894470214844
13.1617431640625
6.65133810043335
5.226748466491699
-4.701272010803223
-2.07655668258667
7.823473930358887
7.161650657653809
9.066951751708984
9.651649475097656
6.735008239746094
2.6259279251098633
4.632940292358398
5.97714900970459
1.2821463346481323
2.512779712677002
5.286072731018066
3.2799782752990723
7.6592864990234375
5.874895095825195
3.4688241481781006
8.063855171203613
11.615894317626953
3.4505887031555176
5.880609035491943
1.559836983680725
-0.12771843373775482
10.139280319213867
2.0936977863311768
8.320615768432617
9.461896896362305
-0.09345865249633789
4.711442947387695
8.41296672821045
1.1706193685531616
4.111303329467773
8.962031364440918
6.714251518249512
9.378652572631836
9.702116966247559
7.932131290435791
-0.4971352219581604
1.2669707536697388
0.5182921886444092
-0.8246816396713257
9.392220497131348
5.412695407867432
9.041852951049805
6.609371185302734
3.4661359786987305
7.524095058441162
8.286834716796875
4.405054569244385
8.659746170043945
8.479602813720703
5.627161026000977
4.625204563140869
5.149896621704102
4.480583190917969
9.008560180664062
11.468757629394531
2.9234390258789062
1.861100673675537
7.901258945465088
7.597438812255859
8.144634246826172
3.1386313438415527
5.94141960144043
1.7401564121246338
1.3225347995758057
4.350682258605957
8.303031921386719
10.587869644165039
4.945448398590088
10.413204193115234
12.809545516967773
11.739286422729492
7.322803974151611
7.588998794555664
4.212397575378418
1.6190862655639648
7.460099220275879
3.199026584625244
5.473311901092529
7.960660934448242
-0.5204919576644897
1.3218880891799927
7.052731513977051
8.366393089294434
13.616510391235352
14.476759910583496
9.016884803771973
10.132232666015625
6.655723571777344
-0.9785897731781006
6.428022861480713
2.074831008911133
4.664259910583496
1.224674105644226
8.693807601928711
10.606121063232422
5.003935813903809
7.521445274353027
9.806116104125977
8.804771423339844
7.306576728820801
4.921695709228516
12.758231163024902
15.545816421508789
9.30614948272705
5.347660064697266
6.427867889404297
8.60702133178711
7.025549411773682
4.060451030731201
6.342352867126465
4.2670793533325195
7.359367847442627
4.184431076049805
10.107141494750977
5.092787742614746
3.057915449142456
5.956472396850586
5.457616806030273
7.439369201660156
10.299508094787598
9.956746101379395
9.890674591064453
7.131731033325195
4.1606316566467285
13.695638656616211
10.07629680633545
10.916440963745117
11.419389724731445
6.840250492095947
9.435436248779297
8.673213958740234
11.999953269958496
18.221385955810547
26.742111206054688
24.098976135253906
17.19918441772461
17.266921997070312
24.32024574279785
30.1123104095459
18.309368133544922
24.666107177734375
20.4661808013916
13.571619033813477
22.796554565429688
16.844013214111328
30.75997543334961
22.297313690185547
22.368133544921875
20.932918548583984
25.00986099243164
25.68051528930664
24.59491729736328
23.69247817993164
21.795207977294922
17.409000396728516
13.593134880065918
11.252771377563477
19.640165328979492
21.866548538208008
29.30291748046875
24.110870361328125
16.746051788330078
16.17668914794922
24.93182373046875
27.36563491821289
23.340850830078125
21.33929443359375
27.469093322753906
19.419361114501953
29.104907989501953
29.054073333740234
18.28380012512207
18.082841873168945
23.09381866455078
15.498518943786621
23.51784896850586
28.6055908203125
24.845508575439453
17.622312545776367
17.625211715698242
19.913816452026367
21.82017707824707
14.284416198730469
17.523591995239258
25.265430450439453
13.653128623962402
25.71129608154297
17.827743530273438
19.121719360351562
19.67975616455078
20.2821102142334
8.938522338867188
18.789880752563477
26.041460037231445
19.11327362060547
14.89458179473877
21.40291976928711
15.248067855834961
24.461624145507812
13.07597541809082
18.366374969482422
17.870832443237305
15.256172180175781
23.73560333251953
15.672076225280762
20.621437072753906
24.17623519897461
25.1318359375
23.534400939941406
23.29910659790039
26.1204891204834
18.888912200927734
18.968219757080078
23.963390350341797
27.768526077270508
22.55791473388672
18.432640075683594
16.92871856689453
22.1636962890625
22.227489471435547
24.548828125
17.495563507080078
27.112468719482422
20.332138061523438
17.37082290649414
18.271587371826172
18.26309585571289
24.60440444946289
15.802339553833008
11.67477798461914
13.719106674194336
21.211397171020508
11.128374099731445
9.154973983764648
16.548316955566406
8.628536224365234
4.521902561187744
12.176281929016113
4.68064022064209
0.6394466161727905
8.335887908935547
6.396763324737549
11.286596298217773
9.518494606018066
6.346733570098877
8.668577194213867
6.111629009246826
7.075315475463867
9.082155227661133
11.633916854858398
12.574167251586914
15.738320350646973
9.074199676513672
17.104084014892578
8.296810150146484
12.113795280456543
9.56966495513916
9.11185359954834
4.4432806968688965
7.539615631103516
9.782562255859375
8.88271713256836
11.121192932128906
11.595291137695312
14.910246849060059
15.677967071533203
11.129650115966797
8.000093460083008
13.437945365905762
10.717463493347168
8.848173141479492
13.21819019317627
12.367425918579102
9.658513069152832
9.268706321716309
7.825950622558594
14.845235824584961
9.4331636428833
15.796196937561035
10.453845024108887
6.411136627197266
9.13508415222168
5.435550689697266
6.224517345428467
8.790395736694336
8.26526165008545
8.268342971801758
11.554999351501465
7.119052886962891
8.412210464477539
3.561976432800293
5.02980375289917
6.591042518615723
5.039896011352539
10.422876358032227
0.9366841316223145
11.357778549194336
8.33868408203125
4.945199012756348
7.8879008293151855
1.0750038623809814
3.1761841773986816
0.00021209567785263062
8.578054428100586
6.411298751831055
3.4471187591552734
2.5035507678985596
4.534170150756836
7.521420955657959
-0.538029670715332
2.4108099937438965
13.201693534851074
1.6971992254257202
3.5192646980285645
7.930698394775391
2.675464630126953
-0.9345771074295044
10.471661567687988
3.6838269233703613
3.762169122695923
8.838226318359375
3.435349225997925
5.436212539672852
6.567997932434082
0.18042057752609253
6.881050109863281
11.410074234008789
4.140583038330078
5.283120155334473
6.662772178649902
8.162129402160645
4.22269868850708
10.228784561157227
6.071811676025391
6.606056213378906
4.279654502868652
-0.07442209124565125
-4.303292274475098
2.9308958053588867
4.004834175109863
6.885293006896973
1.609514832496643
3.1054577827453613
6.633070945739746
6.674921035766602
3.98327374458313
3.5233287811279297
5.889780044555664
5.128543376922607
-0.2999810576438904
12.706504821777344
6.272484302520752
10.696367263793945
2.431791305541992
4.081640243530273
2.8475098609924316
7.455782413482666
1.5673285722732544
-3.1216797828674316
3.6738739013671875
2.6275064945220947
10.306142807006836
4.230466842651367
8.448806762695312
1.7380728721618652
0.2569335699081421
9.357301712036133
6.37169885635376
8.982076644897461
5.230123996734619
2.2405922412872314
10.852483749389648
6.029009819030762
5.390978813171387
4.395703315734863
6.320361137390137
7.804815292358398
-2.4426708221435547
12.969629287719727
5.234902381896973
2.162062644958496
5.245892524719238
2.8967556953430176
9.338922500610352
2.969278335571289
6.585375785827637
6.741244792938232
7.556556701660156
10.14065170288086
14.925302505493164
10.455923080444336
8.568161010742188
7.150678634643555
5.096883296966553
9.458361625671387
13.342897415161133
15.180286407470703
3.259972095489502
11.045287132263184
4.67127799987793
9.678558349609375
6.257959365844727
10.873111724853516
9.629766464233398
7.096244812011719
11.073223114013672
8.883894920349121
11.047021865844727
5.65552282333374
5.282834053039551
12.276086807250977
15.753242492675781
8.19186019897461
13.845352172851562
12.40234375
6.499759197235107
10.835514068603516
5.592548370361328
11.972415924072266
13.316308975219727
4.088409423828125
8.079665184020996
13.76431655883789
3.3856441974639893
0.7144792079925537
10.802513122558594
7.498528480529785
14.99643325805664
9.001842498779297
3.640763759613037
9.642742156982422
5.5967116355896
13.581228256225586
21.926780700683594
5.502950191497803
15.373359680175781
22.649734497070312
18.58844566345215
16.36063575744629
18.019046783447266
23.38437271118164
15.193172454833984
15.739459991455078
33.4305419921875
25.945106506347656
26.930213928222656
24.299253463745117
29.150840759277344
26.321094512939453
21.551433563232422
24.045808792114258
22.042089462280273
16.970746994018555
20.620529174804688
20.603023529052734
20.76148796081543
13.890058517456055
22.351593017578125
26.30939292907715
24.69529151916504
35.12356948852539
25.45135498046875
21.795658111572266
18.83002471923828
28.611614227294922
28.31894302368164
12.14711856842041
23.072647094726562
29.065872192382812
30.076887130737305
14.975890159606934
14.517112731933594
13.446738243103027
17.73455047607422
27.659160614013672
3.521171808242798
24.622711181640625
23.47429656982422
28.39004898071289
16.600242614746094
18.000293731689453
29.911113739013672
-1.2990812063217163
2.2634482383728027
12.494344711303711
11.436210632324219
5.612788200378418
12.30294418334961
8.874687194824219
5.079986572265625
8.550689697265625
8.871709823608398
11.671404838562012
7.37785530090332
4.955918312072754
9.772472381591797
17.694990158081055
14.734024047851562
11.018054962158203
10.42160415649414
4.441414833068848
4.453618049621582
8.826440811157227
8.582873344421387
8.15831184387207
4.611833572387695
5.167419910430908
3.9475550651550293
3.338963031768799
3.8717801570892334
3.101820945739746
12.251944541931152
5.507776260375977
8.923295021057129
13.894366264343262
-0.7507405877113342
21.63469696044922
6.726373672485352
14.316679000854492
6.59431266784668
5.551814556121826
-1.4010790586471558
10.117813110351562
9.700571060180664
11.750738143920898
8.322720527648926
4.825002670288086
5.095101356506348
4.647830486297607
6.0199127197265625
8.6763334274292
8.256424903869629
13.449715614318848
4.36701774597168
11.808675765991211
9.08787727355957
6.206798553466797
13.770163536071777
5.948265075683594
7.743133544921875
3.8284900188446045
13.566206932067871
10.005061149597168
13.086030960083008
10.373815536499023
4.739734649658203
8.05500316619873
6.7183637619018555
10.181703567504883
5.178197860717773
3.8251020908355713
14.603397369384766
11.512590408325195
4.627409934997559
6.800704002380371
10.131044387817383
13.168092727661133
12.212606430053711
7.403833389282227
11.057538986206055
8.211453437805176
5.763919830322266
6.426176071166992
12.428675651550293
12.516170501708984
7.441770076751709
4.307533264160156
10.861709594726562
5.214842796325684
6.582344055175781
18.104196548461914
6.775354385375977
6.542825698852539
3.281689405441284
3.9893155097961426
11.699405670166016
9.895465850830078
8.264829635620117
7.434690952301025
6.834952354431152
6.360718727111816
8.034088134765625
8.606823921203613
-3.5527162551879883
9.362119674682617
-6.652909755706787
7.433024883270264
4.384343147277832
10.710409164428711
0.9348710179328918
12.671911239624023
4.861870288848877
17.250568389892578
3.7891652584075928
3.2179064750671387
7.372488975524902
16.65184783935547
14.906980514526367
-0.5453944206237793
11.402482986450195
13.950841903686523
12.705850601196289
4.183262348175049
-6.140133857727051
-2.0790581703186035
10.034265518188477
9.030122756958008
6.574374198913574
15.624051094055176
3.443516254425049
9.984831809997559
16.322895050048828
3.8484201431274414
-2.837509870529175
22.251956939697266
5.067987442016602
12.491331100463867
13.093008041381836
1.7409625053405762
9.904272079467773
6.501172065734863
15.258567810058594
7.647092819213867
16.770889282226562
10.590940475463867
7.4458723068237305
6.039651870727539
4.741186141967773
11.96413803100586
5.136758804321289
5.479454040527344
13.44807243347168
5.980781078338623
6.96965217590332
0.7123235464096069
5.927196979522705
6.069586277008057
-0.7194221615791321
2.092421531677246
1.1593830585479736
1.7364184856414795
6.213661193847656
1.781746745109558
7.436906814575195
3.9332833290100098
5.313323974609375
3.468367576599121
0.8410894274711609
3.6886472702026367
6.66331148147583
2.585259199142456
1.2510794401168823
5.164609909057617
4.209169387817383
7.597966194152832
4.198153018951416
-0.03611654043197632
2.4557809829711914
5.770452499389648
-2.869555950164795
2.5704145431518555
3.1593923568725586
6.333422660827637
6.086010932922363
3.6886558532714844
3.221146583557129
3.0794284343719482
5.825706481933594
4.010775089263916
6.242452621459961
6.11148738861084
3.538137435913086
3.7643003463745117
1.3048982620239258
0.5890426635742188
7.135056018829346
3.589592456817627
3.6189064979553223
5.485858917236328
7.775922775268555
0.8158773183822632
7.27354621887207
1.7362042665481567
-1.5561630725860596
0.9953609704971313
0.5888340473175049
3.5490992069244385
2.313488006591797
6.18988037109375
5.3398003578186035
5.322789192199707
2.6010706424713135
5.2837066650390625
0.10324014723300934
-4.224591255187988
4.51000452041626
1.402745246887207
9.176876068115234
1.9388768672943115
1.2668266296386719
5.770937919616699
3.157902717590332
4.4671478271484375
3.0845699310302734
0.22166556119918823
-0.9988923072814941
0.4512042999267578
1.3735888004302979
0.9001873135566711
5.461753845214844
1.958214521408081
-0.034674450755119324
2.2697978019714355
3.635359764099121
-1.6159093379974365
-0.5529545545578003
0.7658729553222656
-0.85090172290802
1.9033863544464111
3.9722900390625
1.5257542133331299
5.008152961730957
0.9263989329338074
1.7392160892486572
2.2668073177337646
1.4862432479858398
2.3865761756896973
2.409014940261841
3.986625909805298
0.5306893587112427
6.576228141784668
5.310455322265625
-0.6881803274154663
5.465109825134277
5.934961795806885
1.1871930360794067
0.09867852181196213
0.35354477167129517
-0.0567702054977417
2.146500587463379
3.5165586471557617
0.5836718082427979
4.060463905334473
5.301052570343018
6.783423900604248
2.058229923248291
6.779356479644775
4.894547939300537
9.735097885131836
-1.2546577453613281
0.6661664247512817
-0.21494072675704956
2.969367027282715
2.5323848724365234
2.6101016998291016
6.199435234069824
2.511528968811035
6.7145819664001465
1.1266975402832031
2.9642767906188965
-4.807641983032227
1.1412773132324219
3.0806241035461426
6.294604301452637
0.2650839686393738
0.7846193313598633
4.01901388168335
6.024191379547119
4.798640251159668
3.0307674407958984
3.730006456375122
5.718409538269043
5.18363094329834
0.8599320650100708
3.5036065578460693
3.7300472259521484
0.22557790577411652
-0.06343711912631989
-0.8626660108566284
6.69301700592041
4.42893123626709
5.675702095031738
9.864173889160156
14.299185752868652
4.252002239227295
8.133393287658691
7.5015106201171875
14.576852798461914
7.2650651931762695
11.780780792236328
4.423283100128174
3.4587178230285645
15.943296432495117
13.824098587036133
8.19637393951416
13.202327728271484
10.756330490112305
8.881631851196289
17.197769165039062
15.864213943481445
12.177946090698242
16.11050033569336
10.721519470214844
9.948297500610352
16.22057342529297
3.7510499954223633
14.566116333007812
12.157463073730469
6.984766006469727
9.355794906616211
10.319883346557617
5.150039196014404
13.148143768310547
10.801078796386719
8.518335342407227
12.404292106628418
13.166491508483887
12.810810089111328
10.554529190063477
10.52419662475586
11.476580619812012
10.112882614135742
15.726017951965332
6.56021785736084
14.476279258728027
7.804677963256836
9.743922233581543
13.044832229614258
6.701836585998535
12.547663688659668
13.897420883178711
18.12641143798828
15.92326545715332
13.78911018371582
11.201486587524414
-0.09712980687618256
11.711532592773438
15.997218132019043
4.201033115386963
13.381872177124023
7.375677108764648
6.491997241973877
10.266931533813477
-2.8579375743865967
12.028592109680176
11.187525749206543
9.442459106445312
5.648333549499512
7.79692268371582
5.444792747497559
5.134675025939941
8.775654792785645
7.911707401275635
6.472355842590332
5.82296085357666
6.5024495124816895
5.528725624084473
3.5363240242004395
8.388026237487793
10.781705856323242
14.395950317382812
7.768544673919678
7.702970504760742
10.619918823242188
1.609799861907959
10.643959045410156
12.191079139709473
4.316293716430664
7.793461322784424
9.856063842773438
9.385576248168945
7.205144882202148
8.605720520019531
5.396590709686279
5.135005950927734
1.7133042812347412
3.3083648681640625
13.174018859863281
15.030193328857422
14.553009033203125
5.829130172729492
5.666024684906006
16.557241439819336
7.508498191833496
16.116939544677734
16.619783401489258
13.149245262145996
17.437437057495117
14.325377464294434
18.51580047607422
21.889719009399414
11.428510665893555
14.960395812988281
14.55604076385498
14.038237571716309
8.847299575805664
13.362574577331543
13.890100479125977
18.686506271362305
10.024538040161133
15.772382736206055
23.862735748291016
11.27637004852295
6.7104597091674805
15.562745094299316
9.656089782714844
4.531548976898193
3.9713454246520996
20.96454429626465
21.21607208251953
17.054088592529297
8.378517150878906
13.195426940917969
13.18104076385498
13.915241241455078
26.129779815673828
24.36017417907715
16.48157501220703
21.362075805664062
13.060771942138672
19.471696853637695
6.36148738861084
19.26134490966797
14.263574600219727
16.41231918334961
20.066024780273438
20.619583129882812
14.688279151916504
18.863780975341797
21.556928634643555
18.18234634399414
14.24394416809082
12.235308647155762
6.78601598739624
8.246611595153809
6.895778656005859
-2.2568395137786865
10.78727912902832
1.3783924579620361
6.266726970672607
7.302188873291016
4.105881690979004
6.279912948608398
6.9174485206604
1.8568973541259766
2.2699875831604004
14.147822380065918
-0.5113829374313354
-2.237898826599121
-3.291315793991089
-5.569753646850586
5.175816059112549
5.666585922241211
3.3040010929107666
3.113123655319214
3.091567039489746
-0.7906237840652466
7.825320243835449
12.443767547607422
-0.3183601498603821
9.736679077148438
4.8281025886535645
7.691423416137695
21.381399154663086
7.767604351043701
5.432950973510742
3.8240857124328613
4.535356521606445
15.380777359008789
14.30817985534668
4.543938636779785
7.234447002410889
12.416759490966797
14.862531661987305
11.492042541503906
6.837210655212402
0.9831477403640747
-1.528898000717163
-3.785304069519043
21.004653930664062
9.127860069274902
3.386265754699707
32.082359313964844
23.344890594482422
19.683448791503906
8.913487434387207
16.961044311523438
12.624929428100586
16.854896545410156
23.36296844482422
21.672813415527344
24.782127380371094
21.108802795410156
26.465763092041016
20.595535278320312
30.67060661315918
9.34157657623291
31.185422897338867
9.658236503601074
21.772506713867188
36.29752731323242
21.309785842895508
15.928309440612793
12.108196258544922
15.914100646972656
21.712574005126953
25.758792877197266
14.839057922363281
16.805419921875
17.596027374267578
18.4522647857666
21.111635208129883
24.58409881591797
28.58500862121582
16.090553283691406
26.63482666015625
16.942108154296875
18.339309692382812
11.463274002075195
19.620628356933594
15.380899429321289
14.927979469299316
26.853736877441406
14.759183883666992
22.420061111450195
26.116666793823242
11.092595100402832
19.52890396118164
7.132707595825195
28.951290130615234
17.369266510009766
19.649654388427734
17.669719696044922
13.919013977050781
21.770082473754883
5.386983871459961
11.223036766052246
18.12527084350586
12.130800247192383
12.38044548034668
14.334413528442383
10.731266021728516
2.1364874839782715
11.153984069824219
10.357654571533203
10.541074752807617
11.475141525268555
16.711803436279297
3.9965057373046875
8.544355392456055
12.052486419677734
14.190324783325195
15.83691120147705
7.774737358093262
4.672430992126465
2.9966821670532227
11.964799880981445
12.68804931640625
14.316282272338867
12.679851531982422
4.040708065032959
18.3460636138916
8.727001190185547
15.956737518310547
7.999562740325928
6.941000938415527
16.699100494384766
6.882730960845947
9.46743106842041
12.247187614440918
10.873735427856445
10.424802780151367
8.036590576171875
13.780405044555664
2.5950875282287598
6.535558223724365
4.113274574279785
15.672637939453125
10.752290725708008
12.109461784362793
12.24305534362793
11.80913257598877
9.326652526855469
6.251739025115967
15.164506912231445
7.375361442565918
13.434802055358887
12.774091720581055
9.757852554321289
10.063989639282227
7.4319987297058105
14.711315155029297
-0.4261438548564911
5.279882431030273
14.842428207397461
11.301076889038086
12.028375625610352
5.834433078765869
10.09085464477539
14.69120979309082
10.409459114074707
0.8824161291122437
5.023837089538574
6.157341003417969
13.307910919189453
7.358147621154785
10.723539352416992
14.685806274414062
11.293041229248047
9.440299034118652
7.968254566192627
11.227151870727539
12.606274604797363
9.344711303710938
11.431940078735352
4.331723213195801
11.73347282409668
11.658198356628418
15.699833869934082
11.658674240112305
14.648967742919922
9.161675453186035
17.96863555908203
5.725832939147949
10.236088752746582
4.740755081176758
6.132261753082275
8.31832504272461
13.694551467895508
11.719452857971191
12.535601615905762
4.317716598510742
21.52252197265625
16.051944732666016
17.218486785888672
20.568588256835938
8.199939727783203
15.566974639892578
20.301376342773438
10.647132873535156
6.004730701446533
14.483781814575195
14.215879440307617
18.25821304321289
12.422242164611816
18.82854461669922
11.304705619812012
11.584585189819336
6.95974063873291
11.611104965209961
15.801700592041016
8.340448379516602
14.693082809448242
15.610194206237793
13.636167526245117
12.248849868774414
25.196069717407227
12.885245323181152
15.818784713745117
14.845027923583984
5.457147598266602
11.8654203414917
11.006521224975586
12.991395950317383
12.450523376464844
10.873482704162598
15.68719482421875
16.40966033935547
13.701265335083008
13.422616004943848
3.4073069095611572
14.290945053100586
15.028584480285645
20.614402770996094
5.067363739013672
7.246077060699463
13.456487655639648
22.4530029296875
8.18368148803711
19.105491638183594
12.842132568359375
14.455301284790039
4.167856216430664
4.77543306350708
2.7621121406555176
5.018603324890137
3.835636615753174
3.9926538467407227
4.959115982055664
0.7933533191680908
0.49263763427734375
2.5624661445617676
0.5842432379722595
2.7187163829803467
6.159755706787109
0.5174557566642761
5.828546524047852
1.5802510976791382
2.7492544651031494
4.641150951385498
4.729965686798096
1.2817046642303467
-2.970458984375
0.3970632553100586
2.0913009643554688
6.93701171875
-0.30581948161125183
-0.5620867013931274
1.043375849723816
4.537074565887451
8.842702865600586
3.0896553993225098
9.856141090393066
0.7953445911407471
4.018195152282715
-0.00661686435341835
9.026708602905273
2.936070680618286
-1.0091569423675537
-1.952387809753418
1.261954426765442
-0.2719665765762329
-1.1865146160125732
1.9393428564071655
3.103931427001953
4.174652576446533
6.076138496398926
3.3380284309387207
1.3454644680023193
5.294371604919434
6.883792877197266
1.946455955505371
7.735885143280029
7.940823554992676
17.53312110900879
4.165714740753174
13.456747055053711
12.096109390258789
12.03123664855957
18.321277618408203
3.5208323001861572
8.125864028930664
5.085240364074707
7.974605560302734
15.499605178833008
2.9838807582855225
11.193390846252441
1.4072107076644897
9.65001106262207
5.932071208953857
12.979331016540527
10.206598281860352
10.06536865234375
3.5791258811950684
4.807777404785156
2.0026626586914062
7.116631507873535
12.076351165771484
0.7879147529602051
13.996772766113281
8.850366592407227
7.582667350769043
10.49740219116211
13.61868667602539
16.01058006286621
3.3316104412078857
10.320380210876465
9.745255470275879
6.24021053314209
11.673340797424316
9.395292282104492
8.957775115966797
14.888174057006836
14.157829284667969
10.282301902770996
4.7105865478515625
10.481918334960938
11.170354843139648
10.265169143676758
20.634113311767578
14.211406707763672
5.835995674133301
8.377467155456543
7.890737056732178
8.226736068725586
2.7852840423583984
-0.21401558816432953
1.4776108264923096
10.443449974060059
5.833424091339111
-0.9879138469696045
5.424477577209473
8.081304550170898
4.138121128082275
13.914794921875
9.746377944946289
3.148466110229492
3.2382664680480957
6.786120891571045
5.661674499511719
10.455288887023926
2.7504777908325195
0.515853226184845
9.50289249420166
6.179416656494141
2.2220354080200195
6.833574295043945
2.540146827697754
2.1930768489837646
6.517763614654541
3.596510410308838
6.235369682312012
6.4907732009887695
9.693769454956055
9.98363208770752
3.925680160522461
6.673699378967285
13.172048568725586
10.594303131103516
5.323533058166504
9.52269172668457
4.3874077796936035
8.346100807189941
10.475576400756836
12.410792350769043
1.4073065519332886
6.647904872894287
4.308923721313477
11.068788528442383
9.370882034301758
3.8588831424713135
9.630313873291016
12.126895904541016
10.424776077270508
6.790170192718506
4.805830955505371
5.013551712036133
6.298750400543213
4.751101493835449
10.459979057312012
4.905351638793945
4.204290866851807
9.28441047668457
6.616083145141602
11.303810119628906
10.032281875610352
5.243768692016602
10.360128402709961
12.170464515686035
9.992002487182617
2.6178932189941406
5.315620422363281
13.015932083129883
9.009169578552246
13.91337776184082
13.787103652954102
8.151169776916504
6.254629611968994
4.749192714691162
3.8954267501831055
9.653193473815918
11.374944686889648
7.658356666564941
6.568737030029297
11.0692138671875
5.277045249938965
7.722071647644043
6.625420570373535
7.893991470336914
2.24204683303833
5.81125545501709
8.61782455444336
9.983596801757812
12.981939315795898
5.005074501037598
4.719234466552734
12.284089088439941
7.093279838562012
7.8765764236450195
5.4402055740356445
3.6039607524871826
6.692349433898926
3.9466402530670166
9.225791931152344
8.32107162475586
2.9296822547912598
5.189216136932373
5.769980430603027
21.091506958007812
5.162868976593018
11.758779525756836
9.035009384155273
5.3203887939453125
7.511013984680176
12.414166450500488
-0.968052327632904
5.971169948577881
9.040367126464844
3.50030517578125
3.7487969398498535
5.359485149383545
3.2863264083862305
8.874999046325684
6.174221038818359
12.792600631713867
14.47250747680664
0.17095616459846497
7.953446388244629
7.54538631439209
4.5178656578063965
-1.4285072088241577
10.657896995544434
6.23719596862793
12.312129974365234
20.407428741455078
3.3476951122283936
18.338600158691406
5.1070756912231445
5.721394062042236
16.264236450195312
9.060943603515625
1.4815223217010498
5.264852523803711
8.799548149108887
9.992894172668457
0.6847620010375977
10.084035873413086
1.9259998798370361
10.432680130004883
13.2007417678833
3.2481939792633057
6.369233131408691
27.65019989013672
19.178176879882812
29.050495147705078
30.00385284423828
39.824668884277344
41.7054443359375
21.414583206176758
26.516366958618164
27.93402099609375
31.35997772216797
30.265953063964844
24.309734344482422
29.908649444580078
23.67864418029785
26.37010383605957
23.658716201782227
27.414098739624023
29.70899200439453
34.608154296875
21.398365020751953
30.10955047607422
23.4283447265625
32.2402458190918
23.8681697845459
29.090240478515625
31.689300537109375
16.539535522460938
31.078598022460938
19.532583236694336
23.908260345458984
30.985591888427734
23.015949249267578
34.394569396972656
20.50135612487793
22.527679443359375
24.176006317138672
26.396987915039062
30.473915100097656
32.259193420410156
23.546581268310547
25.285022735595703
27.883708953857422
17.92000961303711
19.964069366455078
23.338695526123047
28.01275634765625
25.81916618347168
25.807180404663086
23.18745231628418
21.645431518554688
13.273895263671875
-1.9286834001541138
4.206448554992676
13.868953704833984
1.2592482566833496
1.874590277671814
5.749804496765137
5.670243740081787
5.798504829406738
9.671945571899414
6.220592975616455
9.77996826171875
10.44349479675293
9.85267448425293
7.358620643615723
8.65832233428955
7.418981552124023
2.729583263397217
2.616140365600586
7.208044052124023
4.907465934753418
6.417720317840576
2.427053928375244
0.617375373840332
7.561209201812744
9.560574531555176
0.5670661926269531
5.28590726852417
4.226716995239258
8.778055191040039
6.202147483825684
9.168325424194336
1.898219108581543
2.0249435901641846
11.697778701782227
2.959786891937256
5.537632465362549
0.8460941910743713
12.501553535461426
7.536352157592773
5.794521808624268
10.426830291748047
10.67091178894043
6.425213813781738
7.854708671569824
6.289220809936523
2.397120475769043
7.541001796722412
10.970840454101562
2.32914662361145
6.662091255187988
10.64765739440918
1.8893232345581055
3.866974353790283
4.704244613647461
13.264012336730957
5.936104774475098
4.448380470275879
3.095390558242798
7.905319690704346
4.939213275909424
9.369999885559082
2.6690125465393066
2.9035208225250244
0.17625857889652252
9.770034790039062
5.988882064819336
5.196344375610352
4.446284294128418
5.2193427085876465
7.278061866760254
3.5608229637145996
7.577618598937988
6.139470100402832
4.508472919464111
6.63668155670166
8.02991771697998
8.673545837402344
-0.9317628741264343
9.038162231445312
5.97715950012207
5.304256439208984
2.668623447418213
1.6828434467315674
1.9964324235916138
7.531512260437012
10.450926780700684
7.273959636688232
2.0726003646850586
8.884330749511719
3.6347265243530273
2.662325382232666
3.5823564529418945
2.1879940032958984
2.759030818939209
3.772042751312256
6.84382438659668
6.572352409362793
3.248739004135132
5.611349105834961
36.140281677246094
34.03961181640625
27.532825469970703
30.227230072021484
29.610759735107422
40.12189865112305
34.15057373046875
33.19609832763672
27.931739807128906
31.542369842529297
44.0378532409668
27.076801300048828
41.93538284301758
34.8930778503418
30.19306182861328
36.354549407958984
29.240816116333008
27.974777221679688
30.809261322021484
36.75954818725586
34.169647216796875
31.721473693847656
29.04934310913086
40.82697296142578
29.119157791137695
41.73698043823242
37.527732849121094
27.938627243041992
22.442195892333984
25.014005661010742
43.83617401123047
23.80331039428711
39.43550109863281
37.20452117919922
31.006103515625
38.05857467651367
26.10498809814453
35.288291931152344
32.61238098144531
37.86092758178711
41.116973876953125
33.25447463989258
35.03135299682617
35.7066650390625
33.53430938720703
28.169931411743164
29.55432891845703
31.860170364379883
22.93597412109375
19.508346557617188
5.38728141784668
7.052425384521484
2.1436195373535156
7.332277774810791
4.780203819274902
5.858814239501953
4.410717964172363
1.874462604522705
4.1013922691345215
3.8362956047058105
-0.5966106653213501
3.258263111114502
3.673238754272461
4.657563209533691
5.676196098327637
4.189083099365234
3.3541390895843506
2.340498447418213
4.53834342956543
3.0573744773864746
6.729339122772217
4.534414291381836
3.5694069862365723
3.9129133224487305
5.436679363250732
1.4088557958602905
4.272298812866211
1.469258427619934
4.40026330947876
2.365886688232422
6.783599853515625
6.768787384033203
3.5298566818237305
4.479439735412598
2.6395835876464844
2.940661907196045
5.502320289611816
4.202364444732666
3.303175687789917
2.382406711578369
5.7108283042907715
3.3560566902160645
0.12886132299900055
8.233240127563477
-2.83419132232666
1.863126277923584
0.510595440864563
5.457621097564697
0.8757843971252441
5.700798034667969
23.013206481933594
28.01032257080078
17.776182174682617
7.393631935119629
15.26716423034668
23.195453643798828
25.98965072631836
12.432978630065918
20.452468872070312
27.83664321899414
26.118640899658203
16.614849090576172
13.35241985321045
16.377300262451172
27.30432891845703
10.35699462890625
23.571861267089844
10.251893043518066
14.957084655761719
12.139073371887207
20.028776168823242
18.942142486572266
20.9189453125
12.613214492797852
25.314525604248047
24.184452056884766
10.566950798034668
18.428024291992188
27.398540496826172
23.628082275390625
9.929276466369629
12.592920303344727
10.079197883605957
10.681564331054688
13.434946060180664
20.923675537109375
24.27242088317871
11.481687545776367
25.923583984375
30.672210693359375
21.858196258544922
16.35080337524414
28.069847106933594
22.922840118408203
25.085817337036133
15.706512451171875
14.742162704467773
13.357196807861328
25.693683624267578
14.293612480163574
21.20659828186035
15.587122917175293
14.329517364501953
15.180122375488281
15.180970191955566
17.367210388183594
20.38435935974121
16.959625244140625
12.095598220825195
9.84756851196289
9.725863456726074
8.655916213989258
12.267940521240234
19.48843002319336
6.4106340408325195
10.8646240234375
12.30686092376709
4.3044023513793945
12.710716247558594
13.229219436645508
20.887008666992188
20.155582427978516
12.441882133483887
16.093460083007812
17.350393295288086
6.38749885559082
7.855902194976807
14.565680503845215
16.63262939453125
15.402652740478516
13.024589538574219
18.569738388061523
24.32168960571289
11.859917640686035
17.613502502441406
9.861281394958496
9.183310508728027
13.042703628540039
3.1379308700561523
11.275124549865723
5.319827556610107
10.482064247131348
10.600738525390625
12.420281410217285
17.526962280273438
11.550079345703125
17.799161911010742
13.957310676574707
25.28310775756836
19.853843688964844
5.75883674621582
17.29312515258789
1.016555666923523
11.353885650634766
14.55640983581543
6.874985694885254
2.3115429878234863
-0.4138461649417877
7.508053779602051
2.756213665008545
13.868471145629883
6.719767093658447
8.601933479309082
14.969688415527344
1.062890887260437
22.36446189880371
10.835033416748047
21.464279174804688
5.591351509094238
13.26427173614502
-0.7177780866622925
21.091854095458984
11.29001235961914
11.985441207885742
9.309850692749023
10.729978561401367
19.370975494384766
4.234899520874023
8.863203048706055
19.14824867248535
4.830557346343994
10.941816329956055
17.816070556640625
20.941558837890625
7.231686592102051
10.434077262878418
18.01360511779785
15.765703201293945
16.840919494628906
19.024070739746094
15.551787376403809
3.5681240558624268
4.7479248046875
8.849825859069824
8.27267837524414
4.094305992126465
22.797080993652344
9.193771362304688
10.060041427612305
7.848712921142578
4.595758438110352
5.371591091156006
4.376469612121582
0.5341379642486572
3.258885622024536
4.218713283538818
3.7547526359558105
2.764556884765625
7.077175617218018
7.769626140594482
2.180328369140625
3.4487051963806152
5.8762125968933105
1.0600178241729736
5.477087020874023
4.240744590759277
4.251524925231934
6.229729652404785
5.920122146606445
1.016406774520874
-2.8837437629699707
4.817300319671631
8.27071762084961
1.3773200511932373
5.077608585357666
6.650083541870117
1.9019865989685059
3.5713932514190674
5.749614238739014
1.7102904319763184
1.6176639795303345
3.7304787635803223
9.699512481689453
3.602893829345703
5.9663801193237305
6.0452961921691895
-0.05112927407026291
4.428117275238037
1.6649699211120605
2.4524590969085693
7.911069869995117
4.252445220947266
5.646960258483887
7.561902046203613
4.2630414962768555
6.138394355773926
1.207185983657837
8.103034019470215
4.908763885498047
2.163743257522583
10.37314224243164
23.26299285888672
22.364702224731445
13.064260482788086
10.445211410522461
25.796916961669922
16.146921157836914
20.718008041381836
24.248016357421875
16.475662231445312
15.749044418334961
17.191408157348633
13.773011207580566
21.15860366821289
16.798675537109375
15.73440933227539
19.714221954345703
20.714784622192383
21.15534210205078
7.052224159240723
8.307097434997559
17.141952514648438
21.263883590698242
27.61427116394043
9.976853370666504
19.146495819091797
14.429064750671387
19.40752410888672
18.615034103393555
25.093894958496094
16.520925521850586
14.392939567565918
19.463062286376953
12.104814529418945
19.64516830444336
14.954744338989258
21.323078155517578
17.687429428100586
21.324539184570312
18.24541473388672
12.829004287719727
21.568340301513672
27.086233139038086
9.619927406311035
20.25833511352539
20.118457794189453
22.727109909057617
23.706573486328125
12.110483169555664
14.806640625
18.865947723388672
12.808008193969727
13.121826171875
12.450641632080078
15.708368301391602
9.995542526245117
14.77927017211914
20.03284454345703
12.935417175292969
12.27287483215332
18.052419662475586
11.466687202453613
12.495203018188477
13.119604110717773
17.55766487121582
2.9864661693573
6.911255836486816
18.906648635864258
14.991910934448242
17.49860382080078
2.3625383377075195
9.04133415222168
2.8605940341949463
6.651503562927246
13.695839881896973
12.222585678100586
15.177098274230957
8.310779571533203
14.372295379638672
15.785804748535156
12.126806259155273
7.254360675811768
14.228245735168457
10.327263832092285
11.0446195602417
17.446090698242188
10.279783248901367
8.755001068115234
16.588993072509766
13.020236015319824
12.350936889648438
6.355442523956299
9.646466255187988
8.630615234375
13.521010398864746
25.291900634765625
9.499162673950195
10.196925163269043
2.40256404876709
16.437881469726562
11.06045913696289
20.529483795166016
26.668476104736328
19.12075424194336
22.448486328125
21.803539276123047
6.862287521362305
19.07793426513672
17.936716079711914
16.689624786376953
18.657737731933594
26.594701766967773
20.085674285888672
17.248579025268555
23.246496200561523
21.842777252197266
20.98965835571289
7.071002006530762
18.652118682861328
18.616378784179688
8.376569747924805
16.61814308166504
16.737117767333984
20.147233963012695
19.526233673095703
15.474594116210938
15.658730506896973
21.06377410888672
22.830570220947266
14.149751663208008
9.814249038696289
15.313955307006836
17.58320426940918
20.60484504699707
19.068931579589844
28.787120819091797
14.715254783630371
20.823984146118164
19.327463150024414
28.71396255493164
22.326133728027344
26.392871856689453
23.914016723632812
21.86185646057129
16.391117095947266
20.20438003540039
17.261201858520508
23.439800262451172
13.212933540344238
22.86109733581543
6.056761741638184
10.277669906616211
17.68668556213379
9.75190544128418
14.874917984008789
8.217206954956055
12.763626098632812
8.359384536743164
8.372162818908691
15.725435256958008
12.541975021362305
19.164043426513672
9.903294563293457
4.541759490966797
16.86098289489746
13.704436302185059
10.090532302856445
16.190174102783203
18.526649475097656
5.287051200866699
12.403427124023438
18.563232421875
15.015158653259277
10.974634170532227
5.416243553161621
6.5591301918029785
21.05699920654297
4.728121280670166
16.829504013061523
11.949485778808594
15.118232727050781
22.181921005249023
8.526972770690918
13.233504295349121
4.288982391357422
21.276378631591797
8.967375755310059
7.505091667175293
14.198911666870117
11.741842269897461
16.590103149414062
14.012690544128418
14.707839012145996
18.939266204833984
6.660042762756348
7.696396350860596
12.815014839172363
2.0635616779327393
-1.1278698444366455
5.4913153648376465
19.68997573852539
22.513866424560547
26.53760528564453
21.058673858642578
21.771587371826172
25.129981994628906
17.615161895751953
22.97983169555664
17.484058380126953
23.497257232666016
15.892108917236328
25.433780670166016
23.375831604003906
21.29059600830078
22.510669708251953
21.091114044189453
28.08255386352539
17.263940811157227
16.441383361816406
26.402896881103516
29.57187271118164
16.770517349243164
18.683860778808594
14.57935619354248
20.26270294189453
21.363418579101562
19.746007919311523
21.28952980041504
20.116619110107422
20.313573837280273
11.14780044555664
14.162742614746094
22.140369415283203
21.759658813476562
20.133663177490234
18.12091827392578
23.387340545654297
18.601673126220703
20.49430274963379
18.63454818725586
23.02090072631836
19.07982635498047
21.357707977294922
14.508983612060547
22.76220703125
16.825780868530273
13.462067604064941
27.29240608215332
20.49188995361328
20.78045082092285
8.240455627441406
9.135226249694824
3.348802089691162
1.5349833965301514
5.368640899658203
3.007112741470337
6.737893104553223
10.766422271728516
7.4238739013671875
8.058378219604492
4.108190536499023
5.01138162612915
7.725164413452148
1.5057058334350586
8.02655029296875
12.053794860839844
3.2748470306396484
8.390693664550781
2.606215476989746
1.3857223987579346
12.866270065307617
4.703950881958008
6.315776824951172
1.7134323120117188
6.023189067840576
1.4689762592315674
2.116757392883301
4.074286460876465
5.45716667175293
9.029624938964844
6.805927276611328
2.0394070148468018
0.37338322401046753
1.7697763442993164
5.359731674194336
9.193256378173828
5.456031799316406
3.889514923095703
7.0688886642456055
1.8808777332305908
5.099562644958496
1.537031888961792
5.457200050354004
8.05848503112793
11.94998550415039
4.270572662353516
10.96053695678711
4.810784339904785
7.841984748840332
15.414071083068848
6.908654689788818
2.1158573627471924
2.981083393096924
8.187437057495117
4.280704021453857
2.924091339111328
1.5010488033294678
1.2619881629943848
4.540776252746582
7.363177299499512
6.486228942871094
5.716615676879883
3.2858119010925293
-1.0340723991394043
5.374872207641602
7.356720447540283
3.864229202270508
0.2601378858089447
3.9288575649261475
3.1315860748291016
5.4229416847229
3.7218449115753174
6.216188430786133
-0.3365095257759094
6.054263114929199
8.070226669311523
-0.4177902042865753
6.950448513031006
4.396868705749512
4.709895610809326
-1.3652708530426025
2.474013328552246
2.917531967163086
9.817861557006836
-1.6813275814056396
2.9574222564697266
3.0982506275177
7.462518692016602
1.5073224306106567
10.72701644897461
1.3546473979949951
-1.2359404563903809
0.6241956949234009
1.333584189414978
5.272294044494629
0.5256399512290955
3.6913743019104004
3.9094903469085693
4.4824066162109375
7.952193737030029
7.980984210968018
21.233821868896484
17.81209373474121
19.550128936767578
17.12068748474121
5.296071529388428
9.09203815460205
17.182132720947266
10.301005363464355
9.20615005493164
9.303241729736328
12.268850326538086
15.35280704498291
-2.1249899864196777
8.677999496459961
14.632614135742188
10.764904022216797
16.621776580810547
20.043590545654297
17.206363677978516
16.371192932128906
17.374290466308594
10.564041137695312
15.943716049194336
20.355039596557617
4.393569469451904
10.043818473815918
14.595712661743164
14.834301948547363
16.260549545288086
10.257356643676758
15.818917274475098
21.274383544921875
13.577042579650879
19.077680587768555
19.03343963623047
9.993703842163086
16.248489379882812
16.239849090576172
18.267993927001953
6.41231632232666
10.27049732208252
11.86751651763916
17.735336303710938
13.649639129638672
24.76388168334961
26.612232208251953
20.347152709960938
17.759220123291016
11.639652252197266
15.210206031799316
15.549713134765625
19.6276798248291
17.042633056640625
14.187100410461426
15.445162773132324
16.379316329956055
26.206893920898438
12.640057563781738
19.508785247802734
15.906383514404297
12.115228652954102
21.154571533203125
17.220388412475586
22.785465240478516
19.082298278808594
11.908393859863281
20.510860443115234
14.180412292480469
17.686119079589844
24.98028564453125
22.67168617248535
18.386062622070312
12.069814682006836
14.437234878540039
14.65717887878418
17.953205108642578
20.536069869995117
16.98969078063965
14.661882400512695
17.19305419921875
16.368799209594727
24.483463287353516
9.754817962646484
23.036497116088867
16.612422943115234
18.339340209960938
17.043237686157227
16.146249771118164
21.437549591064453
15.56180191040039
19.41778564453125
15.039718627929688
15.194131851196289
18.520761489868164
7.748592853546143
19.2431697845459
20.058700561523438
8.711139678955078
16.193450927734375
29.970558166503906
22.938066482543945
22.390247344970703
23.12877655029297
26.709991455078125
20.084962844848633
26.959171295166016
32.08869934082031
23.29371452331543
32.82499694824219
25.162433624267578
25.14574432373047
20.451305389404297
33.354286193847656
29.062782287597656
23.701753616333008
12.707185745239258
26.316150665283203
37.42258071899414
25.0047550201416
17.518352508544922
34.737525939941406
27.335254669189453
33.21746063232422
39.243507385253906
25.51870346069336
22.398204803466797
30.681575775146484
22.559682846069336
35.12474060058594
31.497690200805664
30.247615814208984
27.964099884033203
25.937366485595703
19.3453426361084
32.44915771484375
23.673587799072266
22.703994750976562
31.21979331970215
26.043060302734375
18.872180938720703
19.5511474609375
21.05720329284668
18.35154914855957
23.196548461914062
35.81007385253906
21.617530822753906
17.794578552246094
26.385135650634766
32.880348205566406
12.637918472290039
14.724355697631836
21.04845428466797
18.41232681274414
18.532663345336914
23.52626609802246
13.18519401550293
24.440528869628906
16.357505798339844
21.43500518798828
12.035210609436035
19.088096618652344
19.565645217895508
13.862892150878906
6.493771076202393
17.234920501708984
14.199725151062012
31.07154655456543
14.246957778930664
5.663647174835205
14.107255935668945
23.75080108642578
23.523305892944336
9.995190620422363
17.70171356201172
24.403575897216797
18.746097564697266
20.873882293701172
15.347366333007812
13.635485649108887
22.23946762084961
18.379228591918945
5.458675384521484
25.706575393676758
10.918449401855469
2.424069881439209
7.807145118713379
14.302517890930176
11.700900077819824
13.892566680908203
14.601659774780273
11.279561996459961
15.986483573913574
15.365930557250977
10.569303512573242
17.39275360107422
20.10495376586914
11.93214225769043
4.820866584777832
21.71239471435547
9.164375305175781
6.665822505950928
7.7004899978637695
17.475780487060547
11.540936470031738
5.958285331726074
7.122780799865723
7.733879089355469
10.351276397705078
6.42715311050415
13.143753051757812
12.46072769165039
13.161624908447266
6.464783668518066
11.915519714355469
9.626760482788086
19.773649215698242
7.9818949699401855
1.1114466190338135
13.392444610595703
9.94865894317627
12.033743858337402
7.8720197677612305
11.166341781616211
13.022581100463867
20.503604888916016
15.611409187316895
10.134180068969727
-0.3699779510498047
22.846996307373047
0.7617937326431274
-0.19163744151592255
5.195956230163574
10.233674049377441
19.986915588378906
10.313271522521973
16.57558822631836
7.008930206298828
1.3830947875976562
10.752016067504883
14.61639404296875
8.497322082519531
17.057403564453125
15.001663208007812
15.881362915039062
8.189590454101562
6.423058986663818
3.836170196533203
11.896686553955078
7.157444000244141
