160.48691197112203
161.20124714821577
168.4393699541688
175.49001447111368
167.4249177761376
161.7452648319304
162.0612916983664
137.2814217917621
202.55145682394505
227.4650401622057
186.9991280697286
155.10206649452448
178.1860832683742
175.27364464476705
152.72679438069463
191.32856114208698
164.93449875339866
174.60271913930774
151.02767374366522
144.9869848638773
130.9793656244874
193.49045364186168
180.65848340466619
174.56010450050235
142.15602600947022
185.13693092018366
204.34927343949676
175.75136747583747
166.5279799103737
174.63641918450594
148.30107029154897
140.67710016667843
189.65929919853806
196.83445333316922
168.80006820335984
174.29433153942227
105.81942171603441
207.672229308635
152.77314016968012
179.52415512502193
163.72707188129425
165.61199026554823
154.47769839689136
110.59646077826619
195.45821479707956
221.24212746694684
194.64385513961315
173.5318848118186
149.2400782480836
155.3275571539998
89.58651767298579
88.5285262092948
82.62724386900663
68.20917446538806
81.17268869653344
76.60510632023215
81.17358862236142
82.74832826852798
69.94886276870966
85.71299711614847
84.84684211015701
69.601686488837
81.88057244569063
76.45316095277667
81.5709330290556
76.99745751917362
82.22475738823414
88.98643768206239
92.32233249023557
76.59294921904802
86.41548718884587
94.68096712976694
87.16849878802896
80.0451660528779
90.5090298615396
74.91844429448247
70.26732811331749
88.76874534413218
88.38155220076442
86.47021182626486
81.97646483778954
117.4214136004448
63.18896771222353
104.08742199465632
79.77612512931228
87.95761401578784
82.1963276155293
77.05562030524015
75.72043842822313
81.68011448532343
71.62198765575886
85.1750900670886
113.89768366888165
112.7614732645452
88.55930403247476
116.8959903717041
95.62307176738977
85.7909208200872
74.97441141679883
84.9496771954
86.72832626849413
81.66153945028782
66.66532250866294
82.42183542251587
68.36263811960816
81.98585946112871
59.318811256438494
70.01811343431473
84.1382504068315
78.40741708129644
102.37319308146834
83.51159508526325
88.13521860539913
93.81174583360553
80.78365415334702
101.75111635029316
69.85925623774529
74.73352548852563
94.51973070204258
64.57709136232734
100.36674773320556
85.52381971478462
79.13009868189692
87.75102224200964
85.45177452266216
73.0175632275641
104.36376620829105
81.3301367983222
68.51068576052785
95.39529063180089
82.73755376785994
93.18001620098948
86.96800979599357
70.67160871624947
92.02397346496582
74.61496689915657
80.28614853695035
93.07754610851407
80.30829003453255
90.38572259619832
84.67786654084921
104.78139832988381
78.11143944039941
68.89017894864082
100.74485433101654
81.07610748335719
79.41524249687791
90.88535502552986
97.27814220637083
87.20843597501516
68.58024736493826
91.50743833556771
84.98495331779122
85.9559933282435
93.98264672979712
111.27695828676224
95.54023210331798
98.34304165840149
109.04421462491155
90.85839926078916
70.90288219600916
80.96344595402479
99.3338578902185
85.6089248098433
77.18787085264921
69.81267051026225
87.21114721894264
86.09158375486732
87.04233476519585
101.72143320739269
84.5059693865478
97.70897202566266
84.13267702236772
89.06592646241188
83.49550727009773
90.61109630018473
83.39660168811679
86.6732535250485
85.64580592140555
80.70023470371962
102.92674507945776
98.69129671901464
112.31399519369006
89.65353683754802
75.75255538523197
82.14099613949656
70.64005516842008
89.26659214124084
104.55008012801409
66.6480424106121
82.35618410259485
100.19147920235991
105.37858681753278
109.93266410380602
99.81066052615643
88.25328683108091
84.79264269396663
100.24790644273162
81.3393290117383
114.95660705119371
103.39773132279515
76.30524846166372
63.420585323125124
85.41359694674611
98.73809076845646
95.1091058589518
85.29058994725347
96.60367695614696
83.10716827586293
76.77995805069804
91.45491482317448
84.77336816862226
68.60947816818953
74.77788839116693
91.64617594704032
84.11357892677188
68.41114981099963
70.13977572321892
86.53506273031235
76.59343733265996
82.0298025906086
96.8013397231698
77.90793975815177
66.95572713389993
79.05131842568517
77.59375382587314
78.49131729826331
89.67097152769566
75.95952743291855
81.52116777002811
91.35241748765111
88.41481037065387
90.00630487501621
91.19584503024817
70.54472478479147
98.27177521958947
86.60453633964062
81.61642631143332
56.995512422174215
99.01359976455569
72.10298381373286
80.76879042387009
76.81347250193357
84.1671419031918
80.69442361965775
97.44125154614449
81.26244574412704
90.51655684411526
95.37238308414817
105.73316433653235
159.78506911545992
157.79053773730993
161.5450921021402
153.03562673926353
150.34319150075316
143.50877802073956
131.25900905579329
130.80107605457306
145.81447810679674
166.6776077337563
119.77058420330286
152.6520731113851
120.50868314877152
127.51283298060298
205.92363685369492
154.42489211633801
170.94326704367995
130.23567631095648
182.1535945944488
141.8491577990353
144.55432537943125
113.05224399641156
149.46418142318726
111.38565429672599
142.11394166201353
132.66098550334573
152.63284593075514
175.16221513226628
209.2916248962283
168.1867370083928
169.29185692593455
118.9039423391223
149.7511859126389
115.92636966705322
109.44566454738379
157.03278924524784
166.93196666240692
137.04037571698427
118.61471458524466
132.89031470566988
106.83081470429897
146.03075554594398
127.02740104869008
164.73611657693982
158.5506232045591
132.2247437760234
146.7265687920153
118.72622558102012
140.47671358287334
164.79582412540913
100.24932323396206
92.08096711710095
117.83617912605405
61.34185400977731
93.82552346587181
76.13003838807344
94.66847098618746
94.4701840095222
112.64027903601527
103.13665870577097
93.72097240760922
87.13133712485433
115.24239901080728
104.50338309258223
96.8184301033616
93.62235635519028
92.05435564368963
100.80383682250977
95.15286806970835
76.07422146573663
94.65665007010102
118.38538453355432
115.6140151321888
109.50622409582138
91.53467930480838
88.93611091002822
101.67549321427941
94.34143653139472
113.6090290620923
85.85285671055317
116.58542605489492
100.09717831760645
111.48492008075118
96.69122445583344
90.3585424311459
95.75562753900886
107.61635769531131
115.67496633157134
95.15550449118018
116.99399615824223
81.36632524058223
105.70457821711898
95.11083275452256
91.97541029378772
88.9415103085339
88.79460344463587
97.09095162153244
98.2192749530077
89.71490985527635
102.5755892470479
121.3432744294405
114.52875180542469
151.51717902719975
190.05044853314757
174.84325866028666
160.2052602469921
200.5193370617926
141.44849153980613
198.11802544817328
187.69829608127475
151.14097084105015
173.0894042737782
184.2009513154626
229.43516629189253
96.0528537184
154.70262271910906
124.366969242692
200.77246041223407
165.34965385124087
129.5304344817996
140.83604928851128
168.87627170607448
171.04612858965993
165.05911599844694
139.73449539020658
208.32533208280802
163.50361222028732
167.19903718680143
155.65506186708808
160.0758748240769
187.24656568840146
160.84270112216473
155.6088943555951
162.4416289664805
202.306970205158
167.30313162133098
146.54434921592474
136.85664366930723
178.04436926543713
178.74838576838374
158.14119409024715
181.4449698664248
120.97340257838368
177.11306727677584
164.36830435693264
194.11596776545048
201.50026777759194
140.10039650648832
165.56847723200917
172.0761994794011
45.245332043617964
58.792591981589794
57.40000769868493
44.549490079283714
64.46919532120228
54.60656230151653
47.6947019174695
61.134896378964186
59.16466273739934
58.56100615859032
52.92589872330427
49.960040271282196
59.05425812676549
52.96724675223231
53.34054333344102
65.80466092005372
48.04865366965532
55.78735908865929
59.03574226424098
43.54325173050165
48.72271766513586
46.29971870407462
42.98786439746618
57.104206044226885
57.53528115898371
57.29909377172589
68.20836958661675
60.740381840616465
67.10400259494781
67.98689856752753
58.83655669167638
51.147238586097956
61.13398488610983
53.28313321620226
60.88810282945633
52.36984272301197
43.31886047497392
48.94636123999953
62.660326704382896
49.88712629303336
56.801403619349
65.47199051082134
50.33381563052535
48.3614586815238
43.60378359630704
78.60006462037563
52.37769405916333
46.08407972380519
61.83807414770126
54.43406253680587
196.97652941942215
195.96651804447174
142.79194189980626
162.6756231226027
199.31206963956356
165.8110851161182
171.12589242309332
169.05510576814413
168.59857917577028
148.7444520778954
158.30366575717926
161.50759844481945
161.40542427822948
198.62912190705538
197.58597752824426
204.57737080007792
190.29858886823058
217.9137643277645
111.74747728183866
215.03965194895864
212.9690831117332
182.95288418605924
189.84588449448347
205.68474626541138
166.29701137915254
141.9469409994781
173.22045708075166
179.8445103354752
175.42245065420866
152.69498190656304
196.76998007670045
172.09618428722024
178.30717756599188
184.84576730430126
182.1639236547053
151.22308445721865
140.22410042211413
176.03049869462848
163.1497922129929
160.04758617281914
178.3110527396202
204.07600098848343
184.79451566189528
134.859838552773
149.43266867101192
157.0149102061987
183.1707731038332
162.96760504692793
208.11365927010775
170.5515096448362
176.2730863392353
186.0244317650795
136.78220333904028
132.03228006884456
173.74837078154087
144.3136662952602
112.57858426123857
159.32473530992866
164.1390969529748
179.344028968364
190.69623600319028
174.95779148116708
145.40477383881807
141.5576940998435
144.0329688154161
134.12903923541307
143.48343682289124
158.07589775696397
142.6298285163939
173.6572577059269
175.61120369285345
168.3971082791686
118.04579150304198
159.77063984051347
148.60527571290731
145.39536470919847
160.60084863379598
113.19318309426308
158.64960614964366
155.56474317982793
151.96743198484182
120.15622099116445
182.4426875449717
198.34953312948346
175.87483213841915
166.69396315142512
140.80545132234693
150.51303613558412
153.45755879580975
180.1305013410747
119.77555276080966
185.51922753453255
226.46666850149632
134.76173853874207
140.88485237583518
104.31987734884024
160.0992054194212
154.93774558231235
116.99892368540168
134.65633630380034
82.78302730247378
101.26678720861673
93.54401432722807
82.50779915973544
95.41566655412316
90.28299969062209
78.4113961160183
65.62490059807897
77.81547871232033
100.86010353267193
75.4516870714724
102.54106295108795
83.0535036623478
97.26085110381246
73.60241731256247
85.96621958166361
74.06444938853383
68.39347857236862
107.43896564096212
97.96124891191721
81.03816710785031
76.03457716479897
88.75070708245039
86.52288799360394
100.68798698112369
83.08554796129465
91.67236248403788
90.706622261554
71.93243653327227
108.4084048345685
84.53019769117236
92.95725483447313
74.21819890663028
94.4702781625092
89.343651432544
103.18689768761396
67.87085116654634
81.72913454845548
90.30059826374054
74.76651600375772
89.47002290561795
75.72666052728891
68.74304613471031
94.15541714057326
71.91150764748454
82.6199892014265
77.28255041316152
81.03643008321524
85.27896785363555
101.39388118684292
210.77943114936352
190.4846797697246
183.40001229941845
239.89321875944734
203.2002031840384
213.01406832784414
244.39952988922596
223.56946205720305
158.85540747642517
200.4475547298789
183.5458590053022
223.49621522054076
200.59309681132436
152.46488768979907
202.75544986873865
197.19582694023848
203.07207256928086
206.18387411534786
192.9249469563365
167.8656393662095
195.9220233000815
213.16438805684447
234.82640351727605
201.61356817930937
168.5174718759954
243.1962610296905
196.49754398688674
221.07573230937123
203.87617079913616
164.47922331094742
181.8145799897611
169.58902123570442
258.12216048687696
165.0379174761474
240.5871514119208
199.59451825544238
157.47784719988704
197.17061859741807
155.9868161790073
194.89004752784967
198.11455885320902
213.16316451132298
152.16754242777824
199.44695319607854
187.32772540301085
200.52386939153075
284.66129534319043
185.04050936549902
235.7485592737794
198.66118007153273
127.77256746217608
141.30946246907115
115.74637151136994
112.50117705389857
142.91990203037858
165.50905686989427
153.65631468966603
153.49178379029036
119.69100516289473
106.38329252973199
89.62275179475546
139.7713908329606
117.13421419635415
105.63498333841562
125.81053968146443
111.48198550567031
134.0589063204825
91.17809512838721
143.51272621005774
91.19726369902492
108.34547768160701
92.43122024834156
152.48612977191806
144.91107838973403
117.50172973796725
99.7795509584248
132.16148064658046
112.37377854064107
117.76057715341449
131.86675199866295
144.73111612722278
131.107463311404
118.05533240735531
138.36572312936187
116.10660895705223
126.65525444969535
124.01631590351462
107.32951014861465
112.60396723821759
139.23466873168945
109.19024499878287
153.17557187378407
107.43718014657497
173.58762766048312
144.99377933889627
129.4651308245957
145.67059221863747
86.78945349156857
168.6659778021276
110.27741303667426
60.071903705596924
74.28579438477755
77.26340645551682
76.58731355890632
102.68710712715983
100.18128202855587
79.832479018718
85.20384930074215
81.77330887317657
71.69137206301093
79.4009861536324
82.75418158620596
81.17515067011118
80.33612712845206
78.31907719001174
65.75117483362556
92.93093703314662
76.47772498428822
79.26322140544653
74.85966540127993
57.30424103140831
73.31716961413622
95.37295375391841
79.55675949156284
78.09739627316594
74.54072741046548
88.01343416422606
87.75807545334101
72.08303103968501
88.60607279464602
82.52288500964642
66.58513258770108
79.41169265657663
60.78379067406058
76.0498724207282
66.74251195415854
90.86016139388084
77.19247410073876
74.58133799955249
48.96841370686889
76.09851802885532
93.29627184569836
85.89515390247107
52.505402848124504
78.61270758509636
83.69610122963786
82.03816948458552
72.82260624319315
81.13385008275509
88.52567597478628
89.35624635219574
106.02761283516884
101.05264290049672
96.48096084594727
114.31850985065103
111.3144847266376
97.11428548023105
87.66158610582352
105.0801390260458
90.01198486238718
95.38817670941353
116.23384575545788
95.70341289415956
78.92504824697971
84.14832836017013
76.52920795977116
103.07297003641725
92.8237166441977
88.60485016554594
102.35366499051452
103.09893970191479
91.71436465531588
125.40094042569399
89.85361444577575
81.96394210681319
102.98867222294211
88.54946872591972
113.58936453610659
100.59255614504218
80.17359996587038
90.21673261001706
104.83523886278272
122.06164212152362
100.25258618593216
87.44354477897286
88.71313885971904
106.27633944153786
90.57363168522716
111.6571435034275
111.51293717697263
104.38152209669352
100.17235423624516
89.3746616654098
103.11290642619133
109.34919995069504
113.12455663457513
100.33786173537374
96.9468964934349
77.25241726636887
69.02058954536915
99.7475761435926
109.59919582679868
120.18855382874608
144.90362446382642
96.78832892328501
173.50122856348753
129.2417307049036
103.11964786797762
133.42679230868816
185.19154378399253
132.8044465109706
138.2680595740676
145.95490336045623
108.59654648974538
128.07495984435081
177.43711457028985
112.92689602449536
114.16713992878795
127.93878450244665
121.21164271607995
167.96018109843135
150.68174151331186
76.19428003206849
154.7862511575222
130.90169256925583
148.45010739564896
150.16512178257108
144.49736307188869
152.57189236208797
139.24078737199306
158.44692985713482
168.36286292225122
170.25526251643896
155.5185482315719
190.84306767210364
156.59269900992513
116.27127955853939
122.5623921751976
170.19126461073756
138.8843065276742
148.37213955447078
177.30341005325317
143.99633913114667
140.2660630941391
192.85564851760864
156.78449385240674
133.79199094325304
112.47644974291325
160.96522316336632
116.676413487643
140.261340521276
104.73594914749265
151.528866879642
128.90590796247125
155.972560133785
119.79065284132957
152.68050277605653
133.1780387982726
153.45227033272386
162.97741428390145
167.2832050472498
130.71153520792723
129.39981623739004
137.19902139157057
131.67828863859177
133.02628222852945
145.41160375624895
134.57091698423028
133.41995325684547
130.7431580349803
155.9768913090229
136.11676980555058
140.26045271754265
123.71083791553974
150.35390193387866
140.83382771909237
163.31377525627613
111.14888710156083
153.2243739143014
144.8015380166471
141.08320551365614
138.375115159899
142.33690705895424
145.94930405914783
136.67176570370793
124.86013958975673
146.93415478616953
125.96190770715475
128.10298835858703
183.39373556524515
134.34017593041062
144.2076699733734
150.75688790902495
155.56384976953268
135.25997227057815
117.34767015650868
153.95979625731707
146.33040746673942
152.29768868163228
115.36814343556762
79.4119315482676
68.80155684053898
31.335087068378925
56.30321818217635
52.91142575070262
54.3284068480134
53.93322457000613
58.863256711512804
60.74454005435109
61.64365745335817
63.94604928046465
67.91763802990317
69.00228163599968
55.10544631630182
39.05879868194461
78.09410775452852
74.85597787797451
70.68993006646633
64.82842855527997
48.36611308529973
57.71742374449968
41.09484150633216
73.02429540082812
45.25586984306574
80.2730020955205
52.90232425928116
52.23963514342904
63.182333532720804
51.55565071105957
78.29404938966036
51.29805217683315
49.588566068559885
61.60120119899511
48.64257130399346
65.04196613281965
57.92890540510416
48.49419128522277
45.150766123086214
52.93640513718128
44.97392897307873
68.61318327486515
68.89206606894732
69.27053241431713
65.89071992784739
61.681686874479055
61.61282680183649
44.83113041892648
55.25091069191694
62.57256010174751
59.612752705812454
162.89992646500468
178.68633143603802
135.52678469195962
162.9671133570373
148.43205930292606
174.51686921715736
170.1474049091339
151.40569584071636
132.142195019871
123.34789765998721
186.9874180071056
187.68617455661297
182.66510942950845
159.67688838765025
209.2232335731387
179.3765603378415
184.59303727000952
146.27625215053558
154.49740412831306
140.91917609795928
160.68172219023108
161.2429854273796
168.66506376862526
184.90705908462405
196.13036169484258
182.15459574386477
150.97689433395863
175.6163163818419
151.22555933520198
195.89520016685128
164.3509654700756
186.39926443994045
137.4212684892118
202.18968577310443
186.98735878616571
115.79302083328366
160.60697339475155
176.2199411727488
165.5339853912592
186.5996255762875
203.43739084154367
212.47405845299363
157.38584338501096
183.75947696715593
173.27530512958765
158.08871180564165
162.16229924559593
145.46488536894321
161.8490314669907
147.32119258120656
105.72660369426012
108.0069014839828
95.6438154168427
66.34215323254466
102.7099160477519
104.07998771592975
82.69370732083917
117.41804879158735
86.41127102077007
84.68142352625728
110.04831482470036
120.08857599645853
119.67218558490276
89.39741307497025
113.30813852325082
126.46635511517525
100.70097751170397
74.9184040017426
103.23302474617958
70.23857970908284
111.78213465213776
94.8820565789938
72.15745340660214
108.51575492694974
91.78234422951937
124.27358173951507
120.95623238012195
71.75363811850548
133.59910299628973
103.7641955576837
121.86642063036561
101.06727858260274
107.35018669068813
110.77062133327127
103.47701123729348
95.01951339095831
94.89758878201246
119.23354369774461
118.31278375536203
119.69788243249059
94.87055543810129
101.21539871022105
114.5459504686296
120.42266067117453
117.44475642591715
89.45986764505506
83.17081629857421
119.32602159678936
125.1672350205481
114.00522902980447
106.48686888441443
114.74830658733845
101.96677944809198
98.75869902223349
94.7075997851789
90.03300078958273
124.48863139376044
101.64691289514303
110.62505196779966
83.78500644862652
132.69512769579887
92.30573448166251
101.36974603310227
97.09166070073843
111.6749069057405
101.3062231875956
80.6731191240251
112.98493740335107
89.50619534030557
102.33448135480285
100.67559353634715
112.85700178518891
84.99994806200266
107.50153286010027
92.73964423313737
95.27804440632463
82.75957107916474
114.7866801917553
143.28062334656715
111.9043448716402
84.90068265423179
105.35292053222656
83.79029335454106
78.5841575153172
101.30273300409317
86.10208166390657
87.89725204184651
98.06192022189498
98.48560344055295
86.60389110073447
127.94949536398053
89.45775880292058
108.13438645005226
88.17902379482985
89.21254420280457
111.90898920223117
101.67611298710108
112.35112388804555
82.34805830568075
105.56210843846202
120.71415397152305
183.89424826949835
159.0649952404201
121.88922942057252
160.8529932871461
184.50429102033377
171.56281954050064
90.81556936353445
111.24578311294317
143.87777461484075
128.3969855941832
162.5070440545678
131.76629634946585
154.86328410357237
130.6576296389103
158.39396195858717
178.51901815086603
164.24986546486616
177.99420223385096
195.61917133256793
159.45518646389246
181.88608322292566
120.91093038022518
137.81230168417096
139.31783172488213
104.60055568441749
149.43664962425828
145.4881522320211
134.95922245457768
150.44072998687625
163.83233320340514
150.4319738484919
168.5552681311965
171.7374178506434
152.28672648221254
122.7617583759129
182.53958366066217
150.32867611944675
130.32610624283552
146.63579983636737
108.44660436362028
163.5323902182281
180.96444977074862
175.3197615519166
131.8887049742043
150.66630005836487
163.98428644612432
116.71058967337012
127.84886831790209
146.4471147581935
133.14099071919918
112.50188951566815
128.03245811536908
169.12155421823263
114.91583840548992
131.2656324058771
112.75961226969957
108.65294804051518
164.81317587569356
179.75222159922123
121.28226300701499
152.52652052044868
146.36199943348765
98.99805131554604
157.5446540005505
160.25538896396756
158.31354298070073
121.01904379576445
133.6241236180067
125.47276615723968
158.55067704990506
162.83337023854256
181.6355916671455
151.0388523861766
154.74420546367764
117.95176703110337
116.50076792389154
131.71582293137908
122.07186779379845
157.1767111942172
170.1917433924973
150.88711014389992
97.46880993247032
145.15938348323107
140.7350133433938
176.2896889410913
156.7938808426261
134.20820647850633
143.58026825636625
187.63941780105233
100.43425649777055
139.22751931473613
116.37761291489005
137.84730671346188
119.97832755371928
171.2715497277677
187.83026529848576
138.8966105170548
147.86882897093892
151.0593428015709
95.8933947533369
80.2661404311657
90.62441402673721
73.07894589751959
100.54430605098605
97.8713067509234
76.76816738024354
65.60123904421926
62.04593275114894
96.39189280197024
99.03268112242222
81.80309609696269
92.26552740111947
93.64407439902425
81.10420797020197
85.46598354354501
85.7373675853014
84.46439655125141
89.69472012668848
82.61794097349048
82.85191608965397
81.0395389162004
84.36746208742261
74.78306456655264
100.40505808219314
87.20494811609387
70.08120353147388
106.35901837795973
107.46674965694547
101.49357876181602
82.04245067760348
123.52078103274107
77.09575499221683
71.28093791380525
84.99351870268583
94.6037409901619
86.39941984787583
90.21583272516727
85.97294723242521
90.96516389399767
106.68747568503022
96.81078884378076
69.39911562204361
82.05149335041642
91.12868600338697
96.70265408605337
112.5444855876267
88.97849022597075
83.56290071457624
80.52848121896386
60.45552673190832
77.71468362212181
75.19604430347681
78.7997405603528
79.33254123479128
88.97928312048316
78.12666932493448
76.98725771903992
99.45795577391982
68.80894668772817
80.42077290639281
65.75192391499877
65.76810981333256
86.49025483429432
70.01865608990192
84.87653341516852
87.11917938292027
74.29487887397408
91.81811030581594
64.17687642201781
87.937215693295
59.11622754856944
77.42481623589993
75.29629826173186
88.33434874936938
80.11962934210896
67.49247817322612
77.7195496596396
79.52811655774713
60.723560851067305
102.39985244348645
74.32581963762641
97.93067472800612
85.76279550045729
85.94790143147111
81.23364156857133
72.32582497596741
83.75110974535346
88.76339097321033
86.55588999018073
85.46872998401523
75.22098238021135
92.32532840967178
73.32297487556934
73.41666208207607
90.98473948985338
72.46510565653443
85.88710096105933
74.38113652542233
72.3624727204442
64.89380772039294
48.62438954040408
55.07860670983791
48.235945388674736
72.18625849857926
52.619780231267214
56.78678569570184
65.81327942758799
61.1343329064548
61.172087248414755
51.8412605561316
64.74321067333221
73.37823474407196
83.9271224848926
74.555759023875
53.21521060541272
55.826947432011366
45.118411652743816
60.69902661815286
54.13117794692516
45.96715999767184
52.53880814835429
57.448177218437195
76.61943191662431
63.442620664834976
41.20869007706642
47.5943047106266
55.07753360643983
60.32818249613047
28.00929806381464
50.411024283617735
64.86291272938251
61.200406447052956
78.06493202224374
66.84866705909371
64.44826019182801
69.91921292617917
65.643948931247
55.86652306467295
48.26585015282035
73.76518189162016
63.34423889219761
57.579108849167824
47.799708761274815
54.40359875187278
66.97150500118732
40.954087007790804
65.17532163485885
67.86526585370302
49.39800265803933
86.58755794540048
90.2838731855154
90.64214276522398
71.88535651192069
86.8237436786294
80.43478435650468
93.87409893795848
94.47617331147194
73.63216859102249
76.67477989569306
76.02064728736877
83.74905391409993
88.57055654004216
101.52137181907892
91.0569367185235
87.70132311433554
75.36542687192559
94.58743171021342
93.63563276454806
96.63817290589213
65.51774838939309
81.28040466830134
80.79830675944686
69.43112890049815
73.40116311982274
87.95711055025458
74.60272900015116
81.88524688780308
95.20243703946471
79.72283466160297
94.57399477437139
84.1694843955338
83.9535313770175
91.89068980515003
100.41764263063669
67.8384745940566
81.03935309126973
81.70929993316531
83.07200057804585
81.87388826906681
89.73425297811627
77.5192050486803
98.14154291525483
92.7961018383503
74.1562985740602
78.21064756810665
79.32496089115739
89.09543666243553
82.26420203223825
79.07450346276164
163.51823459938169
153.26720774173737
107.85220892354846
136.49676202237606
108.59775619953871
151.6899040006101
168.60753432661295
165.0826002508402
169.58816754817963
128.35361324250698
125.70245399698615
152.7416156679392
154.08422445505857
154.01358107104897
104.86742247268558
120.92696971818805
128.89117746800184
159.45608507096767
134.91587152704597
85.11389261856675
142.1529036089778
150.7986458875239
137.6075543500483
145.24353680759668
91.3608356565237
186.19415294006467
141.86157346516848
138.95771558210254
131.40296219661832
163.92058555036783
165.3019786067307
112.90837758779526
99.39130315184593
99.4773654602468
157.40989132598042
145.26380909979343
119.16944891959429
164.84529665485024
139.26846808567643
145.36270884424448
152.27901244163513
154.9573697410524
142.89101963490248
143.47953963279724
144.1692267805338
134.84545294940472
99.57091462612152
129.59765560925007
118.36249713599682
118.22532054781914
158.11307836323977
133.36825127527118
80.40906975418329
161.03757374361157
110.8071115501225
146.5845918133855
113.62851179763675
123.60354397073388
127.1242056041956
128.46673418208957
126.1806137226522
204.24214949458838
183.34145505353808
117.00887883082032
125.93339566513896
130.6116390377283
144.844888150692
136.59940301254392
104.27445255219936
119.86081035807729
165.42928298935294
159.43197993189096
127.01522190123796
150.2734492532909
146.1167598851025
117.28108763322234
125.51465286314487
131.53276404738426
111.00412449240685
145.16161733865738
110.48802104964852
136.86090318486094
130.02994437888265
126.48545429483056
140.3978686593473
161.61487106233835
126.47243182361126
191.97951903566718
133.7569233290851
136.67713576182723
142.23888174816966
171.22873798012733
121.6288867034018
103.21037243679166
120.91150120273232
125.4102401137352
180.43557272851467
138.50870695710182
139.00418785586953
126.44876349717379
94.99845923483372
71.7884478867054
94.70472908765078
80.1728463023901
73.32420150190592
79.85902127251029
77.52071429044008
83.83478842675686
85.19582001119852
74.12823222205043
71.17866121977568
81.78829984366894
101.26647226512432
92.95775597169995
75.89171270281076
79.56306847184896
70.50804756209254
88.19025684893131
72.94982701167464
86.3157664462924
77.57898061349988
72.27382170781493
84.02075877040625
72.68658708781004
84.69931818172336
102.56765567883849
88.04804603755474
89.19114929065108
69.9544960744679
80.73882517591119
78.88311514258385
90.6192919909954
85.19822029396892
106.2059614956379
87.47946055233479
85.83010896667838
89.85905963927507
89.59802250564098
90.37141897901893
80.7657522521913
82.01809001341462
85.8962300978601
61.740419272333384
83.9039756692946
89.59799200668931
65.12912222370505
69.07307885959744
74.71754735708237
80.44760582596064
77.55498038604856
59.37458602339029
65.46145400032401
60.59620464965701
60.13026152551174
65.2346286997199
56.338105503469706
69.64959029853344
57.60140194743872
72.33534241840243
57.726468231529
59.43223786354065
55.16448114067316
56.66028114780784
68.20768753811717
78.11170949414372
58.517315335571766
54.87961841002107
58.0119899995625
59.917997881770134
60.76139625906944
58.48104589805007
53.72604267671704
65.49513499811292
74.03605573624372
62.54770725220442
59.60252512618899
88.46992549300194
62.28003169223666
58.34071173146367
64.37730975076556
71.07723212987185
47.02498288080096
64.81783340871334
47.7878999337554
61.884219750761986
63.373508524149656
62.55084715038538
53.03481953591108
45.04357734322548
58.43954324349761
59.60223442688584
64.4054978042841
43.82278496399522
66.95718354731798
78.11654354631901
47.93257178738713
62.146706487983465
58.26669167354703
67.16923391446471
60.15953296050429
135.64756967127323
142.54696514829993
127.90067647024989
178.46622694283724
153.86944336816669
166.19948184490204
111.60509744659066
163.7592415176332
139.07658241689205
158.2004034370184
187.93024383485317
183.8072840385139
165.58781080320477
160.33809015899897
131.2950569279492
163.9099365659058
145.01625533401966
178.23172714933753
148.92423888668418
135.4269731901586
180.83902374655008
113.28868938237429
132.92853071540594
116.17557970434427
137.74465554207563
155.1263498030603
148.23678354546428
121.52556177601218
148.10557813197374
96.4009210281074
150.78871275484562
136.99570352211595
115.96672861650586
142.1078687570989
131.82902871072292
140.8542144447565
172.89886109158397
137.190244987607
159.8527779467404
185.888686042279
144.03877160698175
135.41823286563158
168.56806767731905
110.3272377550602
144.80642054602504
129.51517493650317
156.99088187888265
164.75432657450438
158.13093382492661
137.7078599408269
70.50687776133418
49.41562495008111
52.82010545954108
69.41991501674056
57.4832588583231
45.29343367367983
74.75263080745935
55.835531532764435
54.514824371784925
37.82706467807293
52.586464520543814
54.65641336143017
51.90882386639714
53.79944495484233
51.728019557893276
67.34599557518959
62.86389662325382
73.33070254698396
71.80175782740116
43.10685493797064
65.76946008205414
53.23586231842637
56.656588304787874
45.80595400556922
44.92472957447171
73.81609880179167
72.79046258702874
43.39847066625953
36.20951736718416
40.48839085549116
52.77705977484584
50.700146961957216
50.73977456986904
58.50447479262948
58.85841475054622
66.41535964608192
42.786478240042925
74.38214506581426
49.75223622098565
40.64895577356219
44.192527536302805
54.824481412768364
50.77379501238465
48.55315789207816
62.41905336081982
50.16890609636903
54.94549706950784
41.10355095937848
76.61649718880653
56.271849140524864
112.54209223017097
119.65294675529003
126.73005137965083
123.0920554511249
124.20851807668805
133.74481869861484
113.0328118018806
108.08218618109822
120.63763593882322
84.55008225888014
125.43485198542476
136.38421984016895
112.52122297510505
88.96829660609365
91.52993305772543
114.54274571686983
78.27774917706847
103.71354112029076
136.22992696985602
98.83874377980828
114.54053681343794
126.44414178654552
95.46899915114045
110.53953462839127
79.8377079218626
71.38979421183467
98.29556493461132
107.68770740181208
122.4271717555821
140.71433647349477
110.65183794498444
96.68099956214428
86.81259998306632
93.40445752441883
163.47062623500824
96.17477839440107
121.9117907769978
109.23468349128962
124.14325809851289
112.1924759708345
87.15969152003527
105.8397820070386
116.5885169878602
137.20517487078905
104.52657898142934
118.750945687294
99.16210137307644
125.26103697344661
121.88000039756298
94.99313128739595
93.9758911728859
108.96447199583054
93.99990582838655
83.03080218657851
131.68917983397841
93.96030970662832
138.01880444213748
80.5158755555749
111.18474509194493
102.50085870549083
126.4566255286336
93.77952618524432
76.19272926449776
86.93337749317288
126.88088340684772
74.39894369244576
74.97398135066032
90.95728877559304
79.43501270189881
101.6739569939673
116.93103343620896
78.09452207386494
110.08042075484991
85.844377938658
92.64602111279964
111.33196119964123
92.47389934957027
96.72571961209178
85.82208734378219
97.23505486175418
85.604585994035
114.33747529238462
104.33366257697344
108.18829853087664
80.31635073572397
108.13351870328188
110.17298232764006
72.13609495013952
99.98395071178675
97.5283356718719
85.9007538817823
114.25493944436312
97.96236514672637
99.89777100458741
68.96056856215
94.11089228093624
98.61047230660915
77.7783604413271
88.05115361511707
89.07188664749265
145.45813826844096
150.36420847848058
129.61349105089903
121.9100636690855
143.80446358025074
114.32430355623364
125.55793347209692
130.0372691117227
154.49255519360304
133.12950852140784
140.37680322304368
109.4107371084392
184.73709930479527
120.0899277292192
134.67898524180055
124.36024475097656
135.27177660167217
130.8314993493259
130.86104901880026
98.74671395868063
111.08337555080652
110.10183093324304
92.76727062091231
107.026641510427
143.27588277682662
101.16005502641201
153.2343658655882
107.95381185039878
107.44544637203217
117.54013022780418
109.19374428316951
63.983201537281275
97.41710165143013
129.5010487549007
99.84102120995522
142.61903128027916
139.89008853212
172.07662072777748
119.85360304266214
111.15854355320334
107.21097518876195
136.72513287514448
137.24056999385357
105.65419590473175
115.4322015941143
135.94972920045257
132.0795082896948
161.8960502706468
96.47775973379612
120.00789428129792
84.17385296523571
88.31045151874423
94.09208812564611
86.96879275143147
88.6573084667325
85.63287974894047
80.02788133174181
66.70360605791211
65.42877752706409
75.10744193196297
88.44962380453944
85.62674119323492
78.38069417700171
68.59687507525086
74.55253057554364
97.85791544988751
84.36222763732076
73.82838911563158
81.578119084239
96.74578129127622
96.51631490886211
103.76243932545185
88.37966582924128
76.94793655723333
89.4193566441536
75.56220029294491
70.53678807616234
82.2097398750484
107.88455913960934
91.13331238925457
79.94015772640705
82.77933814749122
60.92468157783151
90.95702270045877
83.54312625899911
101.07901084795594
74.41856705769897
71.57020149379969
90.99617148563266
75.98356425389647
86.10257794335485
73.73817207291722
69.32458737120032
95.43828503787518
77.42959129810333
96.46118434518576
89.1551864631474
70.85828708484769
92.55442618951201
68.65753841027617
72.31927053630352
80.59210528060794
80.94879470020533
70.63555033504963
66.5797981582582
77.86056757345796
73.36407190561295
77.81225638836622
67.40294944867492
61.13293319195509
63.014474622905254
80.76581917703152
71.1791846677661
82.71087907627225
61.6587786860764
58.29299983009696
74.86425170302391
86.06894212216139
66.47170775011182
84.60121787711978
79.02291835471988
63.86189357191324
69.76585665717721
85.63512137532234
73.1508918441832
81.60797934606671
83.76411920413375
74.97664903104305
61.55507544800639
73.75519278645515
69.28881585225463
71.13712113723159
71.3490330427885
60.4866299033165
83.39946043118834
69.36774384602904
75.33592341095209
74.3115713968873
81.04629791527987
81.37333419919014
69.01554264128208
74.70722966641188
79.16119514778256
70.53061972931027
84.15908958017826
64.92780703678727
54.18971272930503
76.59694100543857
69.2312213294208
59.603208128362894
61.02845437824726
89.24992867186666
64.25751505047083
92.28778480738401
82.74133430793881
65.64274467527866
86.80783643946052
82.40478689223528
78.328982565552
69.68620616570115
75.13247057050467
66.21713794395328
75.7077981159091
62.57502009347081
79.51404352113605
82.91007383540273
76.36138519644737
75.83756013587117
70.09341074153781
67.0629962272942
73.72929807007313
86.07422414422035
57.60037936270237
91.49028889462352
88.89000992104411
85.29562152177095
93.83406540751457
73.57375104725361
99.96160380542278
79.79619980603456
71.9695697017014
84.50401119887829
81.0482296794653
79.24211138859391
73.55997481942177
66.06792956963181
79.60953513532877
85.91364630311728
57.78750718012452
73.67688904330134
85.67143340781331
72.21293387562037
63.359962567687035
82.65679178386927
71.21496764943004
65.9849511757493
65.57371669635177
82.6715155877173
55.81970835849643
87.5350347943604
183.02928726375103
160.80287880450487
135.74160980060697
151.28089843317866
136.77440741285682
193.4623788818717
136.4464492239058
143.7150699608028
114.50035619363189
121.71238021552563
198.4018207974732
140.66933766752481
147.6362939812243
145.34952272102237
133.1621998399496
158.48319049179554
139.88708383217454
159.09981145337224
148.2245021685958
127.0077347420156
142.9401784092188
144.6150077804923
143.2556394599378
161.131975132972
134.44410725682974
202.5926261767745
140.61805887147784
164.7334110699594
148.5409301109612
182.07017363235354
127.02227588742971
171.39156142994761
165.78201446309686
171.8921004794538
166.3224596939981
190.1192221790552
137.61424415558577
153.05948005616665
200.10197504982352
112.30481802299619
107.41665224730968
191.23766456916928
167.43472123891115
130.93573726713657
179.17976639419794
166.49901708588004
136.76917634904385
175.39870244264603
152.3763512633741
187.58564668148756
52.49779889732599
47.54506841674447
53.86285134032369
46.39282402396202
58.32986132055521
49.93195881322026
47.65786471217871
45.30762320011854
56.22099209204316
38.14373669400811
54.50627388805151
47.05732320994139
54.203823529183865
51.209971494972706
60.62201765179634
61.41661312431097
56.80687618255615
57.24761087447405
67.53288742899895
45.953336242586374
45.873979300260544
53.49825266003609
48.92674805223942
44.61780799552798
46.03384659439325
33.09013878181577
45.55687187239528
44.03436779975891
47.981376603245735
38.35421710461378
50.67369781434536
51.17189547419548
59.19078641012311
48.982902217656374
52.531513921916485
42.212548322975636
47.40504825487733
47.73096778988838
49.661761432886124
38.087907779961824
46.79052288085222
43.20602438598871
49.55296719446778
60.49315790459514
39.58770586177707
52.93046675249934
54.32736127451062
49.07215778529644
42.675579972565174
43.191047217696905
72.71166019514203
71.51652202010155
71.85086838901043
68.85516797378659
59.44685882329941
57.7173314653337
48.980361346155405
59.87780390679836
66.78719934076071
81.82310084998608
74.54189056903124
83.98146235570312
69.57445216923952
58.93809597939253
70.10294443368912
62.042324002832174
70.14090826362371
81.18093067780137
74.0961178354919
67.28946003317833
58.14411186799407
67.20700929686427
61.12721245363355
84.27536993101239
67.34421718865633
68.37156740576029
66.11365324258804
69.45442719757557
83.89840350300074
64.19815827533603
64.17424249276519
65.20038243755698
71.79622342810035
47.71297127753496
69.94033472239971
68.212920114398
56.21825175732374
73.79331030324101
46.983116533607244
59.531239189207554
59.45158685743809
55.931933142244816
59.18087622150779
51.902947187423706
58.72578589245677
75.8945262990892
54.39127676561475
62.41668662428856
53.10562923178077
79.86006935685873
88.18011096864939
96.53887914121151
101.92188312485814
87.68939304724336
87.90028505027294
120.04455087706447
97.11609413474798
79.89325428009033
89.63769831508398
103.5534390322864
93.60562675073743
101.93805610388517
108.59095437452197
87.8715423643589
93.04182345047593
91.46999852731824
90.45438465103507
94.57581273466349
112.8686596006155
102.11526966840029
84.38329082727432
97.15163829550147
114.3233993537724
90.96585584804416
87.93107984960079
108.37022114172578
88.03760641813278
92.83991576731205
87.16522707417607
74.94230800122023
109.30758025869727
98.5798637829721
92.94853112101555
98.97953541949391
87.19924890622497
86.44794852659106
87.45125515758991
116.42058334872127
126.15293607860804
82.30207515135407
98.80615844577551
110.4007733464241
100.4506704211235
88.86801992356777
100.8209635540843
95.63091146945953
90.2505799792707
111.38651677966118
84.97544791176915
82.60939119011164
178.71678060293198
167.37098207324743
155.36988504603505
167.57180364057422
156.71534223109484
97.99873675405979
163.33771342784166
139.8912928365171
123.3403892070055
174.23346657305956
182.0180540010333
155.92766429111362
137.096911996603
123.21085480973125
158.68570816889405
134.1487491093576
123.00817455351353
173.75417809188366
136.79725316911936
149.83352736011147
167.60399490967393
177.79528468474746
178.2422117255628
165.6052749454975
172.50687912106514
159.6460387520492
118.688540995121
151.6979552693665
142.34506659209728
160.20889188721776
149.38589552044868
191.57445588707924
126.44909841567278
134.65755916014314
158.4656755439937
153.34898595511913
163.70573239400983
114.82920213416219
142.869707852602
157.59737783670425
142.88254678621888
152.19597293436527
151.53500360623002
128.14075173065066
122.76211027801037
158.11447865515947
144.72625183314085
135.36518650874496
119.07233562693
139.39348483085632
138.7916408739984
143.01303586363792
119.80458454042673
167.48354176804423
138.95928674563766
135.69074918702245
131.5884377323091
141.2880618982017
143.88674368709326
120.40864918380976
130.85273726657033
137.1699051745236
130.938350610435
124.91963021457195
135.54816130176187
138.18736733868718
123.20124572142959
104.47869020700455
134.86374874040484
109.56090312451124
141.2499187812209
167.2610893510282
124.21440086141229
128.0263139232993
101.932164311409
162.93855338916183
129.65804831311107
123.88089045882225
145.1075963266194
139.58379934355617
101.8618641719222
151.77095503360033
138.04429763555527
162.46981935575604
100.80560908466578
104.64583329856396
129.8042545504868
159.31219366937876
135.26219495385885
150.04539765417576
94.08150574937463
136.35912189632654
156.69755769520998
93.31643094494939
138.8393784686923
75.20373286306858
103.28711164370179
131.27273843064904
99.23686558380723
164.93977021798491
170.65257776901126
151.74125825613737
211.54615611955523
181.3903816305101
187.5538696013391
115.72543347999454
209.05408430472016
167.58645676076412
129.61755737662315
145.93957614153624
172.92238215357065
151.90262773633003
165.6864841505885
140.78717513009906
166.20374822244048
166.83297615125775
196.48397420346737
116.43934623897076
138.53907734900713
152.08855760842562
156.1220554187894
186.6638077571988
143.09368524327874
155.87837955728173
184.6762281730771
148.37370248511434
168.68234133720398
216.32975744828582
159.5495357774198
140.74814802780747
107.88944771140814
166.64804951101542
152.2852032929659
175.99865475296974
149.42984302714467
186.89807173237205
154.31198351085186
144.76031330227852
191.47357173636556
157.56551574915648
199.122511819005
160.05994710698724
207.49566816166043
111.33955214172602
134.85829925909638
131.9986787252128
142.9397934116423
172.14454674348235
152.21377816051245
205.30253509804606
205.69035610556602
160.94442689418793
132.779478084296
154.9494663849473
134.67327435687184
178.80362751334906
169.53372614830732
129.7860512956977
175.84330265969038
164.09355430677533
208.35018769279122
169.80247346311808
137.31958828866482
213.33803048357368
161.59078074246645
158.81383045390248
236.2743033953011
183.692033264786
154.7077997624874
174.34891959652305
162.1231077350676
137.15049561858177
167.0706362463534
177.2403397038579
179.49504769966006
199.0529906451702
162.81818993017077
169.79475985094905
209.41922753676772
201.60817892104387
132.98431130498648
150.88119339197874
164.42821599170566
192.37351212650537
147.32217845320702
190.74499196186662
211.04599444940686
199.74118099734187
145.00584242120385
175.36642156541348
127.94838125631213
184.96302503347397
172.86126388981938
177.71289478242397
197.031792961061
187.55128352716565
198.9832249172032
141.84474371373653
177.67528457567096
177.2691045254469
75.8507075458765
91.68575981259346
94.29212962836027
90.87754644080997
93.31708367913961
92.0029380582273
98.9552730359137
79.3956958539784
100.11650812253356
106.64931629598141
104.86936718598008
90.29862809926271
91.8887201435864
86.88432589918375
81.11044083163142
89.2969430834055
76.11291873827577
84.15400533750653
95.49055228754878
117.04193038120866
92.06056126207113
101.68228962644935
90.07223506644368
87.73937182500958
90.89462113752961
96.89339913055301
97.37852359935641
104.15339831635356
96.33067819103599
92.96981876343489
81.03452756255865
91.69650999829173
80.17317236587405
97.6565115340054
98.36839097738266
116.34046481177211
80.82404416799545
89.63929452747107
97.03998318687081
95.43199422955513
107.69422920420766
95.00387665256858
87.14399783313274
84.91042271628976
95.61005438491702
77.11189155653119
87.74905742704868
84.8092638514936
76.4421519972384
80.10306157544255
75.73938557878137
65.93756818398833
72.32700912281871
61.65588711574674
68.22062181308866
77.32540129497647
74.68282701075077
52.99130496382713
59.07513726130128
54.74743326753378
68.8842168264091
60.50229015573859
74.40653550624847
66.27749721333385
64.10721554607153
58.120026141405106
67.89642745256424
69.07428827509284
50.366697151213884
48.210029017180204
76.8436301164329
50.57037700340152
63.63996709510684
53.6618111692369
83.31862465664744
57.0293117724359
59.958928279578686
66.95409592986107
62.21355405077338
74.20974666625261
66.86295093223453
60.042602848261595
61.97246415913105
64.76728795841336
47.640205942094326
77.03280329704285
63.74314906820655
63.15844804048538
49.90955925360322
69.0300760306418
62.84938437491655
55.972432259470224
69.09594552218914
70.80701306462288
78.75922278314829
55.79311587661505
59.797894179821014
67.9841439165175
56.40193486958742
58.15270892158151
97.86933200061321
75.94016547128558
72.76135813444853
91.65276242420077
75.08205796405673
89.56198742240667
82.45944391936064
90.33350750803947
76.62651589885354
106.88334865123034
86.29601904004812
91.69430009275675
78.75122192874551
104.9607964195311
80.02735036611557
89.43337501212955
58.22529707849026
62.692464627325535
82.22435580193996
94.00079697370529
103.46435580030084
100.61637891456485
90.04932115972042
76.4013074375689
79.87524621933699
88.40476145967841
70.61199065670371
78.0356505997479
78.3519399985671
75.66056805849075
83.78817459195852
84.16613903269172
81.84979632124305
96.1426219008863
99.02949936687946
80.61799417063594
84.40869894996285
74.54774566739798
72.32268660888076
95.79712769016623
69.40429700538516
100.8172976411879
94.62142925709486
71.41171901673079
83.21041594818234
97.79568102583289
69.707858864218
85.01886210590601
88.70188311487436
80.86892921477556
93.63345595821738
97.94181929156184
98.86228368803859
58.43118305131793
75.82447202131152
66.42064326256514
65.10520473867655
94.1944466792047
79.77450672537088
91.72788408026099
91.75468764081597
77.82501417025924
88.05136458203197
96.85969753563404
71.84763938561082
92.00210997462273
90.13711259886622
83.82199872657657
78.2533972337842
87.09944796189666
76.85109059885144
96.59524831548333
103.23754490539432
70.22207847237587
69.21944793313742
97.39936928078532
92.8145659789443
92.51251191273332
71.37029222771525
86.49741034582257
73.62956572696567
76.03304862603545
77.4507257193327
88.88140509277582
98.3470760025084
86.44897229224443
106.35393728688359
106.79797837883234
108.4466648735106
96.12991680949926
92.98201277107
81.72884061560035
69.10990450903773
95.32525359839201
73.01413854584098
80.36083955690265
92.55559243261814
64.40034458041191
64.47410552576184
92.16838461533189
88.54557157680392
105.1375163756311
109.08357080072165
95.19588231667876
84.66808998212218
80.0364975631237
66.88793216645718
77.07655591145158
64.93435126170516
78.55166043713689
66.05347122251987
86.39906142652035
93.79514734819531
70.5560835711658
92.71462297439575
92.96533746272326
95.47699584066868
85.13715734705329
82.88476528972387
103.85615792870522
105.21825276315212
91.53953693807125
82.81313370168209
84.70860429480672
92.80635705590248
81.9398321248591
78.01225409284234
74.21719331666827
81.26446771994233
85.1381167434156
69.29199623316526
93.18467166274786
75.92380102723837
66.41747739166021
80.2431925944984
85.57424875348806
88.0405834056437
91.93296223506331
95.19199283793569
97.97241176664829
81.05714187398553
75.46686789765954
111.08356408029795
90.56286994740367
101.76896220445633
107.81571233272552
86.209068890661
93.18174700438976
90.83468251302838
93.0784776583314
35.808573849499226
55.57269762828946
48.7350632250309
33.658936470746994
33.29930566251278
50.18986268341541
64.38183381408453
35.09678379818797
51.8205837495625
40.002686370164156
26.754420828074217
46.312949135899544
35.02854346483946
65.48673354834318
43.21636996418238
45.62977558001876
42.71238011494279
52.11017885431647
52.84900477528572
50.42596862465143
46.679642487317324
44.12520648911595
35.60532823950052
26.159265123307705
21.935665514320135
39.220018196851015
44.75999531149864
61.138995096087456
51.02929133921862
33.2906861230731
31.435852646827698
52.59900140762329
54.07735414430499
48.466922141611576
42.93295760452747
55.34376356378198
39.29799449071288
62.44093443453312
60.12300240248442
36.18138213828206
35.282886151224375
46.270156137645245
29.465060114860535
48.77367340028286
59.632598888128996
51.473820231854916
35.16908987984061
33.72579496353865
39.64520692452788
44.04577688500285
141.56826950237155
155.43553349003196
178.9817091561854
131.69234749302268
183.4481491521001
154.9510253034532
158.0926505960524
175.43210776522756
159.40891029685736
116.5841961465776
155.61600633338094
186.2362616173923
148.401945784688
146.47820310667157
164.5727617368102
140.732259221375
175.56129456311464
123.5754897929728
152.76255349814892
153.2411021105945
141.83649990335107
184.46146880835295
148.88578430190682
167.04912962764502
182.31489543616772
188.22031684964895
176.68488782271743
182.3248491436243
198.163777269423
149.13455226644874
153.18476397916675
184.44567696750164
191.1587253138423
183.05215653032064
167.68465020880103
151.03387853503227
165.56537400186062
172.36238998174667
190.0090174935758
158.99052111059427
182.11148200929165
158.30691265687346
159.0137760527432
160.31963265687227
151.89130409434438
178.8269767127931
140.8630997352302
122.69680800288916
139.193760111928
169.5837473385036
74.49455200135708
85.13429722934961
88.8873964548111
73.54560543224216
67.65659688413143
85.82484472170472
60.32634034007788
49.286983512341976
75.50134760886431
68.91371492296457
80.13411283865571
77.86630599200726
62.79491490870714
74.39759444072843
74.61949258670211
66.10664007812738
70.84919653832912
83.14234088733792
90.25489037111402
86.29856068268418
78.320631980896
94.05032245069742
76.32045585662127
82.19146038964391
80.43964244797826
81.19361039251089
63.2241005115211
70.14529232308269
85.39522225782275
75.3959275893867
82.93299333751202
83.19894387573004
90.94806500524282
92.05817265436053
81.02094202488661
71.42866041883826
84.78745620697737
82.63061786815524
71.36714489758015
89.00562059879303
81.0944079272449
82.1602869220078
83.54557139053941
73.2077891677618
93.33635868877172
80.27719969674945
95.57083563879132
79.80878421664238
71.64234485477209
76.67116178199649
78.23241137340665
72.48310745880008
83.5886296108365
82.89270092919469
84.5749642290175
91.68439028039575
77.29111084342003
78.8800436295569
65.60092574730515
73.12314088270068
76.59062758460641
72.49181196838617
89.86078398674726
59.17926475033164
86.47679073363543
79.49707589298487
66.92805909365416
80.9853942617774
63.19186666607857
64.83047970756888
59.0202758051455
84.34886451810598
79.81183728575706
66.86348801478744
65.78491557389498
63.317969392985106
75.38864665850997
50.44330017268658
57.26516807451844
93.80497866123915
59.234705217182636
63.21651806682348
84.56374729797244
60.20546596124768
49.93356140702963
87.24031393229961
63.41263519972563
68.01159307360649
82.5776708163321
66.81380434706807
74.41737085580826
81.4616099447012
57.23378121480346
79.01980811357498
92.83151376992464
65.81625950708985
72.20938509330153
75.66856994852424
84.28392847627401
63.01197960227728
188.90311444550753
148.96942986920476
157.06341217458248
149.72877077013254
126.55620911344886
103.70621844753623
152.20923833176494
155.85314706340432
159.0871468000114
122.79637048020959
154.42959367483854
169.569562189281
154.49875769764185
164.05462676659226
143.56825478374958
157.6468007825315
145.33619202673435
102.81048079580069
206.4173346348107
168.02057753130794
169.5086605362594
141.76558516919613
152.13184278830886
135.10432587191463
173.1284401603043
143.54680101573467
113.77052773535252
151.63379607349634
135.40797920525074
183.34469663351774
138.53397201746702
171.91229965910316
148.31815840676427
120.3970053344965
187.87558741867542
158.83862115815282
168.83441799506545
152.853940051049
149.87945583090186
197.75759042426944
156.1129323616624
168.45703972876072
153.47796835005283
164.74502974376082
176.30565432831645
101.63033158704638
195.52698408439755
156.45184433832765
139.9829648733139
159.4279562458396
108.6878975443542
134.02785548195243
103.53465148806572
117.14092752709985
124.42867758870125
132.29929034039378
151.90855572372675
174.69709587097168
142.76906037330627
141.50035334005952
139.925746768713
127.95043136179447
156.03375419601798
165.73320258036256
177.6075010895729
111.73626524582505
155.05118371546268
115.42995764315128
152.0707533992827
126.50181329995394
138.75569596514106
142.2732169702649
118.94937001541257
160.5213243700564
144.51162489503622
151.24399740621448
114.21095625683665
117.06982643902302
158.79202153533697
176.1139824204147
144.34239980950952
169.06869871914387
158.71654510125518
131.2779151313007
156.67643258348107
136.42897403612733
168.8734229952097
177.23846752941608
121.45631789416075
137.28739236295223
172.19087352231145
103.14315422996879
84.30578735843301
160.7755744457245
120.31200878694654
170.06550627574325
141.9649165570736
106.43040200695395
145.73744554445148
117.98488523811102
167.79174285754561
200.92611311376095
115.98363300785422
165.59684164077044
183.46699215471745
174.01942447200418
175.70351076498628
171.22248966619372
195.11727199703455
170.32460851594806
167.26450146734715
238.91228656470776
214.6919836960733
209.03697960823774
206.37059338018298
234.15548399463296
208.31633987650275
184.03918392583728
205.4506278336048
205.3036378249526
168.16119137778878
193.7580966539681
185.20713199675083
176.20823383703828
157.1420211456716
195.72737100347877
208.76940709352493
216.03340646624565
260.62728460133076
213.74945679679513
203.27414882928133
175.86746564134955
216.54467348381877
215.38390420004725
137.36785368993878
204.39972405135632
223.24748006090522
224.53272088989615
173.23225048184395
154.7457245066762
156.58895793184638
168.39264581725
223.85792923346162
112.96811205893755
209.48150020092726
196.3028415814042
227.9714915342629
163.301878079772
174.3035949766636
229.31693188473582
48.38911476358771
56.7592795714736
84.47669954970479
82.08334761857986
71.17830593138933
85.402537856251
77.28907926380634
64.11902701854706
74.00547495111823
72.6121771633625
81.19151619449258
70.8880331106484
68.3016693033278
79.86845805495977
101.11316235363483
90.55931028351188
84.35125844925642
82.47915403172374
71.11577641963959
65.34489259496331
69.81257070973516
70.91339560225606
73.19281711801887
63.911174330860376
62.540206391364336
61.78079875558615
61.09518161788583
65.00078110024333
61.44275486841798
80.83972980454564
71.85679088532925
74.36203025653958
81.61586973071098
50.60142009332776
105.92913921177387
71.95790749043226
93.21849367022514
68.42973195388913
65.66311428695917
52.462431475520134
81.85102362558246
76.94279584288597
77.28685583174229
70.59453712776303
61.77524808049202
68.84440011158586
64.82532656937838
69.5095060877502
72.62103682383895
68.6125263236463
128.4707315377891
78.5641264282167
117.28251178190112
105.80174070224166
97.27368798479438
115.19836001843214
89.57272609323263
104.50101511925459
71.65521634742618
124.25288686156273
105.40870263800025
118.19963951781392
111.45378464460373
87.63602421060205
102.99771692976356
95.62904345244169
106.56597306579351
76.0408063493669
80.6464258544147
131.31216714158654
114.09152492135763
86.17352617532015
84.6421590410173
100.61202197894454
119.3957461938262
114.24187391251326
91.47134197503328
112.14432829245925
98.5954427793622
91.40358778089285
91.25978519022465
125.47643305361271
119.72894341498613
102.44102707877755
80.26237995177507
114.66847113147378
87.87705166637897
92.37594917789102
148.4074955508113
90.704215105623
96.07423071935773
83.45038139820099
81.751334708184
111.84988809749484
107.94134751334786
100.1699992865324
90.76020047441125
86.30271435901523
93.3698103055358
101.8651541955769
81.82484079152346
74.40805498883128
92.66076777875423
60.90729810297489
82.25364603474736
89.73117898777127
101.73778711259365
72.53115122392774
95.8331291154027
84.81786484271288
104.14322294667363
71.09177483990788
88.34897105768323
94.37388125434518
103.93545885756612
101.13972681760788
66.48304664716125
93.22928074747324
98.51909595355392
102.59212026745081
78.39188681170344
63.23724601790309
71.00411915779114
95.06721860915422
81.16909496858716
76.6972878947854
99.00832945853472
78.17080541327596
93.16768610477448
97.80461994558573
77.1282763145864
68.24319294840097
123.82098850607872
74.18217368423939
100.12074057385325
93.90166606381536
73.7709466740489
93.86304687708616
90.3262002877891
104.48243118450046
86.77096386626363
104.57996848598123
95.77808900550008
83.53985943645239
81.22901848703623
82.71624325215816
92.9890160523355
87.32384379580617
86.2429487593472
99.5360526330769
84.30443928018212
79.2383891902864
59.04246150702238
81.69953333586454
71.71795913204551
50.118885546922684
69.45726827159524
60.73832784220576
62.964969873428345
76.46890534460545
70.67881505191326
88.87164818122983
76.02058831974864
84.34313878044486
65.22759615257382
53.1112052872777
65.5025236569345
74.9204822294414
66.56994746997952
62.194605119526386
70.8651574626565
73.11556258052588
84.20029098168015
80.17576442286372
55.39253253862262
70.05473311245441
78.22354866564274
52.129619885236025
66.1954892873764
73.1665617339313
91.3165289349854
79.9953395165503
71.87225235626101
70.31145590543747
68.02196604758501
75.69775008410215
73.81750093773007
80.2660751529038
76.1573604606092
71.46308628469706
69.08554666861892
65.54103677347302
58.455009523779154
85.83691113442183
71.7545346468687
64.42061458528042
78.0317082926631
78.85727263987064
63.09418388083577
89.50793563574553
78.9472024589777
62.30472223833203
79.80866016447544
67.65417796745896
92.35341598838568
74.83834094181657
106.42757180333138
108.48791887238622
101.52679535001516
82.49562726914883
104.24975941330194
79.43363488465548
47.59425998479128
100.43122432753444
77.25467836111784
124.28063277155161
86.70759188383818
82.6343846321106
87.98570050299168
88.75473460182548
100.82113897427917
94.09324951097369
72.52353362366557
73.59847275167704
78.59450624883175
82.01267755404115
85.71125239506364
105.62665478885174
84.08340219035745
69.03141156211495
84.38111511617899
92.46446955576539
61.92249759659171
70.38006072863936
75.69105277210474
70.16260585561395
84.89867461845279
93.93902427330613
86.0371252335608
92.56343469023705
68.03214421123266
76.36214181035757
81.39098759740591
77.22462878376245
89.58233933523297
84.52806690707803
94.33839436993003
75.3392127417028
102.84582891687751
102.453587282449
43.18110531941056
69.446414668113
68.8061832524836
55.22242844477296
43.62720760330558
44.836958445608616
52.77270917966962
51.56288054585457
59.311051834374666
43.263770166784525
62.88845620304346
59.696079812943935
70.93770698457956
52.753412675112486
74.88475776091218
63.102360371500254
79.34534578025341
41.685192596167326
49.29019449278712
43.989830531179905
55.359790716320276
55.389934450387955
50.00418531149626
70.64267498254776
56.83550984412432
73.32933703437448
52.67090256139636
54.138159427791834
29.48704805597663
49.847839549183846
61.43810336664319
64.43180461600423
48.098656844347715
45.968679431825876
60.780920408666134
63.826470497995615
65.67668559029698
59.696285516023636
58.60576204955578
64.51100504770875
63.13513642176986
48.296875931322575
54.114499766379595
59.977335058152676
47.56409830972552
48.801146034151316
40.842876464128494
66.25045125558972
62.09874822944403
72.15721690282226
99.40917965397239
107.07683208212256
82.73836686834693
88.07337268814445
99.36141540110111
115.58433414623141
93.47807563468814
98.35132576152682
74.25216862931848
74.53919247165322
108.86937751621008
113.66061107441783
88.34281793236732
108.71980125829577
102.84865785762668
93.2110558822751
121.75984464213252
114.97773147374392
101.81104188784957
117.72455712780356
99.10032872483134
97.24697881564498
119.30950938165188
72.23437605798244
110.86658760160208
102.89324525371194
94.8772437646985
97.20942984521389
105.44302790611982
87.08824237436056
109.50765425339341
98.63584741577506
95.84091424569488
101.16840758547187
114.17980620637536
105.86009179800749
93.1559473797679
101.34255915507674
99.69220508635044
94.3141964636743
118.43276977166533
87.52531199902296
107.25346809625626
93.36093149334192
94.93568450212479
103.37273340672255
87.12097299471498
108.00679502263665
111.82092498242855
119.6438706368208
199.22593415156007
179.19813602790236
168.51927514374256
115.18920252472162
188.93379151821136
196.40959679335356
137.60712469369173
181.25951857492328
165.18085982650518
158.26947329193354
165.74117395281792
100.98428697139025
172.96985268220305
168.77079031988978
173.22909903526306
150.04778583347797
159.32278795167804
140.28984160348773
133.85156969726086
156.2891756668687
154.16287496685982
160.2890837006271
151.3463933132589
156.80522940680385
136.08186082169414
149.44539865106344
155.58625380694866
177.2572260349989
187.50329096615314
147.85980259627104
152.72337221726775
178.01763409003615
132.67566550523043
159.29446004331112
177.2606663070619
138.5692855156958
148.97739490121603
161.00091506168246
168.96887454763055
147.59787161648273
158.40555661171675
140.8288273513317
148.5027844980359
123.11848629266024
147.12253673002124
180.16737588867545
199.31849800422788
191.95940750464797
142.58864076808095
142.04902712628245
130.02652126178145
88.47931107506156
118.0715487934649
130.73481373488903
114.35359071567655
129.22956500947475
121.52079823613167
139.54509258642793
141.11996214464307
102.38209569454193
122.16433981433511
112.13470646739006
111.51543078944087
99.37904118001461
109.42957996204495
116.60550597310066
133.01157891750336
106.10479881986976
113.11017043888569
149.86659980937839
107.30748470500112
87.79988837987185
122.34752324968576
95.83317685127258
78.20196622610092
81.56542634218931
144.39096943289042
144.5741863846779
127.0055320262909
92.82526634261012
112.43959885835648
116.6311460621655
117.00306226313114
158.60626409202814
154.30186944454908
127.38538400828838
142.89493437111378
110.88002831861377
133.9497732259333
86.68836374953389
137.72218285873532
110.88132022693753
125.60547715425491
143.03488403186202
138.15585897490382
115.25710748508573
135.52241010591388
146.24770476296544
141.6163360029459
114.704390399158
72.1298258267343
55.74646797403693
63.58413155004382
58.24629934132099
46.746905229985714
64.82499016076326
52.92612189799547
57.92897156253457
62.01972488313913
55.412705294787884
61.09835894778371
64.93389631807804
60.10057270154357
55.076530035585165
79.71925937756896
51.22595074400306
46.00700889155269
43.06400628387928
48.64725059270859
52.480895683169365
65.87147518619895
52.555622175335884
51.80825997516513
52.0386330075562
45.99457075074315
59.08388885110617
72.48619465902448
52.037414487451315
65.95370985940099
55.628982692956924
65.0221467576921
84.44031332433224
67.67975218594074
56.488631658256054
57.34109628200531
57.903150498867035
76.59107697755098
69.35247474908829
54.993700716644526
53.5093802139163
67.79216782003641
71.5791055560112
65.73162059858441
64.2899773158133
45.270549569278955
45.72072394192219
42.75522954761982
83.36184255033731
67.54459687322378
57.77816725894809
214.53126164898276
195.90962182357907
182.38765408471227
140.62299546971917
165.54414213821292
140.514085277915
161.88490433990955
186.79857032746077
175.50264504551888
193.87243439257145
173.2409578859806
196.70394759252667
170.04349928721786
203.29671036079526
136.4988489151001
205.19294207915664
139.22036461532116
184.31000498309731
215.35235930979252
174.00070236250758
161.06344917044044
153.98244082555175
145.106932669878
169.3322109170258
185.38601299375296
159.57508765533566
167.0694283209741
162.7857160642743
172.2642585746944
173.21161695197225
180.36904890835285
200.8293039277196
154.25777393952012
182.35032039508224
165.03071949630976
161.00361552461982
155.6677742563188
173.9912620820105
151.88278333842754
161.05007307231426
168.99050621688366
155.61767400056124
172.72513502836227
190.57621655985713
143.6074687577784
174.15934905037284
142.8915966823697
203.00210344418883
159.91787900403142
167.54615965485573
193.88128585368395
161.56680599227548
218.85175484791398
126.78724994510412
152.47666016966105
193.93811094760895
154.02069192379713
162.01350259780884
162.31232008337975
147.2267417497933
108.69946394860744
155.28091790899634
156.06406463682652
147.9941331706941
149.00346539914608
183.03309374675155
120.80225764214993
133.6595722734928
155.45016917213798
156.37061064317822
172.41299202293158
132.6700345389545
120.99829699471593
110.70705662295222
164.73765183985233
154.4637314081192
164.19536450505257
175.49961974099278
114.75270141288638
190.2249129526317
134.65169437602162
180.07430643215775
142.06845684722066
137.26328487694263
184.2016505897045
138.6090109758079
133.59247114136815
165.83290508762002
147.78909620642662
138.910016592592
133.68133885785937
168.99209548532963
108.61679478734732
127.83810307830572
111.0065490566194
181.98925761133432
151.64982574805617
161.83981662988663
170.18070506677032
155.05354143306613
127.76613719016314
122.98500258103013
186.90428123995662
130.6356831341982
165.0398715995252
161.49951078370214
147.17027607560158
138.0553942359984
135.90427162125707
187.4173316396773
86.13248044624925
115.49684760719538
165.68508153408766
138.77871138975024
161.61936653777957
134.22900234535336
154.12475311011076
171.81987849250436
141.02608224749565
104.14654173702002
115.04058570042253
121.61743780598044
167.41889822483063
127.6391424164176
143.74076556414366
175.67731019109488
147.36942145600915
154.73537683859468
131.24117804691195
135.37124844267964
157.79746984690428
134.2338934801519
157.6736160852015
112.14556957036257
155.2804225385189
151.97683029994369
177.0202910937369
144.41789572685957
174.3163156248629
140.10413395613432
188.63365907222033
116.11870042979717
156.87952554225922
117.70231891795993
119.30192292481661
130.2610785290599
166.10605471208692
162.91313597932458
166.9746910445392
115.94321132823825
173.810529936105
141.90425572171807
154.183790050447
167.27046268433332
111.04047565162182
153.12435655668378
165.5396862924099
111.31939647719264
101.33958191797137
139.47778889536858
142.20344558358192
144.91212778165936
113.84800934791565
143.56133706122637
128.96016098558903
131.3937451094389
105.07730925828218
121.70321029052138
134.83179646730423
111.40080296248198
139.0464648269117
137.06817626953125
130.4223261103034
140.39709331840277
180.3343889117241
137.00476452335715
140.08363121002913
143.6752063781023
98.85058655589819
124.06950185447931
123.0114311799407
136.62481746077538
136.1291746981442
113.57530939951539
134.36595502868295
151.20297500118613
117.25704212859273
144.23548299074173
92.58664467558265
132.27069751173258
135.27405104413629
160.35250140726566
97.97634889185429
112.4077292829752
133.95483389869332
158.77131536602974
108.29349600151181
155.9489455372095
133.3642656877637
147.26636221259832
335.7629414908588
305.8381449431181
284.4496827311814
324.61422464996576
318.53218918666244
290.25225323066115
295.1904146000743
245.92689621821046
262.60734344273806
269.4261841252446
248.4796215929091
293.68342881277204
305.8972523882985
303.78269772976637
338.61861292272806
266.11694897711277
294.2180901803076
298.56277103349566
301.0559913031757
297.12004074826837
197.07463398948312
282.7464184202254
297.34419022127986
340.81549118459225
264.3302053771913
253.86591515690088
278.09586844965816
319.3955072015524
364.4097149409354
314.10675313323736
410.6692151501775
263.36016155034304
294.1188070885837
214.8304728269577
388.73502331599593
281.23159285634756
272.82373359426856
218.68461810424924
282.2648640759289
229.87837802618742
233.6816036105156
297.55170099437237
314.0804654993117
272.40187657624483
356.9902331531048
305.6978242844343
261.74457332864404
344.11046405881643
353.83389146253467
274.06944666430354
95.90917226672173
92.0555842667818
118.47685587778687
87.24528017640114
105.24349453672767
98.80130590870976
99.09104492887855
108.47302618995309
82.49970534816384
84.0299058035016
91.86500009521842
97.13324750587344
110.34606125950813
76.47714710235596
97.76286971196532
81.14804143458605
101.01936243101954
90.84167307242751
104.16475392505527
98.9846955165267
96.8666173927486
87.1006365083158
79.73992410674691
75.29738328233361
92.22615975886583
104.25190949067473
74.4231259226799
109.88649591058493
92.98125901073217
94.19957017153502
94.39166614040732
104.47469610348344
108.24316096678376
77.85619888827205
102.14737652242184
95.67021803185344
86.51007780432701
100.85786795243621
96.81954900175333
94.10310153663158
102.98383378237486
100.76479833573103
102.46690396592021
84.31747073307633
91.87492083013058
88.40380272641778
92.75411928445101
123.61820077896118
101.49063253775239
88.1508797109127
86.15317592397332
79.40202513709664
90.09692730009556
71.44234651699662
56.881200071424246
67.37090503051877
88.45552302524447
78.128562387079
55.84815352782607
81.86200166493654
86.89934924989939
72.93399312347174
98.98033102974296
84.98694723844528
76.39059687778354
69.74270170554519
81.94570994004607
79.89764135703444
93.95782189816236
73.75948298349977
66.28172631561756
89.13539405912161
84.70389955863357
70.5253581777215
78.54994083940983
67.78957674652338
67.89921496436
76.93650539591908
68.4723063968122
78.88479902222753
81.18136664479971
83.4797226972878
96.64709835126996
72.86846574023366
78.40769294276834
101.34345910325646
95.20961060747504
80.22852673381567
91.0544478148222
76.9249404259026
89.87742067873478
96.96018680557609
100.09301065653563
67.53539453074336
85.9863936342299
78.95028579980135
96.65816761553288
89.41573977097869
75.09182527661324
85.46097645163536
71.86457693576813
64.31971922889352
56.44852101802826
45.909038845449686
49.605877473950386
59.98589591681957
52.16979284957051
67.89766056463122
48.37794044241309
49.63486668840051
63.145469818264246
57.103438932448626
68.35056022927165
68.99619740247726
52.828013721853495
62.726719196885824
70.49115875735879
68.30524945631623
48.26448179781437
46.29518985375762
74.71783472970128
63.86952472105622
76.2834626995027
73.15847957506776
56.25332235172391
52.69627705588937
52.562968764454126
49.44853990525007
61.04317111894488
66.44550963118672
55.25993328914046
53.554645255208015
67.62207116559148
49.69439081475139
60.05053147301078
57.85101277008653
58.267342895269394
42.47584945335984
53.0917018763721
61.78166201710701
65.79376528412104
72.58175281435251
52.73206192627549
55.10290430113673
69.62400105968118
56.960819095373154
65.60273247212172
53.034130439162254
44.00456424057484
56.07891906425357
118.74952200427651
163.81566932424903
151.75922110304236
128.21802800148726
138.57044054567814
132.87223841995
221.01670768111944
135.6932790875435
161.36811603605747
152.70497419685125
142.2237675152719
133.54160162433982
176.12760915607214
97.40964038297534
143.00225871056318
147.27056466415524
118.10368562862277
133.31905362010002
140.04065687209368
120.4682583771646
154.14806381613016
151.44924694672227
171.2444136068225
181.25899924710393
120.10405404865742
158.94403922185302
149.1407894231379
130.73995396867394
96.56234716251493
175.14744735136628
132.05048998817801
172.41089469194412
219.72679779678583
121.32358366250992
204.8967024385929
141.13083500787616
141.1307851858437
193.9646022208035
144.51198017597198
114.29308709129691
140.86675546690822
151.4616451188922
155.5301452614367
120.83664686605334
153.63096799328923
120.33972832560539
172.2419051900506
163.24759055674076
134.95806178823113
146.2558269314468
62.54503193870187
52.29688040912151
68.96561585366726
69.64530581608415
88.84260410815477
92.42198517546058
53.54732758924365
62.53461652249098
64.07481722533703
72.336491599679
71.54924554750323
57.41221832856536
67.90757507830858
58.564236521720886
64.23247801885009
57.507730670273304
65.42629507556558
71.27900280430913
78.27815190330148
53.73293302580714
70.90550510585308
56.80168792977929
75.851857021451
56.50952949002385
68.15854908525944
75.36517918482423
42.501115415245295
72.77554838731885
50.8462240844965
58.80954423546791
71.59579747915268
59.136249985545874
78.40937865525484
54.354438837617636
58.423346381634474
60.37646269053221
61.886464547365904
71.90638650208712
72.8075628504157
59.443258963525295
62.24545629695058
66.7888667397201
47.90200684592128
49.15148691833019
56.63230820372701
66.98593767732382
63.11087031662464
61.97769231721759
53.84394887462258
53.894372809678316
197.68900674954057
122.06015485525131
138.48528603836894
213.25919929519296
125.22922921180725
131.37702752277255
147.14086788892746
146.0155119523406
150.55405649542809
180.66921353712678
180.62677554786205
178.06438330560923
179.30438705161214
179.16042579710484
162.57041881605983
169.29825462773442
158.50747945159674
154.22798148542643
142.60421050712466
162.50395305082202
141.20769540593028
153.7201080918312
134.92735993862152
112.53255596384406
164.13805468007922
177.39655175432563
139.12211564928293
151.58807424083352
140.45289788767695
185.1097983457148
152.92752458155155
164.69149539992213
122.65720814839005
115.76565911248326
192.0825424194336
140.29360332340002
158.93071453273296
126.72471295669675
197.66322510689497
175.5854475647211
155.29485614225268
186.01194423809648
188.99025865644217
159.22275415435433
148.6377489157021
154.03181675076485
129.49502198770642
156.01256972923875
183.82192749157548
145.17900418490171
176.55180395767093
195.73154506087303
129.29860251024365
153.2773759998381
148.73752502352
202.28411853313446
165.27368427813053
144.05302223935723
139.12171298265457
174.67926663532853
158.48792743310332
190.27729093655944
139.98079561069608
148.43067179992795
130.95004383847117
191.61815669760108
171.36767941713333
160.84729048609734
135.84948271885514
137.03848515450954
161.12990498170257
153.8703092187643
177.37565545737743
149.79724065214396
147.88287806510925
156.75953217223287
165.99201725423336
180.72224229201674
119.44080821424723
179.62338143959641
169.68914087489247
145.73646968603134
137.62198327109218
142.68407301604748
131.6915385760367
179.31704234331846
196.2675987407565
171.5501135252416
139.43045392259955
186.95658778771758
144.2667691335082
142.10332275927067
141.34176791459322
140.84769608825445
139.87521547824144
150.13955671712756
162.13305324688554
179.12004356458783
136.7899061627686
169.22143473476171
96.7048233114183
90.83395466580987
77.93128590285778
83.37755127996206
83.39121950790286
104.99301863834262
94.14592869579792
89.9745972417295
77.73146076500416
87.18522618338466
109.6327348947525
76.06883754953742
106.60839150846004
90.56142251193523
79.85630795359612
97.07427000626922
80.87496722117066
77.49038273468614
81.76734797284007
96.21499794349074
90.90899476408958
87.36342092230916
81.76472574099898
105.67164933681488
78.1604614444077
108.64903980866075
97.71883100271225
77.11689682304859
67.57884794101119
69.70036504790187
112.75712002068758
70.36431843787432
100.94246092066169
92.59168273583055
81.87668965384364
99.65320276841521
69.16962951421738
94.16703580319881
86.54727420210838
97.90708945691586
102.45234570652246
88.80010699480772
90.6790525726974
94.08298276364803
90.46879321709275
76.85796595737338
83.31139870733023
84.98895033448935
69.76483419165015
57.63868647441268
94.9129728935659
99.00328524783254
77.37494337931275
98.81498444080353
88.70151451602578
95.12749728187919
89.50110114738345
76.76256665587425
94.70520964637399
74.90818174183369
63.90263194963336
85.47170412167907
88.12782204896212
88.93086308985949
87.97624306753278
80.85730480402708
81.82646816596389
81.32160967588425
86.26505890488625
79.51732571423054
97.03870814666152
92.99235497415066
76.09471010044217
79.04635266587138
95.02041595429182
66.93752871826291
91.00783584266901
69.66073618084192
89.14682815223932
79.84037436544895
99.12508749961853
95.479551050812
85.20536576211452
82.80376815795898
80.06464629992843
73.14242567121983
94.92233322560787
85.99120670929551
83.19265712797642
77.49781521037221
97.67740733921528
86.5565326474607
66.95076858252287
108.28925176337361
55.06822722777724
76.17430585250258
68.7049492970109
90.21372781693935
68.1450016014278
89.05716322362423
177.9541815109551
186.61954122781754
159.30382053926587
105.23588314279914
144.66413802281022
164.1144243143499
178.98411134257913
134.49795196950436
158.88667375594378
181.08849130570889
184.16944040358067
153.42798681929708
141.67152633145452
155.28071398288012
181.1755664423108
131.82892421260476
181.57027965039015
136.44963891804218
135.59617982804775
134.54839691892266
150.34273137152195
156.16333819925785
166.19130420684814
144.25028486549854
183.56273322924972
169.96110470220447
135.9734022244811
167.57831119000912
187.97604174166918
171.0967996791005
130.5211572907865
126.94890582934022
118.50648962333798
132.58377968147397
125.53675458580256
170.11301958560944
164.77741913869977
119.16928116977215
190.25877595692873
189.88667817786336
166.69006742537022
131.99992076307535
185.39414955303073
162.84578523412347
180.75660163909197
151.10366345196962
155.43546827882528
129.56006564944983
170.53918746113777
136.31290359422565
92.62025114521384
84.04033475369215
79.0797800347209
77.46636660397053
80.37722896039486
86.4642223790288
94.4604333229363
87.82349054515362
73.25822361931205
69.73665385320783
69.92853712290525
65.68331291899085
71.5498330667615
92.52396083623171
61.813369300216436
72.24839887395501
72.6601588986814
54.86915699392557
72.73752926662564
79.83411667123437
93.64490989223123
92.72018412128091
70.2678546383977
82.65894880518317
83.34079341962934
59.455238077789545
67.01494953408837
73.90963986515999
82.65456038340926
79.38211725652218
74.84403073042631
94.2929415628314
99.72455909848213
74.28684121742845
87.17256234958768
68.78853310272098
68.39422946795821
74.12914630025625
52.28580590337515
72.14375763013959
56.81029289588332
69.27373796328902
69.6280072517693
76.63827423751354
84.66716758534312
72.00537610799074
89.56893312558532
82.03354747965932
107.31078983098269
91.52898129075766
78.15922923013568
93.07936660572886
66.77138183638453
82.85110881179571
87.27067760750651
76.8186568915844
63.64364165440202
60.95319090038538
83.51214608922601
72.27071657776833
93.25727629289031
81.6372162848711
82.72679161280394
96.63725855574012
69.21145767718554
104.91700828820467
84.5820913463831
112.43586966767907
76.04366436600685
87.57938695326447
63.50250997021794
109.23243130743504
85.3564021512866
87.20440600067377
87.05285047739744
77.0268122330308
101.23961766436696
65.47382598370314
83.97780001908541
103.2351999618113
62.42545413970947
86.4575737863779
98.20312288030982
109.75577268004417
86.16753026843071
87.76552057638764
98.10396597906947
94.73901400715113
107.25798412039876
97.48339484259486
96.28943645209074
72.26725628599524
69.47360271587968
76.18037046864629
86.4141852222383
73.31066663190722
110.66021404415369
72.93354235589504
81.89120290800929
82.05265347659588
55.0616447776556
57.2373741902411
57.075220074504614
40.689824633300304
50.66732554510236
50.15806329995394
55.53284388780594
43.53352803364396
63.10574281588197
65.53693087771535
45.42016027122736
49.78792170062661
54.30729574337602
43.44602649286389
59.4483779668808
56.1291775777936
56.19921512156725
58.051886070519686
64.03818341344595
45.64009188115597
29.076754953712225
52.93065480515361
61.167361583560705
48.22962945699692
52.3716438151896
57.719015929847956
47.97944604977965
45.76807824894786
56.1825915761292
46.992147237062454
42.66980156674981
53.79172961041331
69.37746620923281
51.50193415209651
60.843802850693464
57.22609307989478
39.76681203022599
57.10089490190148
42.696466624736786
47.275349870324135
62.25871175900102
53.116330206394196
55.62963906675577
66.1650615669787
54.29447407647967
60.926895439624786
43.36650004982948
64.92477867752314
56.70486285537481
50.169949788600206
140.99237544834614
195.5784967765212
207.98530700802803
144.2527881860733
137.34153915196657
195.79393688589334
161.03973565250635
178.46284928172827
206.04039411991835
164.05761978775263
158.59672871232033
172.73959897086024
162.2197108529508
186.38897261023521
177.44170166924596
159.2698394432664
178.98875738680363
187.80517275631428
179.31844924762845
131.43401212245226
127.91728503629565
175.45593659207225
183.95573754236102
210.3270108923316
148.8246174044907
186.14467409998178
149.22778584435582
187.50056015700102
176.8410497047007
210.1709175258875
177.26553696766496
162.29315062239766
182.91637348011136
154.15858973562717
183.49580869823694
167.78079391643405
190.09582740068436
169.41116461530328
182.88266264274716
173.82334055006504
155.75232696533203
194.96825097873807
212.60805001482368
122.46363525092602
183.372228436172
191.02842996269464
195.45758912339807
205.7329539656639
153.5376464277506
152.65200558677316
186.2169267013669
158.44827608764172
153.42475209757686
158.00607062876225
170.83203769102693
132.24369286373258
156.50451758876443
186.07707028836012
146.75400548800826
146.0773249566555
184.21941796690226
142.6842389255762
148.56741181015968
149.65531873330474
167.21660018339753
106.03456007316709
121.7974779419601
183.53254301473498
171.66531782224774
176.75338852778077
106.39295534789562
130.49426068738103
103.3779404014349
121.82602035999298
160.91942412406206
143.24040630087256
164.7375616133213
123.4312807880342
157.41338757053018
173.65163834020495
146.46549689769745
131.0737237520516
160.56489954143763
141.74188396334648
148.0881171040237
174.4587283656001
140.69130481407046
136.93806610628963
171.24038212746382
139.6063412167132
153.00385601818562
120.17075834423304
131.77212645113468
122.10201258212328
152.46636418998241
213.5313627794385
136.6642543002963
143.45064338296652
85.72035223990679
166.29557137936354
79.63635842502117
93.33202447369695
107.44329614937305
92.4590971544385
99.90465047582984
98.6206840723753
63.43220388889313
92.64785392209888
95.88094393908978
85.88986421376467
98.13159925118089
108.29600938037038
96.99218237027526
89.9535344876349
100.96544908359647
96.9729556851089
97.94315036013722
65.22091538831592
91.72646876424551
89.61709336563945
69.78896391764283
80.63868586346507
83.02695295959711
100.8515741713345
90.62912314385176
84.37708207964897
83.48940222710371
92.88862398639321
106.5932585336268
79.19724580273032
72.72192021086812
87.24915515631437
89.46507547795773
90.45861489698291
97.80918753147125
115.78885602205992
81.16857704892755
97.68935736268759
96.75758779421449
112.51072973012924
98.57326412945986
108.37417442724109
103.15384925529361
99.07787502929568
86.95006719604135
89.564328674227
87.50259257853031
104.69888439029455
78.29866681620479
100.88483554497361
132.34094480797648
151.51607801765203
192.23368423059583
155.99882000684738
171.47906151786447
152.1658425554633
155.1729237958789
147.39920400828123
144.34564723074436
170.0969266742468
152.36568331345916
190.393697835505
134.81896324455738
129.44536846876144
192.0883469954133
186.19844475761056
148.1457490362227
170.7541797310114
182.51948316395283
139.93060152232647
163.3150541819632
193.12197154015303
180.08759481832385
163.3474793843925
121.746018063277
135.14884553849697
199.78411346673965
122.9944375231862
183.29052001982927
163.39492123574018
180.20165868848562
214.1856804229319
149.777263879776
153.13747915625572
125.86649521440268
197.62126088142395
147.19653970375657
137.42752883955836
181.3590548709035
161.77311253547668
194.71562760323286
167.46595202758908
167.5366200618446
189.37649342790246
145.43587014079094
151.5300907306373
171.90181333199143
109.02533810958266
101.10282259434462
129.57889708131552
58.070049319416285
64.8675516732037
72.67692098394036
57.73807495087385
62.95767913386226
72.30781661346555
51.92490452528
62.673630867153406
48.45754585415125
64.7152268178761
47.460847709327936
70.6971977725625
67.20255280658603
58.417345363646746
61.55727754533291
58.259230237454176
81.61724960803986
49.013026013970375
50.1765673533082
71.6618746034801
83.29408605024219
54.56738534942269
55.05755953118205
45.17013869807124
57.42874677851796
59.81502214074135
57.50888003781438
60.39504835754633
57.43430160731077
59.826338183134794
39.29717214405537
41.52400332316756
63.17395680397749
60.82045132294297
58.54814217239618
55.4883262142539
65.93584781140089
55.24956073239446
58.443900641053915
57.194708809256554
63.1897586658597
57.44222866371274
59.446105025708675
48.31266513094306
64.22086621075869
48.27563921734691
42.68872033059597
77.1571171656251
59.64868746697903
58.95890936627984
94.62887107953429
101.03870436549187
89.1213353574276
80.91390624642372
91.48770765215158
81.9524280950427
100.93014163151383
108.04974116012454
112.1738680191338
109.50488953664899
90.04173191264272
83.33252257481217
94.5266144759953
74.2415097206831
98.85412953421474
108.60629783943295
89.08336203917861
101.63020164892077
79.2960720025003
79.24558647722006
122.14559825509787
94.48633293062449
89.03389780595899
80.92136001214385
98.95205220580101
71.44765124469995
84.06742786616087
86.99530196934938
93.99200057983398
93.25805765390396
96.29271834343672
81.81659946218133
76.44228809326887
80.31854433193803
94.08178063482046
100.86482027545571
92.63490660861135
84.72241415083408
103.25715793296695
78.6330924257636
99.32683728635311
77.97699873521924
85.80602149292827
99.65042888745666
112.95057403296232
91.47749881446362
106.92926459759474
86.16076241061091
92.25279693305492
121.18139594048262
89.63773721829057
65.61896338313818
63.759822987020016
91.64713827520609
72.69628031179309
71.80316290259361
61.5959119386971
62.96650055423379
69.63518557325006
85.9463544562459
82.07158602029085
78.90965089574456
72.12613258510828
60.32399806380272
78.95354645699263
89.58553954213858
67.5356990583241
60.35496839880943
79.11442495137453
68.16686131432652
79.9783385694027
66.7416191548109
81.58733180910349
66.21569013223052
84.74296589195728
85.37594677135348
61.55225192755461
84.19923329725862
73.00501487404108
73.30848698690534
57.38991940021515
67.27860269322991
64.14015834033489
104.33275201916695
55.22898395732045
76.99728545174003
68.83230187371373
92.90910785272717
63.86721780523658
105.66534481570125
73.4584846533835
57.852658700197935
63.42510760203004
61.02425215393305
77.01288666576147
58.051848251372576
69.10548603534698
75.39484979212284
78.32581735402346
84.39221961051226
50.66788378357887
76.94336957857013
72.83242868259549
73.45046857371926
71.10940127074718
43.83234863728285
53.27166010439396
67.644780036062
55.85958760231733
51.28258980438113
56.795341707766056
63.27430135384202
64.669912006706
31.799432557076216
56.44910058006644
67.09126304090023
56.97405142709613
69.42840544506907
76.6576479896903
69.10460100322962
70.22348915040493
67.70686307549477
55.58042358979583
72.8952299579978
78.30532941967249
47.405104372650385
58.40684533491731
66.30789356678724
61.44951033592224
70.30543878674507
53.007398784160614
64.97773637250066
75.90804991871119
61.66713108122349
75.88837666064501
70.23425265401602
60.55158941820264
67.91469721496105
68.43533939123154
75.5941869430244
50.88779240101576
54.4277053065598
61.73247924819589
73.02638833597302
63.59015288576484
83.03785676509142
86.489830262959
72.55597684532404
66.97857458889484
57.90027428790927
61.3789563216269
63.00340950116515
69.12651604413986
61.03603267297149
58.614096116274595
58.84457928314805
59.47169462963939
84.5171685218811
55.87754273787141
73.49869151040912
61.59491765871644
52.85603117197752
72.57411594688892
65.5594640262425
73.0881908684969
67.71109204366803
52.973574951291084
70.2403776794672
59.10125770419836
62.464945413172245
79.63191149756312
76.27081831172109
64.2999997138977
54.76504782959819
59.87698185443878
58.487964265048504
63.265760358422995
70.78129627555609
61.28114429488778
60.00572729855776
60.70618510618806
64.48428051918745
76.46898180618882
49.57906724885106
77.32946061715484
61.06615360453725
66.5933583304286
60.1466300599277
61.745984096080065
70.94337056577206
64.10060196369886
71.09630270674825
61.48430962115526
64.16719185188413
61.55260233581066
45.82913699373603
68.16932701319456
72.60252495110035
47.43129424750805
60.70647719502449
170.97436756640673
150.5525553151965
149.30023196712136
148.82557502761483
161.61604642868042
133.82605108246207
157.62527582794428
182.26594156771898
153.59151824191213
182.77887131273746
155.90117590129375
150.40311888605356
128.4940299540758
175.50729343667626
165.054643496871
147.83367393910885
110.7176596596837
153.60168839991093
195.63240553438663
152.1851750537753
125.447035651654
187.616546317935
172.5401532649994
183.13215712457895
205.1634647846222
160.71251910552382
134.74309731647372
175.29715891182423
148.4642767161131
187.25456468760967
181.61593319103122
171.81500878557563
155.17511413618922
150.98391883075237
135.09780349954963
177.63586543500423
144.5057876482606
147.51056607067585
177.86838503181934
162.08822019398212
123.4507234506309
128.1138494387269
140.04710494354367
127.61301918327808
143.4364806562662
191.53564075380564
137.2943571843207
131.19454466179013
163.50002440810204
183.543590772897
138.36230713874102
144.1361905746162
168.63152119144797
151.67431120201945
154.1312119588256
170.97316967323422
134.83064683899283
168.48968448862433
161.82836836576462
174.5181727707386
129.43616401031613
156.53978508338332
153.49039367213845
144.3760535940528
127.85262986272573
154.42284443601966
143.22011091187596
206.5353283137083
138.35831367224455
132.03196462243795
139.8437908515334
177.85691671445966
172.90192538127303
135.02093729004264
150.4064352735877
178.13588666915894
159.26969268918037
177.597245529294
155.06306191161275
139.43355360254645
181.14443894475698
160.23458597809076
109.83284812420607
179.12752637639642
144.76230464875698
102.0140753351152
116.26076965034008
151.50190901383758
132.07362914457917
144.61480269953609
149.53130585327744
129.49081106483936
145.62944766134024
154.3014142177999
135.94944174960256
153.6928998120129
157.20734936743975
139.7156692072749
112.30367905274034
167.1022870838642
70.56524708122015
65.61045936122537
76.18063774332404
84.54259994626045
78.27021648362279
66.80374801158905
68.46168557554483
72.15745061635971
67.37483806163073
66.02417223900557
83.17424622550607
79.03844165802002
82.26948671415448
66.31819226592779
81.92626059055328
71.98571299016476
96.45305385440588
66.48331898078322
53.912106439471245
81.79745468869805
64.27001502737403
84.48753785714507
69.13041976094246
78.47491734102368
79.21126633882523
95.4137056991458
82.68840999528766
73.99878771603107
53.21905492246151
102.59760680049658
55.26774783805013
56.775406677275896
67.65217264741659
74.47531750053167
95.64907544106245
71.61073240637779
86.68765072152019
66.20662388950586
53.8904771246016
74.96519536525011
81.3511507846415
71.10099666938186
91.88303747028112
97.73413591459394
85.60896673053503
70.61491999775171
68.39063802734017
68.3834561817348
74.56977559998631
67.19657612964511
