1230.0
1945.0
545.0
600.0
605.0
1230.0
555.0
1440.0
570.0
805.0
2030.0
1630.0
805.0
1325.0
1085.0
990.0
1230.0
570.0
1040.0
1235.0
2145.0
605.0
560.0
675.0
1840.0
1340.0
1400.0
1020.0
1760.0
755.0
1440.0
1280.0
1045.0
1385.0
1220.0
1710.0
555.0
480.0
2535.0
1440.0
1405.0
780.0
2275.0
1140.0
1115.0
1130.0
1205.0
2995.0
600.0
605.0
780.0
555.0
1000.0
1405.0
1340.0
1265.0
1155.0
385.0
1230.0
1145.0
1405.0
1355.0
555.0
775.0
1430.0
805.0
575.0
500.0
800.0
770.0
1310.0
1290.0
1415.0
1055.0
2895.0
570.0
575.0
1370.0
830.0
1430.0
725.0
900.0
550.0
1230.0
1235.0
530.0
2035.0
725.0
1065.0
1970.0
1055.0
585.0
1195.0
555.0
1230.0
1315.0
1145.0
555.0
1200.0
2690.0
