33.72625732421875
38.28940200805664
31.858734130859375
36.89564514160156
34.94194793701172
37.244712829589844
32.069828033447266
34.56537628173828
34.727333068847656
35.65223693847656
33.85182189941406
39.055328369140625
37.042724609375
30.374088287353516
33.7108154296875
36.84180450439453
30.662630081176758
31.63542938232422
32.160499572753906
33.10572052001953
38.521507263183594
37.046409606933594
28.56984519958496
35.669960021972656
34.48150634765625
33.264671325683594
35.17924499511719
37.8668098449707
38.157386779785156
39.02953338623047
36.685733795166016
38.10089874267578
32.857425689697266
35.80561447143555
34.61534118652344
37.1382942199707
26.322261810302734
34.712867736816406
36.18788146972656
27.52189064025879
36.81917190551758
37.520263671875
29.827449798583984
27.660104751586914
34.236656188964844
31.52225112915039
27.24758529663086
30.207080841064453
40.346885681152344
31.997316360473633
35.47031784057617
29.710678100585938
33.41976547241211
30.39519691467285
31.74604034423828
32.05726623535156
29.00960922241211
33.51050567626953
35.22767639160156
25.74493408203125
31.773088455200195
30.00116539001465
29.098834991455078
38.11511993408203
24.496580123901367
28.642602920532227
30.639450073242188
33.57472610473633
31.371828079223633
31.48801040649414
28.94696044921875
31.23093605041504
32.507957458496094
32.74986267089844
29.392547607421875
32.556396484375
36.865257263183594
29.543941497802734
32.73161697387695
29.0279541015625
32.02951431274414
32.23085021972656
27.242088317871094
31.833526611328125
26.079463958740234
25.936525344848633
35.0843505859375
28.866497039794922
26.77972412109375
32.380859375
30.1025447845459
37.13386535644531
33.629554748535156
32.48478698730469
32.46772766113281
28.845256805419922
24.108592987060547
31.984079360961914
21.7321834564209
37.81837463378906
35.61206817626953
25.86972427368164
27.046947479248047
42.804237365722656
37.53356170654297
32.03424835205078
27.703033447265625
32.17200469970703
33.08479690551758
26.933700561523438
41.27340316772461
23.16522979736328
31.76413345336914
29.131315231323242
34.35527038574219
31.787296295166016
39.994476318359375
32.77654266357422
30.664796829223633
22.371553421020508
31.36036491394043
37.468116760253906
33.40069580078125
26.385604858398438
42.56597137451172
37.23625946044922
36.734535217285156
43.952796936035156
16.70063018798828
36.23485565185547
30.69442367553711
44.17562484741211
25.459136962890625
30.032121658325195
28.059709548950195
22.67280387878418
23.041061401367188
31.978836059570312
7.345407962799072
40.15044403076172
30.993877410888672
30.53800392150879
39.78797149658203
34.97437286376953
31.437009811401367
48.009979248046875
36.74150085449219
24.008586883544922
31.52510643005371
31.86782455444336
32.399044036865234
28.46886444091797
37.41144561767578
31.271942138671875
17.58865737915039
40.10009002685547
27.55939483642578
33.322425842285156
36.56108474731445
33.67235565185547
46.83595275878906
37.166839599609375
24.076398849487305
27.076229095458984
36.06166458129883
24.725200653076172
31.710704803466797
28.563493728637695
31.51500129699707
26.6982479095459
25.30764389038086
32.71222686767578
29.700584411621094
40.30610275268555
25.188493728637695
23.874759674072266
27.167999267578125
29.443965911865234
49.40045928955078
28.129497528076172
40.12968063354492
35.19059371948242
41.46612548828125
38.96561050415039
28.724273681640625
30.826656341552734
34.29839324951172
43.17042541503906
40.73345184326172
35.76557159423828
31.837646484375
38.000343322753906
30.548946380615234
17.652137756347656
35.875144958496094
26.53510093688965
30.345138549804688
46.53630828857422
38.56949996948242
23.34758758544922
42.67943572998047
43.378807067871094
45.138336181640625
24.944700241088867
59.00430679321289
29.488174438476562
43.4848518371582
23.76934242248535
39.83393096923828
41.34437561035156
40.05024337768555
33.84980010986328
34.590667724609375
35.3017578125
41.790435791015625
41.33043670654297
36.918758392333984
33.20774841308594
34.111480712890625
30.360349655151367
34.782676696777344
21.951637268066406
44.27068328857422
53.4807014465332
30.10141944885254
50.476287841796875
32.40162658691406
38.83818817138672
26.680477142333984
40.18439483642578
33.61946105957031
32.586212158203125
27.372690200805664
41.578575134277344
37.74736785888672
35.401981353759766
33.28001022338867
32.84480285644531
21.21097183227539
34.46663284301758
25.145668029785156
34.88549041748047
25.486162185668945
45.36115646362305
29.22507095336914
35.54243469238281
28.728782653808594
38.484718322753906
45.61570358276367
42.88728332519531
26.7455997467041
30.584753036499023
24.875471115112305
33.531150817871094
32.04670715332031
31.359512329101562
32.573944091796875
34.571144104003906
18.814014434814453
29.23886489868164
28.3532657623291
27.646339416503906
22.185791015625
23.26312828063965
37.56639862060547
26.995697021484375
29.656986236572266
36.740928649902344
33.87202072143555
26.329172134399414
35.34105682373047
24.28891944885254
34.11681365966797
35.11460876464844
27.10893440246582
29.837482452392578
29.39483642578125
24.354934692382812
34.245330810546875
35.10005569458008
35.02687072753906
27.702524185180664
18.654403686523438
25.950721740722656
24.076446533203125
25.113353729248047
31.894779205322266
23.390405654907227
25.328872680664062
27.203197479248047
29.43645477294922
36.26942825317383
33.08063507080078
26.471275329589844
31.25684356689453
31.58661651611328
23.794466018676758
33.00130081176758
31.182798385620117
29.904926300048828
30.064414978027344
27.75448989868164
24.893295288085938
33.98114013671875
43.358585357666016
34.377872467041016
42.78617858886719
47.64696502685547
51.67552947998047
43.32366180419922
35.78398895263672
32.65812683105469
38.09598922729492
44.93740463256836
26.486339569091797
43.272247314453125
34.28077697753906
43.9996337890625
39.90601348876953
29.58987045288086
43.150474548339844
44.51226043701172
34.91166687011719
36.00293731689453
36.41594696044922
29.96629524230957
31.49938201904297
43.89684295654297
39.680023193359375
29.396068572998047
45.737709045410156
42.582786560058594
31.198869705200195
36.26109313964844
37.783973693847656
38.554229736328125
28.893117904663086
33.96669006347656
41.36773681640625
42.860984802246094
29.793052673339844
30.105154037475586
44.86860656738281
39.963226318359375
40.413818359375
40.40089416503906
48.070220947265625
35.73082733154297
44.89460754394531
39.52501678466797
33.39800262451172
25.070682525634766
27.189029693603516
32.13467025756836
35.92314147949219
24.086772918701172
36.758140563964844
29.876995086669922
29.952299118041992
31.764999389648438
25.42034149169922
28.307071685791016
32.76166915893555
34.34283447265625
30.584922790527344
33.14667892456055
33.93130874633789
36.94413757324219
34.12399673461914
34.10246276855469
28.52216148376465
33.709556579589844
26.530853271484375
29.48487663269043
27.750160217285156
33.323204040527344
29.81658172607422
31.117794036865234
38.6268424987793
37.95466995239258
30.67334747314453
28.793874740600586
21.23094367980957
32.627899169921875
34.02558898925781
30.21091079711914
36.98125457763672
25.468658447265625
27.585420608520508
29.187726974487305
32.90685272216797
29.1600341796875
35.89226531982422
37.16841506958008
36.16525650024414
24.200347900390625
27.06459617614746
33.04815673828125
28.797252655029297
25.952960968017578
35.287132263183594
27.914100646972656
37.874420166015625
35.860328674316406
29.38106346130371
17.215984344482422
24.59967041015625
40.701725006103516
35.62977981567383
30.101028442382812
44.01373291015625
31.812355041503906
32.6417236328125
26.088176727294922
25.293434143066406
38.169578552246094
36.28569793701172
32.663787841796875
37.24078369140625
24.3511962890625
35.630035400390625
40.4659538269043
25.307861328125
28.260387420654297
32.658451080322266
36.88595962524414
22.582496643066406
35.05694580078125
36.578880310058594
35.593536376953125
38.01519775390625
31.047218322753906
19.218225479125977
9.179054260253906
40.534088134765625
28.56679344177246
28.59961700439453
43.315608978271484
29.21963119506836
34.84217834472656
34.175472259521484
30.433544158935547
27.27190399169922
27.04491424560547
40.19099807739258
37.91117858886719
35.92585754394531
26.70514488220215
35.94476318359375
31.092975616455078
32.685340881347656
23.41905975341797
30.973703384399414
23.381671905517578
30.200393676757812
32.203304290771484
20.562061309814453
23.09488868713379
19.58063507080078
24.269634246826172
22.40655517578125
18.94281005859375
28.726104736328125
24.339550018310547
31.223548889160156
21.1702880859375
26.507083892822266
25.959999084472656
21.066553115844727
27.85274887084961
23.26290512084961
24.50838851928711
32.202354431152344
26.148733139038086
28.595720291137695
27.410247802734375
25.179096221923828
21.005393981933594
28.24797248840332
26.145111083984375
22.17443084716797
26.166154861450195
22.158851623535156
19.707462310791016
26.043407440185547
23.919200897216797
29.65679931640625
31.41244125366211
24.148900985717773
23.792583465576172
26.854904174804688
15.278097152709961
24.70474624633789
25.689556121826172
24.334503173828125
25.872581481933594
20.400238037109375
29.04631233215332
24.336532592773438
20.214500427246094
25.598674774169922
29.080604553222656
29.987693786621094
31.069820404052734
26.807191848754883
30.278003692626953
26.811689376831055
34.22496795654297
21.814193725585938
32.65745544433594
30.887893676757812
31.77300453186035
30.79598045349121
27.538341522216797
26.084945678710938
30.728425979614258
33.09453582763672
23.369321823120117
29.8621826171875
32.73040771484375
32.180999755859375
30.854320526123047
27.554580688476562
23.774490356445312
26.16918182373047
30.590557098388672
25.312889099121094
28.953039169311523
27.068721771240234
26.63341522216797
32.22896194458008
29.64867401123047
37.386009216308594
26.0655460357666
25.75938606262207
25.71025848388672
23.90912628173828
27.195816040039062
28.07302474975586
27.596141815185547
23.91042709350586
30.551210403442383
26.502422332763672
26.93710708618164
32.946861267089844
31.652080535888672
26.405353546142578
33.572021484375
31.503658294677734
25.27457046508789
19.120819091796875
13.126118659973145
17.53304100036621
11.915716171264648
16.768001556396484
12.411626815795898
20.548913955688477
24.373056411743164
16.669689178466797
13.18514347076416
17.274805068969727
18.999019622802734
16.519514083862305
15.569963455200195
16.417022705078125
18.509140014648438
10.413679122924805
14.704573631286621
13.834933280944824
17.351102828979492
11.111997604370117
15.02924919128418
10.887107849121094
18.129451751708984
18.729841232299805
16.9439754486084
21.761825561523438
18.015960693359375
17.39858627319336
16.2338809967041
20.20543670654297
15.227764129638672
14.692573547363281
10.970356941223145
16.04269027709961
10.976898193359375
15.979715347290039
7.048869609832764
15.393867492675781
20.116802215576172
17.73320770263672
15.722698211669922
12.243602752685547
9.617244720458984
18.52410125732422
16.306589126586914
15.283267974853516
19.594768524169922
16.68208122253418
13.401926040649414
24.021892547607422
18.382232666015625
32.34951400756836
18.274438858032227
26.91025161743164
24.418502807617188
31.983829498291016
29.839069366455078
34.12364959716797
29.595691680908203
33.586212158203125
25.068649291992188
30.395801544189453
30.031564712524414
27.646833419799805
30.70331382751465
29.772491455078125
26.87909698486328
28.05557632446289
31.41179084777832
32.13868713378906
24.900653839111328
21.261030197143555
25.239795684814453
30.74936294555664
27.695419311523438
30.84601593017578
25.63088035583496
25.365123748779297
40.45111083984375
32.334144592285156
30.4046630859375
27.29405975341797
27.618629455566406
33.242610931396484
27.992155075073242
34.85968780517578
29.41777801513672
28.87194061279297
25.958545684814453
33.404541015625
30.785566329956055
29.645580291748047
24.159961700439453
32.9576416015625
26.00901222229004
27.106462478637695
27.613798141479492
26.397930145263672
36.48957824707031
17.561729431152344
19.665454864501953
10.649511337280273
18.508872985839844
17.886333465576172
15.255334854125977
17.290090560913086
13.711788177490234
16.7664794921875
20.50637435913086
14.305709838867188
11.813610076904297
18.246967315673828
20.025976181030273
13.27970027923584
16.905353546142578
14.936906814575195
15.921741485595703
17.020950317382812
15.625442504882812
18.902286529541016
20.565269470214844
10.046481132507324
10.736917495727539
10.356328964233398
10.956279754638672
19.504833221435547
12.2529296875
16.73503875732422
18.958642959594727
13.722827911376953
15.261804580688477
20.539844512939453
17.306987762451172
19.631261825561523
14.764076232910156
16.468311309814453
12.42754077911377
17.104341506958008
14.328412055969238
12.502153396606445
14.132904052734375
12.500276565551758
15.169243812561035
19.910432815551758
17.688356399536133
17.290369033813477
15.1231689453125
18.171112060546875
11.553852081298828
14.933799743652344
25.29647445678711
30.651153564453125
17.142253875732422
29.893287658691406
27.865249633789062
28.449607849121094
22.426517486572266
24.767419815063477
25.537090301513672
27.109529495239258
28.335372924804688
19.271827697753906
21.667524337768555
22.20560073852539
17.122344970703125
27.619375228881836
31.323287963867188
27.510005950927734
17.791793823242188
15.996232986450195
19.45445442199707
33.913597106933594
24.380224227905273
29.409645080566406
21.54254150390625
24.78643035888672
21.816247940063477
26.009002685546875
30.285907745361328
29.129220962524414
23.824565887451172
30.051116943359375
27.41973876953125
26.74151039123535
25.90400505065918
31.090009689331055
30.085330963134766
21.966615676879883
25.209354400634766
22.890554428100586
25.761829376220703
27.682323455810547
22.127052307128906
27.16791343688965
26.638931274414062
30.708833694458008
23.2100772857666
23.294265747070312
28.85810089111328
23.684968948364258
28.689212799072266
19.693302154541016
26.796661376953125
22.278667449951172
30.066486358642578
22.865468978881836
29.65921401977539
28.1331729888916
23.75525665283203
29.80108070373535
25.493228912353516
26.633556365966797
30.863636016845703
27.641014099121094
26.440216064453125
32.693359375
28.819324493408203
26.453386306762695
25.232242584228516
30.108619689941406
29.91545867919922
30.301034927368164
36.59147644042969
25.6376953125
38.73792266845703
29.087818145751953
27.792654037475586
25.872543334960938
28.34589385986328
15.488895416259766
25.77916717529297
18.93963623046875
27.861412048339844
25.4506778717041
25.146100997924805
23.955646514892578
33.6766357421875
30.980613708496094
20.3343505859375
23.010021209716797
26.628978729248047
29.351566314697266
27.314380645751953
30.466350555419922
31.888214111328125
30.271751403808594
27.428260803222656
32.47545623779297
21.90758514404297
32.27366638183594
30.51546287536621
36.970191955566406
28.225234985351562
34.70343017578125
30.192642211914062
40.31874084472656
32.855648040771484
34.50755310058594
39.42157745361328
30.111923217773438
37.877681732177734
38.71921157836914
30.82956886291504
28.99062728881836
27.21371078491211
35.1898307800293
37.48265075683594
33.61660385131836
25.385272979736328
32.20859909057617
32.14936828613281
37.94032287597656
26.34893035888672
34.7682991027832
33.51093292236328
32.969295501708984
27.896514892578125
31.50579261779785
33.911197662353516
38.938323974609375
44.51018524169922
36.556941986083984
36.87221908569336
33.316402435302734
36.38673400878906
31.95294189453125
33.11870574951172
36.86703872680664
34.9488525390625
43.78670883178711
40.09590148925781
33.127113342285156
33.16831970214844
37.901702880859375
41.95661926269531
38.35320281982422
38.35234451293945
31.170490264892578
40.261600494384766
33.89369201660156
30.541458129882812
26.015764236450195
36.28770446777344
41.647377014160156
37.86228942871094
30.049137115478516
39.55814743041992
37.844398498535156
37.2205696105957
30.686922073364258
34.77153015136719
35.06352233886719
35.69417190551758
39.20935821533203
27.82831382751465
31.023502349853516
21.940401077270508
31.67293930053711
31.848934173583984
23.073474884033203
25.443035125732422
32.12120819091797
33.519287109375
23.25735092163086
28.70728302001953
35.22212219238281
32.247867584228516
30.487808227539062
36.64585494995117
27.333885192871094
32.93047332763672
24.15289306640625
40.048316955566406
26.6549072265625
28.442214965820312
32.11944580078125
36.789894104003906
35.144500732421875
32.62445068359375
25.53553581237793
37.24855422973633
37.39768600463867
35.03754425048828
39.981224060058594
25.793514251708984
27.728321075439453
33.41100311279297
37.27449417114258
31.872201919555664
33.57169723510742
33.75392150878906
40.72869110107422
37.329254150390625
43.787109375
34.37519073486328
39.69023132324219
34.513702392578125
36.89094543457031
31.22845458984375
38.92506790161133
29.332561492919922
37.58158874511719
38.06159210205078
31.047792434692383
28.590700149536133
23.93997573852539
35.19973373413086
30.232410430908203
34.21864318847656
30.252649307250977
37.32886505126953
36.89387512207031
37.57054138183594
37.75257110595703
29.357295989990234
38.683685302734375
42.453521728515625
28.28917121887207
40.70787048339844
43.37039566040039
33.886474609375
33.425628662109375
30.358224868774414
30.827255249023438
43.73914337158203
30.362571716308594
31.001502990722656
30.59385108947754
30.097314834594727
42.92787170410156
34.86650085449219
32.673126220703125
39.080535888671875
40.09077072143555
28.77134895324707
31.22528839111328
35.06011962890625
45.031856536865234
55.0659294128418
27.508426666259766
33.245521545410156
30.05365562438965
30.213680267333984
33.671424865722656
31.7822265625
28.719074249267578
27.206668853759766
35.42367935180664
35.8987922668457
30.550254821777344
31.552085876464844
42.188873291015625
34.5054817199707
31.531343460083008
25.95040512084961
29.982868194580078
35.91988754272461
24.65469741821289
33.29456329345703
33.709503173828125
39.614654541015625
38.959354400634766
33.10121154785156
32.472267150878906
35.554969787597656
34.85081481933594
28.656879425048828
26.9385986328125
28.724754333496094
29.085525512695312
35.005958557128906
29.761110305786133
31.706480026245117
26.73259162902832
22.914417266845703
30.508024215698242
33.53173065185547
32.60849380493164
38.10951614379883
31.029678344726562
35.25471496582031
32.06016159057617
25.022689819335938
26.66037940979004
32.17544937133789
24.36820411682129
22.360618591308594
31.81609344482422
37.44379806518555
44.36920166015625
30.939952850341797
30.19268798828125
54.30587387084961
33.10277557373047
44.59788513183594
35.905975341796875
31.509912490844727
16.710214614868164
26.355838775634766
44.574989318847656
31.782381057739258
45.26259231567383
35.53179931640625
31.614959716796875
45.129432678222656
44.62366485595703
46.15595245361328
50.83202362060547
29.790523529052734
34.97882843017578
46.545997619628906
51.884788513183594
38.20409393310547
37.77461242675781
56.98754119873047
47.490623474121094
43.15309143066406
34.71997833251953
42.92353820800781
35.95149230957031
41.67561340332031
46.22932434082031
23.314651489257812
41.64366912841797
29.660419464111328
24.090221405029297
40.5152702331543
36.184547424316406
31.313976287841797
40.92399597167969
38.856170654296875
40.75099182128906
46.73027420043945
31.249279022216797
42.92391586303711
39.90052795410156
46.936439514160156
49.94011688232422
26.734207153320312
26.76922035217285
38.17922592163086
34.3232421875
28.352325439453125
31.81735610961914
31.414897918701172
29.863298416137695
33.940242767333984
34.534053802490234
25.198408126831055
29.589988708496094
34.250648498535156
31.004711151123047
34.111549377441406
29.449039459228516
37.643409729003906
34.99766159057617
28.262279510498047
29.201709747314453
32.25375747680664
31.176925659179688
26.17141342163086
24.018430709838867
23.439022064208984
24.159019470214844
28.055801391601562
26.103355407714844
34.55406188964844
33.527931213378906
34.55369186401367
32.25804138183594
29.034130096435547
31.01571273803711
31.127948760986328
34.76365661621094
35.42276382446289
33.82408142089844
34.180477142333984
24.232872009277344
34.75852966308594
23.136316299438477
26.342483520507812
40.94972229003906
29.50844383239746
28.257526397705078
33.74022674560547
31.461109161376953
28.02138900756836
41.58659362792969
30.391864776611328
24.098466873168945
19.18568992614746
21.96989631652832
17.17520523071289
17.777509689331055
21.750885009765625
15.286981582641602
23.118083953857422
13.815173149108887
25.94217872619629
13.566207885742188
17.74237060546875
23.63021469116211
19.124448776245117
24.836544036865234
16.879898071289062
17.578807830810547
17.74701499938965
10.356607437133789
15.56655216217041
14.288637161254883
21.106353759765625
17.724843978881836
19.971403121948242
21.530147552490234
22.0078125
18.325611114501953
20.40353775024414
22.951610565185547
20.318241119384766
15.047696113586426
24.67257308959961
19.55303955078125
25.854888916015625
18.53240394592285
16.883094787597656
20.523296356201172
12.931529998779297
17.537479400634766
16.863067626953125
20.65982437133789
20.601682662963867
17.172666549682617
17.671459197998047
20.297897338867188
15.244230270385742
17.329017639160156
28.17075538635254
18.910396575927734
22.79386329650879
22.466182708740234
16.648834228515625
19.128887176513672
13.334643363952637
18.730831146240234
21.16759490966797
22.643199920654297
13.463948249816895
23.398681640625
21.854755401611328
16.8373966217041
15.511617660522461
24.537185668945312
21.317726135253906
20.889934539794922
15.99028205871582
20.274917602539062
19.077545166015625
15.011178970336914
20.38397216796875
21.991138458251953
21.983076095581055
23.271997451782227
21.857555389404297
26.605783462524414
14.617008209228516
14.095890045166016
18.19839096069336
15.552887916564941
20.310409545898438
20.344573974609375
17.23211669921875
23.148651123046875
20.908592224121094
18.97052001953125
14.821748733520508
21.15695571899414
17.58783531188965
18.824390411376953
18.484451293945312
23.06302833557129
23.703208923339844
19.770877838134766
19.692840576171875
22.945453643798828
16.281021118164062
11.779756546020508
16.03061294555664
15.650650024414062
14.206443786621094
25.719268798828125
27.52215576171875
26.471038818359375
28.237077713012695
24.839298248291016
29.125110626220703
21.857160568237305
24.922061920166016
28.467864990234375
22.36463165283203
20.6908016204834
28.8095703125
21.23503875732422
24.69951629638672
29.036867141723633
27.755111694335938
16.42581558227539
24.73009490966797
28.167579650878906
32.90877914428711
20.586307525634766
22.440258026123047
28.04421615600586
29.024192810058594
21.111745834350586
30.953418731689453
18.758821487426758
33.43225860595703
27.160581588745117
25.64073944091797
24.903825759887695
26.94076156616211
27.82157325744629
29.520877838134766
30.219879150390625
22.28146743774414
31.281238555908203
28.130878448486328
24.067346572875977
24.742313385009766
29.209251403808594
22.341596603393555
24.05754852294922
23.196796417236328
29.701171875
23.306549072265625
29.385696411132812
24.363433837890625
25.051788330078125
30.854434967041016
31.963727951049805
36.87623596191406
37.77061462402344
32.3409423828125
29.441818237304688
38.78466033935547
37.10884094238281
27.02518081665039
30.55860137939453
38.94856262207031
30.620281219482422
29.15097427368164
36.335662841796875
24.40100860595703
39.48713302612305
34.71795654296875
33.01231384277344
32.43747329711914
45.277137756347656
37.83305358886719
40.94452667236328
30.066883087158203
37.071441650390625
34.53644943237305
43.31900405883789
42.393924713134766
45.73438262939453
30.398632049560547
26.946399688720703
45.7113151550293
36.3272705078125
32.01490783691406
32.682716369628906
29.107494354248047
41.28240203857422
37.81639862060547
38.988616943359375
38.027198791503906
32.59075927734375
39.03687286376953
32.178977966308594
42.66200256347656
39.66759490966797
41.62522888183594
28.87986183166504
39.571868896484375
31.365203857421875
34.96963119506836
40.52161407470703
27.886682510375977
19.524669647216797
21.049745559692383
19.258630752563477
23.533864974975586
19.613807678222656
19.012271881103516
14.402132987976074
21.082366943359375
22.150798797607422
15.861488342285156
16.315502166748047
20.05728530883789
13.072528839111328
20.527801513671875
19.97679328918457
12.481785774230957
21.117401123046875
21.406089782714844
18.15947914123535
11.913647651672363
22.307964324951172
22.10490608215332
20.066455841064453
15.47024917602539
19.644203186035156
19.17319679260254
24.8465518951416
14.47708511352539
22.84769058227539
20.22299575805664
15.927314758300781
26.044822692871094
16.89691162109375
18.649084091186523
19.350261688232422
22.270626068115234
21.478919982910156
23.252704620361328
17.652786254882812
22.169740676879883
22.01015281677246
18.744972229003906
23.57958221435547
21.645282745361328
22.169631958007812
22.867982864379883
21.278186798095703
19.070878982543945
19.281009674072266
16.80695343017578
28.046878814697266
26.870285034179688
39.15005111694336
25.056766510009766
34.47467041015625
24.05135726928711
30.490875244140625
41.6712760925293
31.252717971801758
25.81149673461914
36.01356506347656
19.768428802490234
33.515602111816406
37.74943542480469
18.51649284362793
23.591983795166016
26.914743423461914
31.938961029052734
46.827232360839844
33.84759521484375
30.721506118774414
42.96370315551758
30.64691925048828
25.729820251464844
29.465194702148438
44.37318801879883
27.157550811767578
34.527740478515625
39.84398651123047
34.910255432128906
35.31697082519531
23.009204864501953
33.94316864013672
35.17676544189453
34.058380126953125
22.620458602905273
38.745361328125
36.20158386230469
40.34669494628906
41.291194915771484
38.48617172241211
38.0616340637207
38.11377716064453
28.74152374267578
30.266979217529297
31.927303314208984
34.618003845214844
34.98141860961914
37.99201965332031
39.41981887817383
37.95116424560547
34.86164093017578
31.803302764892578
27.53799057006836
38.05259323120117
32.3798942565918
38.13142013549805
32.557979583740234
38.80691146850586
35.34845733642578
29.496681213378906
25.283554077148438
37.79658508300781
32.931365966796875
29.51919174194336
33.74993896484375
30.960649490356445
41.66521453857422
38.93812561035156
34.87704849243164
35.57832336425781
35.312950134277344
28.72281837463379
36.95336151123047
34.34013366699219
37.91783142089844
37.12549591064453
26.250232696533203
25.582401275634766
36.03003692626953
34.490234375
33.35982131958008
33.35804748535156
34.508644104003906
26.108169555664062
36.31683349609375
43.833595275878906
28.140012741088867
31.856294631958008
35.56510543823242
39.348182678222656
37.328529357910156
33.57691192626953
34.008941650390625
38.97354507446289
37.115943908691406
32.92906188964844
41.08979034423828
33.56593322753906
35.83723449707031
41.020381927490234
27.865066528320312
34.75768280029297
30.600326538085938
28.72896385192871
36.29043960571289
32.20771026611328
24.066877365112305
39.99293518066406
30.06414794921875
41.68898391723633
40.51641845703125
28.895038604736328
35.3555793762207
37.893028259277344
32.6325569152832
38.10689163208008
38.96253204345703
26.183212280273438
27.558841705322266
35.018798828125
38.51266860961914
40.38023376464844
35.40215301513672
36.87788391113281
33.00157928466797
29.333520889282227
35.52424240112305
28.71772003173828
30.612262725830078
32.72071838378906
32.58361053466797
33.697635650634766
21.415935516357422
26.501087188720703
38.73143005371094
35.505889892578125
28.540803909301758
33.95921325683594
27.507320404052734
35.43675231933594
25.249774932861328
32.83875274658203
33.254737854003906
29.160968780517578
37.01982498168945
30.826515197753906
40.84203338623047
32.31749725341797
34.198158264160156
15.10958480834961
16.10598373413086
12.650762557983398
8.82365894317627
10.470940589904785
13.503372192382812
13.974318504333496
19.121631622314453
16.143218994140625
16.479413986206055
18.719318389892578
13.655533790588379
17.460880279541016
16.207916259765625
15.10802173614502
13.752957344055176
13.332396507263184
11.770654678344727
19.690086364746094
17.617923736572266
25.16201400756836
13.64356803894043
17.225112915039062
15.384271621704102
13.487773895263672
16.275070190429688
15.024045944213867
14.321571350097656
21.337932586669922
17.37175178527832
8.92201042175293
14.90656852722168
11.97016716003418
18.426036834716797
18.130842208862305
9.697460174560547
11.927776336669922
10.64653205871582
14.435981750488281
10.174215316772461
15.705138206481934
19.598302841186523
13.379012107849121
14.431402206420898
21.83246612548828
14.78285026550293
11.08969497680664
17.98056983947754
14.020343780517578
16.698505401611328
29.44400978088379
25.71506690979004
38.07910919189453
38.073951721191406
28.199203491210938
18.87528419494629
35.678890228271484
30.615318298339844
33.6959342956543
39.229671478271484
33.469356536865234
33.24233627319336
36.84208679199219
28.910869598388672
28.830562591552734
32.662384033203125
29.51600456237793
34.90927505493164
32.750328063964844
32.722389221191406
36.667518615722656
26.266462326049805
25.43080711364746
32.658119201660156
27.861190795898438
34.546409606933594
30.471641540527344
31.806503295898438
29.89983367919922
34.40119171142578
35.93273162841797
34.274356842041016
29.98007583618164
30.947463989257812
29.844974517822266
38.37259292602539
26.829544067382812
35.1925163269043
30.387657165527344
27.475555419921875
26.267370223999023
35.5247802734375
31.10106658935547
35.47095489501953
31.612276077270508
30.244609832763672
35.774864196777344
36.6477165222168
34.14149475097656
31.24037742614746
33.04195022583008
38.40225601196289
33.234561920166016
39.66084289550781
38.43604278564453
33.0592155456543
29.79706382751465
30.578792572021484
31.628984451293945
24.751453399658203
36.36876678466797
41.344085693359375
29.2490177154541
34.755287170410156
34.11939239501953
37.20927810668945
29.466707229614258
35.92177963256836
24.317033767700195
30.009605407714844
27.6988582611084
31.797683715820312
35.11064910888672
30.41103744506836
41.228668212890625
37.70941925048828
35.9616584777832
34.68000030517578
31.277620315551758
30.607152938842773
31.483501434326172
32.2624397277832
40.660194396972656
33.60772705078125
24.994094848632812
34.25804901123047
43.75860595703125
31.752273559570312
40.457054138183594
33.35435485839844
36.2831916809082
29.563804626464844
38.21600341796875
31.63446044921875
33.65941619873047
39.13201141357422
30.10678482055664
34.4279899597168
36.03289794921875
35.430259704589844
39.20921325683594
35.287113189697266
35.18782043457031
26.687705993652344
34.095542907714844
42.663047790527344
25.933019638061523
24.318225860595703
27.659942626953125
34.873634338378906
36.203834533691406
34.99070739746094
32.92030715942383
35.79506301879883
34.53778076171875
34.732177734375
39.85459899902344
35.433929443359375
35.54876708984375
27.683839797973633
29.315217971801758
37.447914123535156
36.55242919921875
27.699169158935547
32.31318664550781
40.23828125
31.22506332397461
34.5340576171875
42.78907775878906
35.25847244262695
38.175750732421875
38.57777786254883
27.661815643310547
31.293203353881836
30.80445098876953
39.73970031738281
35.55477523803711
34.399993896484375
34.1733512878418
33.38774871826172
34.60890197753906
24.198963165283203
34.17334747314453
29.78513526916504
33.786338806152344
34.48236083984375
30.178237915039062
34.84498596191406
35.95109176635742
31.103544235229492
35.219120025634766
40.3984489440918
31.79625129699707
24.70319366455078
37.91783142089844
29.53266143798828
39.246490478515625
36.63095474243164
35.92026138305664
35.765045166015625
31.797985076904297
35.024173736572266
28.79117774963379
36.37923049926758
30.812549591064453
31.284847259521484
26.640491485595703
39.89806365966797
34.638519287109375
32.600440979003906
28.94800567626953
30.824127197265625
31.81319236755371
32.52001190185547
34.34821319580078
42.75831985473633
36.30998992919922
33.25242614746094
37.142364501953125
37.1683349609375
31.09415626525879
27.223323822021484
35.792510986328125
32.46343994140625
27.545394897460938
26.698759078979492
33.138954162597656
27.50347328186035
31.053234100341797
31.808609008789062
27.574424743652344
37.83561706542969
38.351436614990234
31.101816177368164
26.075801849365234
32.173072814941406
29.760223388671875
33.4456787109375
31.287532806396484
28.80623435974121
17.523630142211914
17.71921730041504
20.09196662902832
24.044170379638672
25.504240036010742
14.86386489868164
17.406707763671875
19.171438217163086
10.584891319274902
19.14250373840332
16.48309326171875
22.281810760498047
20.319965362548828
21.451799392700195
16.1446475982666
18.418201446533203
17.649662017822266
14.922172546386719
19.940475463867188
17.267412185668945
15.149799346923828
19.108335494995117
18.092056274414062
24.029983520507812
18.512502670288086
16.049036026000977
8.097187995910645
16.265586853027344
13.654989242553711
17.192310333251953
21.979774475097656
13.299681663513184
18.37255859375
18.983287811279297
15.888280868530273
16.941923141479492
17.0454158782959
15.096394538879395
14.776189804077148
13.751375198364258
7.691522598266602
12.463537216186523
16.38115882873535
13.719598770141602
16.66185188293457
21.489688873291016
22.190818786621094
19.297870635986328
16.965187072753906
22.103679656982422
33.74433135986328
26.694272994995117
22.010089874267578
29.305770874023438
27.345876693725586
24.45806312561035
22.83869171142578
21.737546920776367
37.445289611816406
32.57041549682617
18.420616149902344
25.6640625
33.1380729675293
25.558738708496094
31.762479782104492
21.857769012451172
22.565147399902344
26.6798152923584
23.054428100585938
32.90953826904297
30.006603240966797
18.779857635498047
32.01410675048828
31.536344528198242
27.761703491210938
29.77682876586914
25.009525299072266
25.894851684570312
24.689212799072266
24.998741149902344
29.493043899536133
23.66546630859375
32.59174728393555
23.993404388427734
26.676544189453125
29.269847869873047
27.11805534362793
23.825037002563477
28.328556060791016
28.210002899169922
34.96717834472656
22.695819854736328
28.858768463134766
23.569133758544922
22.913755416870117
22.224960327148438
31.968917846679688
31.517196655273438
28.336627960205078
31.429962158203125
26.836023330688477
23.054563522338867
22.54385757446289
32.333900451660156
18.9775447845459
31.158567428588867
23.956050872802734
25.30718994140625
25.27347183227539
23.667720794677734
16.866788864135742
29.698806762695312
30.68838119506836
24.685890197753906
29.479286193847656
26.925535202026367
19.506614685058594
17.988731384277344
16.96291160583496
23.957197189331055
25.64419174194336
19.734760284423828
24.130615234375
19.867725372314453
20.79254722595215
22.341259002685547
28.315488815307617
23.088212966918945
22.327985763549805
27.42940330505371
21.24601173400879
24.93507957458496
25.62478256225586
26.26190185546875
22.257320404052734
18.78388023376465
24.82726287841797
31.22768211364746
17.223249435424805
27.9187068939209
22.874187469482422
19.590961456298828
23.357269287109375
21.435325622558594
18.791790008544922
19.20343780517578
25.757957458496094
23.91916847229004
28.668033599853516
25.611446380615234
16.034835815429688
16.511219024658203
14.839067459106445
19.197528839111328
12.410239219665527
13.22262191772461
18.3205509185791
13.362763404846191
19.46648597717285
13.1763916015625
15.756601333618164
11.654691696166992
15.768497467041016
13.738410949707031
12.871625900268555
17.213348388671875
16.294921875
6.281497001647949
13.008696556091309
17.67181968688965
21.574138641357422
14.59135627746582
9.33919906616211
16.624845504760742
8.176004409790039
11.905969619750977
18.717857360839844
15.515837669372559
18.059242248535156
8.891706466674805
16.575529098510742
16.59963035583496
17.20554542541504
19.332998275756836
18.420650482177734
16.694808959960938
15.462058067321777
20.672622680664062
9.132938385009766
14.519990921020508
18.758617401123047
18.54953384399414
13.459697723388672
21.559864044189453
15.276665687561035
12.634634971618652
10.164741516113281
13.27410888671875
12.006183624267578
9.94413948059082
37.03193283081055
45.91157531738281
30.01111602783203
35.34748840332031
43.972599029541016
26.03692054748535
40.73187255859375
44.638336181640625
45.202213287353516
30.281902313232422
26.649314880371094
46.599300384521484
41.175201416015625
18.46388053894043
45.172569274902344
45.715843200683594
54.27389907836914
49.9001350402832
47.4113883972168
42.422603607177734
44.696617126464844
33.71167755126953
53.49361038208008
30.02787971496582
55.177734375
43.78678894042969
49.376617431640625
29.903987884521484
32.13820266723633
57.761688232421875
38.355712890625
45.356590270996094
55.666507720947266
47.182708740234375
28.517513275146484
45.21246337890625
34.2194709777832
48.80421829223633
48.60091018676758
24.086509704589844
21.360578536987305
38.25087356567383
39.65819549560547
45.94684600830078
31.602266311645508
28.95357322692871
29.193058013916016
48.092803955078125
31.679683685302734
36.29515838623047
21.215496063232422
43.57543182373047
47.16050720214844
39.14900207519531
33.48725509643555
29.376506805419922
40.78017044067383
32.682926177978516
33.74287796020508
37.17860412597656
45.962615966796875
46.683555603027344
39.92385482788086
35.15108871459961
57.68147277832031
50.41741180419922
48.186744689941406
35.577247619628906
25.64923858642578
23.496917724609375
43.04011154174805
48.20885467529297
42.80011749267578
33.75554275512695
50.08916473388672
50.60122299194336
43.77354431152344
35.186710357666016
22.80643081665039
41.97069549560547
27.52466583251953
29.94070053100586
27.998695373535156
38.648162841796875
25.972888946533203
51.04325485229492
36.479305267333984
27.20937156677246
30.299318313598633
22.320531845092773
35.46704864501953
33.04914474487305
45.52147674560547
36.030113220214844
20.208480834960938
47.30974197387695
48.290199279785156
24.876075744628906
29.861421585083008
29.23330307006836
30.476469039916992
28.00875473022461
26.204635620117188
25.225772857666016
26.498855590820312
26.088041305541992
24.12084197998047
26.44464874267578
27.0817928314209
22.596691131591797
34.246212005615234
30.240028381347656
29.8883056640625
21.705646514892578
21.873205184936523
30.213531494140625
33.11033630371094
27.33086585998535
32.79555130004883
25.21786117553711
21.13956069946289
27.331878662109375
29.058399200439453
24.416336059570312
32.64961624145508
39.342994689941406
26.424793243408203
21.339466094970703
21.703628540039062
17.784242630004883
33.353309631347656
26.915115356445312
31.378517150878906
23.203231811523438
27.87831687927246
30.645462036132812
24.08224105834961
26.215824127197266
25.063831329345703
32.21357727050781
16.28194808959961
22.831619262695312
25.51292610168457
22.021602630615234
22.403657913208008
18.770015716552734
29.845592498779297
29.48947525024414
25.494815826416016
23.59329605102539
29.26535415649414
26.567228317260742
20.93640899658203
28.40419578552246
28.096412658691406
36.432952880859375
22.634876251220703
22.591161727905273
23.395111083984375
30.381080627441406
26.582611083984375
23.641128540039062
35.255367279052734
23.855138778686523
26.68410873413086
23.84432601928711
25.683372497558594
28.167165756225586
26.04521942138672
21.737815856933594
30.05477523803711
29.510848999023438
29.688692092895508
28.231037139892578
28.473697662353516
28.473041534423828
28.31912612915039
20.318050384521484
21.123512268066406
18.153865814208984
22.392261505126953
12.6748685836792
30.373619079589844
25.562898635864258
25.535404205322266
32.96344757080078
24.750608444213867
22.31245994567871
30.004594802856445
29.722553253173828
30.13580322265625
20.649532318115234
23.797931671142578
32.675743103027344
22.813678741455078
35.84551239013672
26.187204360961914
18.941452026367188
26.622577667236328
31.944721221923828
34.174461364746094
43.145111083984375
30.19112205505371
36.73796844482422
30.318300247192383
32.59980773925781
40.46250915527344
38.112937927246094
35.716285705566406
29.082664489746094
32.853336334228516
40.633338928222656
32.243080139160156
31.923870086669922
25.297210693359375
32.77654266357422
29.775110244750977
31.266963958740234
31.84510612487793
36.245872497558594
31.089683532714844
30.883726119995117
34.773590087890625
32.501827239990234
33.97608184814453
26.7050838470459
37.71464920043945
27.253976821899414
35.162376403808594
33.03537368774414
32.98347473144531
37.06201171875
33.67935562133789
33.07218551635742
32.49732208251953
33.637840270996094
39.05331802368164
39.87852478027344
30.37985610961914
26.420665740966797
35.86294174194336
31.826255798339844
36.33484649658203
29.647520065307617
30.89733123779297
37.304168701171875
38.153778076171875
32.949668884277344
31.779739379882812
33.49101638793945
23.56170654296875
23.989368438720703
19.08706283569336
27.870264053344727
21.980993270874023
25.544815063476562
30.678518295288086
29.344558715820312
31.315200805664062
30.812694549560547
24.613353729248047
26.787490844726562
22.02464485168457
25.831256866455078
28.36573028564453
29.58695411682129
25.494962692260742
26.270248413085938
34.541595458984375
24.8700008392334
27.04218292236328
16.97602081298828
24.52918243408203
20.714977264404297
28.87416648864746
21.76711082458496
29.97410774230957
24.26230812072754
26.700136184692383
21.32120704650879
34.205726623535156
28.606246948242188
22.82986831665039
27.679237365722656
28.352428436279297
22.849639892578125
29.456666946411133
28.61956024169922
30.794099807739258
24.35696792602539
19.784244537353516
34.93574523925781
33.20006561279297
29.634584426879883
30.44542121887207
31.50460433959961
25.797536849975586
28.25421142578125
32.28204345703125
25.119735717773438
24.825965881347656
15.197412490844727
17.211767196655273
20.02908706665039
12.71464729309082
17.623241424560547
20.172243118286133
22.785720825195312
23.27355194091797
23.66934585571289
24.13506507873535
22.342655181884766
19.895694732666016
17.41889762878418
23.11278533935547
16.037710189819336
22.48618507385254
20.369428634643555
20.829221725463867
19.048114776611328
21.56298828125
20.531131744384766
17.482624053955078
21.838476181030273
14.120157241821289
23.121145248413086
23.189208984375
18.14305877685547
22.653745651245117
24.24241828918457
25.24094009399414
20.15902328491211
25.370986938476562
20.86138916015625
18.437591552734375
15.315437316894531
14.409911155700684
24.012603759765625
18.493511199951172
19.901411056518555
23.139301300048828
19.7816104888916
23.044418334960938
22.967266082763672
20.025081634521484
12.090126037597656
24.845943450927734
18.31180763244629
22.21145248413086
21.244731903076172
26.836185455322266
14.181427955627441
20.473567962646484
23.449499130249023
15.309290885925293
19.09493637084961
24.52877426147461
15.665996551513672
20.616809844970703
18.626317977905273
23.65868377685547
25.82862091064453
18.506511688232422
24.767160415649414
27.516231536865234
18.562747955322266
16.322023391723633
16.01918601989746
22.211088180541992
19.705158233642578
25.475372314453125
18.982938766479492
21.60472297668457
16.656124114990234
11.784148216247559
21.190637588500977
22.65292739868164
25.983722686767578
17.87376594543457
23.9479923248291
23.36587905883789
22.790306091308594
13.329113006591797
23.951641082763672
17.975778579711914
22.781967163085938
16.155202865600586
17.518482208251953
21.60602378845215
13.41868782043457
13.355368614196777
18.198410034179688
18.90052604675293
15.212677001953125
20.72513198852539
22.371662139892578
14.424760818481445
30.10535430908203
15.039719581604004
16.921131134033203
19.755537033081055
15.715972900390625
17.47342300415039
26.43951988220215
24.883113861083984
19.141721725463867
23.170578002929688
27.052148818969727
11.413047790527344
18.620521545410156
28.28662109375
25.588367462158203
18.611427307128906
26.385093688964844
22.29486846923828
20.754413604736328
26.51312255859375
16.35826873779297
22.394018173217773
17.72339630126953
18.93787384033203
23.972728729248047
25.288150787353516
23.77900505065918
17.045745849609375
16.846023559570312
19.38777732849121
21.741058349609375
15.287548065185547
18.074054718017578
19.104127883911133
31.840057373046875
25.196319580078125
20.539806365966797
23.816713333129883
21.893098831176758
25.090694427490234
17.56422996520996
26.697118759155273
16.364910125732422
13.02434253692627
22.950651168823242
22.423566818237305
19.463014602661133
22.5766658782959
18.988798141479492
27.108306884765625
22.724388122558594
17.89495849609375
17.269710540771484
29.93099594116211
30.786598205566406
32.62881088256836
35.72111511230469
33.24993896484375
31.010452270507812
32.088966369628906
30.00202751159668
33.984188079833984
27.967504501342773
37.52995300292969
32.30439758300781
32.02674102783203
34.556541442871094
28.07464027404785
29.242877960205078
29.726640701293945
26.295761108398438
37.18213653564453
33.2581787109375
37.91999435424805
26.012134552001953
32.75141906738281
30.628379821777344
37.228179931640625
31.689313888549805
32.65597915649414
31.84872817993164
30.744117736816406
31.739459991455078
32.300453186035156
36.313533782958984
31.76071548461914
36.469566345214844
28.538818359375
30.184452056884766
36.3680419921875
38.803993225097656
27.34684944152832
28.715087890625
32.76011657714844
33.19527816772461
35.46415710449219
28.29172134399414
32.3944091796875
36.55859375
36.77005386352539
34.38848876953125
33.276527404785156
36.29806137084961
32.56626510620117
29.87369728088379
38.06118392944336
30.017780303955078
27.742469787597656
40.19115447998047
34.2672119140625
34.084068298339844
39.31431198120117
32.30390930175781
35.97444152832031
34.79884338378906
43.68271255493164
29.33313751220703
22.87561798095703
39.2044677734375
32.00543212890625
28.557048797607422
32.61916732788086
30.801679611206055
37.78284454345703
27.69195556640625
36.82182312011719
32.112205505371094
32.51860809326172
37.74609375
33.25996398925781
26.344646453857422
26.583717346191406
31.096281051635742
30.661666870117188
36.38312530517578
34.69255065917969
36.87981033325195
31.384662628173828
35.39882278442383
30.649337768554688
28.6094970703125
34.5618896484375
31.146785736083984
33.204010009765625
32.51154327392578
31.895631790161133
31.276735305786133
30.644187927246094
26.072734832763672
31.611061096191406
32.76069641113281
38.62861633300781
29.59079933166504
22.422691345214844
17.92361068725586
21.411516189575195
19.405122756958008
22.010190963745117
25.510900497436523
21.618236541748047
23.586668014526367
21.145994186401367
15.565363883972168
16.38188362121582
17.307491302490234
21.82363510131836
24.373777389526367
22.228384017944336
15.92869758605957
16.780643463134766
24.128324508666992
9.095377922058105
21.937847137451172
28.683977127075195
18.746597290039062
10.110233306884766
26.242904663085938
21.048477172851562
17.784988403320312
21.78008270263672
16.9539794921875
21.739086151123047
23.576671600341797
20.841684341430664
22.220638275146484
13.682025909423828
17.706592559814453
21.63583755493164
18.87933921813965
19.533906936645508
26.038124084472656
19.243854522705078
15.061492919921875
18.269115447998047
17.336383819580078
14.192078590393066
15.890625953674316
14.623334884643555
30.613834381103516
14.819095611572266
25.710739135742188
17.864778518676758
17.995277404785156
40.480777740478516
21.92852020263672
26.798860549926758
26.09450340270996
20.131502151489258
32.09803009033203
28.727123260498047
21.405607223510742
22.581811904907227
25.566913604736328
27.83568000793457
29.79537582397461
24.444534301757812
21.927627563476562
27.28498077392578
22.04962158203125
24.482826232910156
29.51226806640625
26.401002883911133
30.243980407714844
24.825929641723633
21.75054931640625
25.931400299072266
30.078420639038086
29.217647552490234
18.988819122314453
28.015748977661133
26.164798736572266
23.231693267822266
29.087196350097656
26.138713836669922
22.768890380859375
31.450239181518555
27.206953048706055
32.58887481689453
28.29947280883789
23.771831512451172
25.953989028930664
23.79364013671875
27.605937957763672
25.349855422973633
22.601314544677734
21.7117862701416
24.327688217163086
21.64311981201172
19.001693725585938
27.788799285888672
33.60626983642578
18.2194766998291
21.400484085083008
33.51121520996094
29.73114776611328
37.76835250854492
33.325157165527344
37.92774200439453
29.44780731201172
37.525978088378906
27.690162658691406
31.61901092529297
36.58856201171875
27.1396541595459
36.168052673339844
24.480579376220703
37.21807861328125
38.76951599121094
37.05681228637695
34.17675018310547
30.14013671875
30.28253173828125
34.124176025390625
37.05402755737305
29.11366081237793
27.078407287597656
39.234397888183594
33.59078598022461
34.444496154785156
31.896591186523438
36.317169189453125
31.131450653076172
34.39685821533203
29.489944458007812
36.044715881347656
32.48108673095703
24.687618255615234
28.70926856994629
30.05533218383789
32.293251037597656
36.61375045776367
27.651317596435547
34.229896545410156
33.642051696777344
36.797760009765625
29.67455291748047
37.858802795410156
35.608184814453125
33.4222526550293
29.174741744995117
36.505340576171875
33.21484375
31.65700912475586
35.1000862121582
31.72296142578125
27.391178131103516
25.809207916259766
35.47864532470703
37.07212448120117
33.2804069519043
28.087427139282227
36.15320587158203
33.22859191894531
29.221092224121094
35.76625061035156
34.4718017578125
33.06957244873047
40.58527374267578
36.136234283447266
29.882522583007812
30.422168731689453
27.525657653808594
36.683753967285156
37.07573699951172
33.91733932495117
35.91922378540039
29.46399688720703
31.152740478515625
30.219730377197266
27.392972946166992
27.865535736083984
33.32524108886719
17.06676483154297
30.07748031616211
41.462982177734375
31.324230194091797
29.827556610107422
31.378904342651367
30.39472198486328
45.33392333984375
37.16889572143555
32.91090393066406
35.063865661621094
23.639728546142578
39.19749450683594
30.984569549560547
35.111907958984375
33.646541595458984
28.60806655883789
36.949256896972656
35.71154022216797
36.72357177734375
28.53990936279297
34.597679138183594
36.737430572509766
35.974971771240234
30.78888702392578
28.886146545410156
37.61769485473633
36.691795349121094
34.329750061035156
33.337730407714844
34.78520202636719
38.72899627685547
29.108810424804688
31.077465057373047
37.85485076904297
29.523754119873047
37.35259246826172
36.546485900878906
38.91005325317383
37.06462478637695
36.79350662231445
40.40200424194336
33.577247619628906
33.74376678466797
27.299577713012695
29.312767028808594
32.72784423828125
34.690826416015625
27.491958618164062
30.222206115722656
34.233680725097656
34.01291275024414
39.05120849609375
37.51224136352539
38.89488220214844
27.746919631958008
37.30503845214844
34.82237243652344
39.144405364990234
33.880279541015625
43.5626220703125
38.150245666503906
36.23228073120117
30.24010467529297
35.81910705566406
37.667724609375
35.00463104248047
35.942344665527344
39.424232482910156
36.04442596435547
31.269119262695312
34.53315734863281
32.76919174194336
34.03130340576172
34.08363723754883
36.64874267578125
44.61688995361328
32.061073303222656
21.608613967895508
40.421836853027344
38.788414001464844
28.109230041503906
30.098453521728516
38.536033630371094
42.73934555053711
39.50239562988281
36.430503845214844
34.37403106689453
33.719757080078125
30.791461944580078
32.80987548828125
33.20000457763672
29.28181266784668
32.77634048461914
37.24425506591797
35.79549789428711
34.88665008544922
28.97922134399414
28.48145866394043
29.9366455078125
25.59109115600586
32.32000732421875
34.78146743774414
35.2692756652832
36.063743591308594
32.06620788574219
40.12712860107422
32.83123779296875
35.298095703125
33.65141296386719
32.88025665283203
37.2830924987793
34.77935028076172
39.12408447265625
28.991790771484375
36.340885162353516
30.213336944580078
38.51054382324219
32.39427947998047
31.235488891601562
40.563880920410156
58.78770446777344
33.262611389160156
35.39664840698242
39.505027770996094
49.864471435546875
60.346561431884766
37.73781204223633
44.21794509887695
49.73264694213867
40.28768539428711
54.90846633911133
34.92608642578125
41.639015197753906
34.83188247680664
26.770843505859375
58.763832092285156
33.74535369873047
51.338531494140625
45.44609069824219
55.44983673095703
37.708656311035156
43.760894775390625
54.01206588745117
43.16291046142578
60.555320739746094
32.73193359375
35.30963897705078
49.68610382080078
41.77008056640625
55.909629821777344
26.328392028808594
48.19886016845703
39.98080825805664
39.788570404052734
54.004302978515625
38.78333282470703
22.060226440429688
46.49137878417969
38.719871520996094
42.84153366088867
47.90229797363281
53.300933837890625
45.834259033203125
39.328773498535156
45.277339935302734
49.12875747680664
58.44683837890625
21.240509033203125
45.15693664550781
54.1954460144043
16.35313606262207
13.878142356872559
14.499213218688965
22.031158447265625
21.743331909179688
18.923622131347656
17.880489349365234
14.868621826171875
12.686407089233398
13.928428649902344
22.67783546447754
16.045848846435547
21.056015014648438
19.964670181274414
19.690174102783203
15.948366165161133
17.36410903930664
13.661077499389648
19.640932083129883
13.58444595336914
19.78057861328125
10.126120567321777
18.09930419921875
14.486364364624023
25.343042373657227
15.773902893066406
17.36856460571289
12.134368896484375
20.355484008789062
13.717308044433594
13.594575881958008
19.460058212280273
18.192340850830078
11.39326286315918
20.2103328704834
17.272727966308594
16.533485412597656
23.380451202392578
16.043254852294922
20.414207458496094
16.06319808959961
17.327579498291016
19.36195945739746
19.996545791625977
19.034570693969727
24.756549835205078
19.680763244628906
11.457537651062012
16.304397583007812
21.08768081665039
38.97998046875
26.205595016479492
38.44350051879883
22.638404846191406
28.35882568359375
30.029664993286133
33.054046630859375
28.063133239746094
29.738582611083984
30.475217819213867
22.96967124938965
29.071168899536133
32.11488723754883
28.892457962036133
33.00181579589844
29.710491180419922
26.697307586669922
27.459381103515625
27.46733856201172
25.049686431884766
26.497108459472656
32.69750213623047
25.985816955566406
29.92816162109375
32.93189239501953
30.477352142333984
25.22853660583496
32.30295181274414
39.85778045654297
30.911128997802734
34.19899368286133
30.961942672729492
30.795194625854492
26.24254035949707
30.003684997558594
22.229393005371094
25.814056396484375
39.693992614746094
32.13719177246094
29.463146209716797
28.808622360229492
22.379981994628906
30.08037567138672
28.190353393554688
35.15998840332031
31.21061897277832
30.4107666015625
24.432371139526367
30.26479721069336
31.591276168823242
30.851884841918945
31.438631057739258
38.43611526489258
27.969940185546875
30.005817413330078
25.903133392333984
32.33030319213867
26.122098922729492
27.331768035888672
26.257959365844727
25.438833236694336
33.549537658691406
24.741348266601562
36.62249755859375
36.500431060791016
34.7966423034668
35.93833923339844
36.348262786865234
34.70153045654297
23.877639770507812
37.14179992675781
33.05936813354492
29.3179931640625
29.463165283203125
30.59995460510254
28.067028045654297
33.65290451049805
31.020687103271484
28.224609375
31.045883178710938
34.58400344848633
34.696468353271484
30.36078643798828
27.107330322265625
35.19076156616211
28.403778076171875
23.90469741821289
30.177425384521484
29.21025276184082
31.567684173583984
28.718610763549805
33.75617218017578
25.424991607666016
25.909088134765625
27.556949615478516
32.559593200683594
20.65399932861328
28.851688385009766
39.27842330932617
29.64575958251953
28.21759796142578
31.11785125732422
32.12472915649414
26.80167579650879
30.279239654541016
32.148826599121094
26.9515380859375
27.092025756835938
31.342817306518555
36.61797332763672
28.497526168823242
36.326175689697266
28.569931030273438
32.34942626953125
33.90545654296875
29.627546310424805
21.86216926574707
25.92538070678711
32.7001953125
32.4233283996582
31.86293601989746
32.64000701904297
29.904624938964844
28.399578094482422
28.172090530395508
35.10627365112305
37.66265106201172
28.871862411499023
27.90188980102539
37.06188201904297
22.213197708129883
25.973766326904297
39.282928466796875
36.26826477050781
20.061874389648438
29.566686630249023
32.515933990478516
30.204599380493164
28.695148468017578
34.89910888671875
33.56085968017578
34.47075653076172
27.046951293945312
30.47039031982422
27.63620376586914
27.702489852905273
35.44828414916992
29.743682861328125
34.034080505371094
36.819725036621094
30.21803855895996
29.886274337768555
34.843772888183594
27.437213897705078
32.845245361328125
26.057844161987305
30.7906551361084
21.983219146728516
32.79564666748047
29.974193572998047
31.327651977539062
18.875320434570312
33.866058349609375
23.570810317993164
26.441650390625
38.18392562866211
30.53371810913086
28.409183502197266
30.180723190307617
26.71305274963379
38.96036911010742
28.78791046142578
35.9634895324707
35.609336853027344
28.835098266601562
21.93315315246582
31.539430618286133
30.172409057617188
35.57313537597656
25.908710479736328
31.369159698486328
35.72769546508789
34.93113708496094
32.29637145996094
35.00416564941406
30.689861297607422
26.820032119750977
28.84536361694336
33.825679779052734
34.16345977783203
24.44979476928711
31.71805191040039
28.575260162353516
35.158119201660156
38.45704650878906
31.42938232421875
32.510841369628906
34.80529022216797
33.62837219238281
30.015396118164062
31.254776000976562
20.084228515625
22.05957794189453
20.945579528808594
24.80364990234375
26.78318977355957
16.303565979003906
26.92847442626953
26.635272979736328
24.949548721313477
18.37287139892578
24.59719467163086
30.41554832458496
32.584510803222656
26.278963088989258
31.90875244140625
26.76969337463379
32.16986083984375
28.726543426513672
24.849355697631836
28.4857177734375
19.476654052734375
32.4918327331543
22.42451286315918
33.46770477294922
21.16712760925293
27.457839965820312
23.157047271728516
24.523866653442383
32.417091369628906
33.8336181640625
22.632631301879883
27.675081253051758
27.287124633789062
30.657238006591797
29.947280883789062
29.939693450927734
34.044166564941406
33.608985900878906
30.56195831298828
25.72749137878418
22.947803497314453
21.758140563964844
29.575027465820312
28.806346893310547
24.031660079956055
30.488065719604492
29.638477325439453
28.028644561767578
25.166461944580078
25.768081665039062
19.888521194458008
30.49591636657715
19.199298858642578
19.90648651123047
25.66497802734375
24.17947769165039
21.89875030517578
18.970129013061523
24.006834030151367
21.752927780151367
25.50912094116211
22.53887939453125
27.53107452392578
17.929603576660156
26.41452407836914
14.607242584228516
25.909461975097656
22.649280548095703
18.283254623413086
18.850278854370117
22.434736251831055
18.44000244140625
29.531063079833984
25.51355743408203
19.23925018310547
24.908405303955078
24.286014556884766
27.073444366455078
20.90538787841797
22.716102600097656
24.51801300048828
22.146657943725586
23.804637908935547
21.161176681518555
26.820560455322266
22.030292510986328
25.322872161865234
27.585433959960938
17.420011520385742
17.354549407958984
20.77050018310547
30.119327545166016
23.060850143432617
28.19363784790039
24.404178619384766
27.808753967285156
20.7675838470459
23.433942794799805
25.123046875
36.47439193725586
38.73136901855469
38.60731887817383
40.252647399902344
30.217927932739258
44.939327239990234
31.661483764648438
30.91948699951172
33.704010009765625
40.030941009521484
35.598819732666016
29.804813385009766
31.42315673828125
31.371885299682617
32.58027648925781
31.066600799560547
37.848236083984375
37.41851043701172
30.134777069091797
37.968929290771484
41.9208984375
28.466995239257812
30.299551010131836
34.61296844482422
29.249847412109375
22.627750396728516
34.74498748779297
26.675273895263672
36.02960968017578
44.31541442871094
29.907072067260742
33.17353439331055
30.5168514251709
37.147789001464844
44.17805099487305
35.80937957763672
36.015602111816406
34.44359588623047
25.565319061279297
43.29442596435547
35.64597702026367
38.52803039550781
29.959232330322266
41.89145278930664
27.388172149658203
24.777629852294922
27.669124603271484
31.364784240722656
35.737220764160156
25.07598114013672
27.787364959716797
26.675823211669922
22.778594970703125
19.374008178710938
23.363740921020508
20.06291961669922
32.721778869628906
22.146957397460938
28.20909309387207
27.65059471130371
29.186315536499023
27.378307342529297
23.474689483642578
23.196308135986328
31.147418975830078
27.139251708984375
24.750614166259766
24.11501693725586
22.864700317382812
25.951614379882812
30.354848861694336
29.846622467041016
33.63246154785156
24.111106872558594
26.211227416992188
29.348722457885742
27.901792526245117
28.68248748779297
25.089378356933594
19.94091796875
21.410926818847656
29.86294174194336
25.134422302246094
24.293113708496094
20.757427215576172
26.094287872314453
24.532032012939453
29.48323631286621
27.165088653564453
26.654525756835938
19.442211151123047
20.294912338256836
28.927560806274414
24.363842010498047
26.370359420776367
32.788814544677734
26.360660552978516
23.47652244567871
26.76708221435547
22.046903610229492
36.047691345214844
23.464296340942383
37.52708435058594
22.125816345214844
29.370826721191406
30.536069869995117
13.155901908874512
25.927762985229492
21.189958572387695
28.90924072265625
25.184629440307617
34.03204345703125
35.89752197265625
25.409263610839844
27.082277297973633
29.92093276977539
26.728256225585938
37.0016975402832
40.685211181640625
39.212764739990234
30.329788208007812
26.060874938964844
32.7965087890625
34.82855224609375
25.707294464111328
35.24296569824219
27.515602111816406
32.98530197143555
30.994089126586914
41.51967239379883
36.47522735595703
23.720443725585938
21.888925552368164
13.04531478881836
19.879316329956055
32.5452880859375
28.170820236206055
30.54483413696289
24.350318908691406
29.110898971557617
21.448684692382812
29.40073585510254
27.462982177734375
27.868152618408203
32.7071647644043
31.29153060913086
35.63179397583008
21.450212478637695
26.68356704711914
39.42503356933594
26.05779266357422
30.31810760498047
26.71187973022461
25.588314056396484
28.327816009521484
36.04470443725586
30.751548767089844
24.105615615844727
33.151729583740234
29.204967498779297
26.254789352416992
24.869770050048828
33.769527435302734
21.216754913330078
32.277278900146484
31.430416107177734
37.227821350097656
24.47345733642578
23.966293334960938
35.58342742919922
30.438037872314453
24.14914321899414
28.03189468383789
25.28736686706543
23.136917114257812
30.094436645507812
36.15496063232422
32.39616394042969
28.196041107177734
26.996171951293945
23.777416229248047
34.362022399902344
39.76142883300781
26.674633026123047
33.365264892578125
27.57185173034668
32.32700729370117
34.75202941894531
31.04460906982422
34.28748321533203
29.582748413085938
32.776092529296875
29.670759201049805
26.856765747070312
33.16857147216797
28.4017333984375
26.491487503051758
26.262083053588867
26.598800659179688
35.220584869384766
28.660310745239258
32.60791015625
28.38249969482422
24.89015769958496
27.848365783691406
35.960784912109375
36.182281494140625
36.71310043334961
40.784584045410156
21.35686683654785
23.245746612548828
31.607261657714844
31.263980865478516
37.35034942626953
25.288631439208984
31.44422149658203
36.14560317993164
22.849334716796875
34.500980377197266
33.66200256347656
33.216121673583984
37.35411834716797
28.708194732666016
30.88845443725586
33.365516662597656
40.3623046875
40.80500793457031
28.23518180847168
33.65085220336914
28.591909408569336
28.36565399169922
40.92653274536133
35.85478973388672
45.605796813964844
24.115781784057617
26.147048950195312
30.52244758605957
37.55335235595703
32.64242172241211
40.77968215942383
32.358428955078125
35.509483337402344
31.666301727294922
36.91324996948242
40.65147399902344
31.39239501953125
35.67869567871094
27.963748931884766
30.126140594482422
38.24009704589844
18.4339599609375
12.291471481323242
18.90130615234375
20.707855224609375
22.238916397094727
12.238155364990234
12.709989547729492
20.321157455444336
17.38851547241211
14.6690673828125
9.66952896118164
21.350236892700195
16.75662612915039
22.308284759521484
23.594684600830078
16.579429626464844
14.46070671081543
18.93255615234375
15.749399185180664
21.387226104736328
21.33611297607422
13.08688735961914
19.330394744873047
15.325080871582031
12.331790924072266
19.89651870727539
18.506746292114258
18.36480712890625
18.139057159423828
17.729169845581055
13.252763748168945
19.025211334228516
22.858375549316406
18.262563705444336
13.059049606323242
15.340537071228027
11.932659149169922
21.043302536010742
14.17651653289795
13.7593412399292
24.020782470703125
18.217979431152344
19.917186737060547
11.144072532653809
11.320731163024902
20.370271682739258
15.475486755371094
15.072237968444824
15.448785781860352
18.391706466674805
36.294822692871094
43.91139221191406
42.143333435058594
53.587303161621094
37.33521270751953
46.526824951171875
53.493080139160156
38.76367950439453
31.943132400512695
53.113285064697266
47.02202606201172
36.24247360229492
29.367759704589844
28.536739349365234
38.94157028198242
36.957420349121094
35.9101676940918
41.86206817626953
52.843971252441406
46.32383728027344
34.12470245361328
39.74567413330078
29.350669860839844
46.664459228515625
51.31437683105469
34.876708984375
42.68229675292969
34.00238037109375
33.61066818237305
40.31825256347656
27.101701736450195
47.020477294921875
39.9870719909668
39.80374526977539
33.36758804321289
27.262237548828125
24.748886108398438
40.08054733276367
31.574317932128906
34.74687576293945
35.528594970703125
43.39856719970703
39.784759521484375
38.80681228637695
39.56229019165039
31.4830322265625
52.64114761352539
52.19782638549805
43.24213409423828
21.65363883972168
16.266441345214844
29.4913330078125
26.425153732299805
12.304681777954102
41.40668869018555
36.94776916503906
24.005586624145508
18.19466781616211
34.34016799926758
37.199851989746094
25.36152458190918
32.484046936035156
19.485027313232422
45.74683380126953
37.44898986816406
35.362281799316406
36.68190002441406
39.51164245605469
37.49297332763672
37.47274398803711
41.48997497558594
35.12290954589844
35.068565368652344
10.984542846679688
26.601242065429688
14.999811172485352
40.444602966308594
36.73530578613281
39.2642822265625
28.357494354248047
22.891624450683594
36.45124053955078
23.850757598876953
34.91803741455078
15.440204620361328
18.308982849121094
40.95899963378906
29.504648208618164
26.99853515625
38.05170440673828
28.799949645996094
34.963134765625
33.63557815551758
33.450714111328125
28.467361450195312
17.72736930847168
31.55278778076172
32.216697692871094
24.54606056213379
29.965259552001953
22.694927215576172
24.590808868408203
24.978858947753906
25.54690933227539
19.95998764038086
28.452531814575195
22.61237907409668
24.50920867919922
23.886581420898438
21.065841674804688
22.36919403076172
26.008541107177734
23.48882293701172
31.784015655517578
24.769264221191406
19.398468017578125
28.733970642089844
24.229717254638672
24.594470977783203
28.62347412109375
22.412704467773438
20.28815460205078
31.8765926361084
27.857933044433594
22.811779022216797
24.798049926757812
20.735363006591797
22.95169448852539
23.387489318847656
28.107162475585938
27.62622833251953
23.242572784423828
29.787317276000977
25.302358627319336
26.978940963745117
20.30376434326172
37.47441101074219
24.223827362060547
21.108638763427734
25.581432342529297
25.266281127929688
28.025346755981445
30.912216186523438
35.74578857421875
25.041465759277344
17.47441291809082
35.66080093383789
30.504087448120117
26.002689361572266
30.25235939025879
40.00030517578125
40.95519256591797
39.90520477294922
36.7177734375
41.195499420166016
42.315147399902344
41.550376892089844
37.76564407348633
36.33510208129883
38.001827239990234
37.60580825805664
34.760047912597656
37.8544807434082
39.60837173461914
43.384605407714844
41.10476303100586
34.48166275024414
40.092857360839844
41.25476837158203
35.10969924926758
35.16788101196289
32.44856262207031
38.16096115112305
38.379112243652344
35.69561004638672
40.49821090698242
28.84566879272461
40.07782745361328
36.35127258300781
42.57679748535156
33.146339416503906
37.67329406738281
40.92170715332031
35.323822021484375
35.862548828125
30.90009307861328
28.009136199951172
31.05672836303711
33.00974655151367
37.92338943481445
35.29399108886719
37.01834487915039
32.31527328491211
41.55522918701172
31.59705352783203
33.982749938964844
40.401153564453125
37.26152038574219
46.362457275390625
31.570777893066406
28.623498916625977
23.8087100982666
18.44685935974121
29.625614166259766
28.838109970092773
25.186328887939453
24.058940887451172
26.47488784790039
28.898902893066406
27.718976974487305
26.95404052734375
30.905895233154297
35.5466423034668
28.59801483154297
27.99716567993164
26.55373764038086
28.75420379638672
24.710779190063477
28.006248474121094
27.441158294677734
27.680879592895508
23.29346466064453
18.261444091796875
26.599584579467773
23.993690490722656
18.696409225463867
24.024742126464844
20.20665740966797
25.159900665283203
24.88234519958496
28.07351303100586
25.506755828857422
20.187721252441406
32.61270523071289
27.176799774169922
28.995723724365234
26.76317596435547
25.90111541748047
27.061086654663086
26.021276473999023
25.37186050415039
31.558534622192383
24.976184844970703
21.6168270111084
26.069326400756836
25.813817977905273
31.544469833374023
25.97644805908203
28.753684997558594
25.189897537231445
28.388145446777344
37.41408157348633
36.11723709106445
27.491474151611328
20.924427032470703
45.451602935791016
34.19558334350586
41.19187927246094
41.44915008544922
39.25624084472656
35.856544494628906
28.40158462524414
37.96357727050781
28.629512786865234
42.20909881591797
36.880611419677734
31.764301300048828
28.129322052001953
27.96265411376953
33.41325378417969
39.63357925415039
33.3712158203125
39.66761779785156
30.595882415771484
32.20916748046875
42.891082763671875
28.521560668945312
34.75170135498047
29.26050567626953
15.30281925201416
37.93794250488281
38.148834228515625
31.599300384521484
31.758304595947266
30.47709083557129
22.630409240722656
31.826202392578125
29.692771911621094
39.68832015991211
31.496776580810547
36.599266052246094
34.76297378540039
29.367923736572266
24.213905334472656
34.62751007080078
23.084686279296875
30.206796646118164
39.94195556640625
34.456092834472656
39.31984329223633
33.88806915283203
30.950504302978516
23.651470184326172
31.275636672973633
21.19189453125
30.43212127685547
28.683395385742188
37.61936950683594
35.522804260253906
24.958396911621094
32.545387268066406
37.32152557373047
29.63267707824707
23.758228302001953
27.71227264404297
32.403541564941406
30.753971099853516
34.4134521484375
30.863914489746094
36.03340148925781
26.509748458862305
36.54585647583008
28.987064361572266
27.215965270996094
31.366947174072266
33.46814727783203
34.49728012084961
35.48169708251953
25.8487491607666
33.72954177856445
29.831588745117188
31.774215698242188
25.368682861328125
27.29116439819336
28.403881072998047
35.25696563720703
28.961902618408203
35.11661148071289
29.31522560119629
26.6480655670166
28.09450340270996
34.534454345703125
34.354427337646484
26.999229431152344
33.434852600097656
30.83013153076172
37.39757537841797
32.755393981933594
27.173702239990234
37.723758697509766
27.007484436035156
34.064735412597656
26.28055763244629
24.070743560791016
39.26228332519531
22.411489486694336
32.440223693847656
28.746198654174805
22.28252410888672
31.02385711669922
23.98828887939453
33.69172668457031
31.148597717285156
20.447471618652344
26.799293518066406
30.87665367126465
28.40870475769043
23.77720069885254
23.70046615600586
25.652664184570312
30.647838592529297
31.803203582763672
28.927736282348633
32.48344802856445
30.122079849243164
21.00545883178711
34.393653869628906
18.647457122802734
20.36105728149414
29.38121223449707
28.248823165893555
33.777278900146484
30.527618408203125
22.176023483276367
22.632158279418945
36.43922805786133
27.914329528808594
30.53799057006836
24.778562545776367
23.843948364257812
21.52426528930664
26.04888916015625
30.76754379272461
26.62442398071289
39.061737060546875
25.291332244873047
26.894363403320312
22.082273483276367
21.004913330078125
26.70548439025879
22.592369079589844
25.352893829345703
32.782039642333984
24.92636489868164
30.468795776367188
22.463260650634766
30.681156158447266
22.65411949157715
25.397994995117188
28.64990234375
22.617773056030273
23.94569969177246
33.41455841064453
28.887588500976562
23.13132095336914
27.001873016357422
25.136104583740234
35.07038116455078
30.67546272277832
35.310935974121094
23.823640823364258
25.95210075378418
35.76496887207031
24.469356536865234
30.040767669677734
29.413490295410156
26.638797760009766
27.043439865112305
40.062103271484375
20.89103126525879
35.77869415283203
28.70380973815918
27.017921447753906
33.32466506958008
31.852991104125977
31.332042694091797
34.02679443359375
25.74618911743164
31.961597442626953
18.271005630493164
26.36940574645996
29.624679565429688
24.689117431640625
26.518516540527344
30.47475814819336
31.512197494506836
36.03841781616211
29.36904525756836
34.36946105957031
25.04192352294922
38.34600067138672
36.71875762939453
26.382617950439453
31.796199798583984
32.562225341796875
31.437026977539062
38.29834747314453
30.404911041259766
29.568342208862305
34.36292266845703
22.307222366333008
40.168495178222656
29.986526489257812
31.057594299316406
29.968257904052734
30.569307327270508
31.454309463500977
30.168550491333008
28.60679054260254
33.658531188964844
40.13431930541992
26.40639877319336
37.2989616394043
28.450695037841797
31.080894470214844
31.577486038208008
29.495380401611328
24.10835838317871
22.740154266357422
30.94906234741211
30.04462432861328
24.28270149230957
28.602394104003906
30.782814025878906
26.477867126464844
37.91966247558594
33.74211883544922
36.80799102783203
30.323148727416992
33.84175109863281
30.712696075439453
25.893150329589844
27.868858337402344
28.122299194335938
21.861934661865234
26.971176147460938
34.41310119628906
31.310543060302734
36.12040328979492
34.0782356262207
28.486982345581055
31.645593643188477
30.898643493652344
26.615983963012695
32.37377166748047
27.682308197021484
26.6278076171875
25.32157325744629
31.580787658691406
38.94607162475586
37.7823371887207
31.506732940673828
31.154373168945312
34.09310531616211
28.872779846191406
34.50260925292969
30.526695251464844
36.00264358520508
33.18810272216797
28.089553833007812
37.86032485961914
35.6276741027832
26.516199111938477
33.94392395019531
36.955909729003906
32.70167541503906
31.037927627563477
34.33985900878906
32.58422088623047
31.07320785522461
34.34149932861328
30.725173950195312
35.27815628051758
36.33675003051758
34.34303283691406
32.688507080078125
35.52262878417969
25.759822845458984
32.98917007446289
28.267026901245117
29.99124526977539
34.30925369262695
31.185556411743164
33.77303695678711
32.899574279785156
29.408775329589844
36.19538879394531
32.586849212646484
26.721866607666016
33.98157501220703
26.926820755004883
32.28146743774414
23.677955627441406
22.428451538085938
29.975671768188477
26.727174758911133
22.516719818115234
31.702022552490234
28.052024841308594
32.27580261230469
25.484474182128906
39.81591033935547
35.39237976074219
25.85725212097168
38.71002960205078
29.03788948059082
31.220266342163086
27.894954681396484
34.322998046875
32.2528076171875
31.160972595214844
31.925575256347656
32.60851287841797
32.953643798828125
31.00424575805664
33.79527282714844
33.15191650390625
32.03942108154297
40.267852783203125
34.11725616455078
31.504962921142578
32.587127685546875
44.15627670288086
30.072498321533203
22.084501266479492
29.966875076293945
27.625207901000977
36.762908935546875
30.945606231689453
22.564247131347656
30.112783432006836
31.982942581176758
30.079450607299805
31.1875
27.527555465698242
24.62506866455078
41.957786560058594
31.959455490112305
42.15314483642578
34.18280029296875
15.547744750976562
20.847679138183594
15.14736557006836
19.988906860351562
21.724956512451172
23.603389739990234
31.540077209472656
23.032875061035156
16.779850006103516
19.129491806030273
30.161685943603516
29.647018432617188
22.773189544677734
20.819766998291016
20.061080932617188
23.199508666992188
24.752471923828125
17.396419525146484
15.058831214904785
27.540958404541016
23.82993507385254
12.661275863647461
18.088382720947266
29.38483238220215
17.13968849182129
15.052528381347656
22.49593162536621
19.684833526611328
18.79681968688965
19.55108642578125
23.460411071777344
22.493892669677734
24.53900146484375
23.662364959716797
15.69947624206543
18.831722259521484
28.32994270324707
16.502199172973633
17.802082061767578
25.40081024169922
20.270185470581055
22.195240020751953
20.530349731445312
24.44554901123047
19.633995056152344
19.51807403564453
20.913366317749023
23.12604331970215
24.806812286376953
20.85321807861328
26.941835403442383
28.48637580871582
33.727989196777344
29.54435157775879
32.44489669799805
30.25759506225586
31.034961700439453
28.301860809326172
34.362308502197266
29.170303344726562
30.161109924316406
29.864601135253906
31.385173797607422
31.8392276763916
28.794658660888672
29.376697540283203
32.00258255004883
31.91246795654297
31.092864990234375
34.869140625
35.59138488769531
39.41911697387695
28.460018157958984
39.2066650390625
31.528217315673828
30.446308135986328
29.971332550048828
28.485897064208984
33.23065185546875
33.946800231933594
34.39978790283203
32.54964065551758
34.808990478515625
27.835124969482422
39.47016143798828
37.814510345458984
25.91681671142578
32.06703186035156
28.3938045501709
33.535072326660156
37.56163787841797
21.822437286376953
34.04450988769531
34.178062438964844
33.70402908325195
34.15686798095703
28.033021926879883
29.758502960205078
32.40329360961914
23.597820281982422
17.49176597595215
10.41568374633789
6.873824119567871
15.532329559326172
14.492345809936523
13.21515941619873
15.422239303588867
12.708758354187012
11.226327896118164
14.54304313659668
19.744346618652344
14.399397850036621
16.534988403320312
17.18133544921875
16.807231903076172
18.246280670166016
17.032955169677734
17.647987365722656
16.65365982055664
20.234142303466797
14.515007972717285
6.52554988861084
14.743738174438477
8.718547821044922
20.157184600830078
12.938066482543945
25.13037109375
15.944825172424316
15.488128662109375
16.360254287719727
14.491865158081055
10.971527099609375
16.982736587524414
10.706607818603516
21.04591941833496
9.999430656433105
11.080279350280762
19.983295440673828
13.196500778198242
11.026142120361328
15.543733596801758
11.218452453613281
14.7931489944458
12.647544860839844
18.158180236816406
14.017874717712402
18.78255844116211
17.714231491088867
10.49038314819336
16.759693145751953
31.125795364379883
22.869586944580078
24.611202239990234
27.90615463256836
27.10961151123047
18.75016212463379
31.644546508789062
20.28988265991211
24.7469539642334
22.200130462646484
24.31157112121582
31.769397735595703
27.53961944580078
26.825721740722656
31.587528228759766
20.489383697509766
22.841930389404297
20.0736083984375
23.265384674072266
23.74500274658203
25.395116806030273
15.529839515686035
30.731990814208984
28.934316635131836
29.47970199584961
29.71431541442871
30.274478912353516
33.60150146484375
22.4311580657959
26.487152099609375
34.69202423095703
24.590505599975586
23.287368774414062
20.658248901367188
25.277732849121094
31.24296760559082
23.532724380493164
21.356597900390625
32.337806701660156
24.65963363647461
31.595701217651367
32.584232330322266
30.234737396240234
24.026241302490234
25.221715927124023
27.79750633239746
38.17591094970703
32.54224395751953
29.767698287963867
26.25438117980957
44.23723602294922
39.92216491699219
27.825077056884766
33.166812896728516
30.17831802368164
26.793014526367188
32.799041748046875
26.911296844482422
25.530324935913086
30.567718505859375
34.311832427978516
24.903921127319336
31.137683868408203
25.60417938232422
27.371883392333984
30.627750396728516
35.3818244934082
39.05004119873047
25.015323638916016
28.29677963256836
33.252784729003906
39.76294708251953
27.600805282592773
27.8123779296875
34.39695739746094
32.9132194519043
32.823734283447266
36.055545806884766
27.330585479736328
35.22688674926758
31.34687042236328
26.179691314697266
26.795291900634766
34.020423889160156
26.460081100463867
35.19464874267578
35.83690643310547
37.84598922729492
35.142578125
33.467288970947266
32.28115463256836
26.709293365478516
30.613086700439453
27.123620986938477
37.40514373779297
32.58855438232422
39.22382354736328
38.12260055541992
23.49962615966797
42.096168518066406
34.593475341796875
31.007766723632812
28.73870849609375
34.02483367919922
30.99773406982422
30.18588638305664
30.57905387878418
26.464136123657227
28.60992431640625
27.94197654724121
30.699745178222656
26.12248992919922
29.056140899658203
34.17159652709961
25.5152587890625
27.531810760498047
26.698495864868164
24.43425178527832
31.041826248168945
29.577388763427734
34.54051208496094
30.61330223083496
25.139362335205078
33.764320373535156
25.231098175048828
31.773330688476562
30.87743377685547
24.76382064819336
33.918277740478516
27.322351455688477
31.562789916992188
24.189502716064453
32.31718444824219
31.473697662353516
22.90336036682129
29.103038787841797
33.5405158996582
25.137161254882812
34.32533645629883
29.147037506103516
27.459274291992188
36.05967330932617
25.39545440673828
26.79438018798828
34.53239059448242
26.763957977294922
30.538410186767578
33.69816589355469
24.292638778686523
29.500133514404297
34.02587890625
32.05715560913086
36.74444580078125
29.038894653320312
36.44920349121094
39.13587188720703
34.293521881103516
35.974388122558594
33.879669189453125
33.7882080078125
32.800045013427734
37.04212188720703
33.760498046875
39.34702682495117
35.42101287841797
31.000011444091797
34.014312744140625
37.80363464355469
24.13860321044922
26.651866912841797
41.989715576171875
33.46705627441406
43.97013854980469
26.264667510986328
27.904747009277344
31.512939453125
36.70930099487305
20.53813362121582
33.85608673095703
39.34238815307617
30.58639907836914
32.53642272949219
36.95378112792969
32.473243713378906
28.211254119873047
40.474021911621094
30.926843643188477
31.241683959960938
24.738998413085938
35.82044982910156
34.33477783203125
35.421905517578125
30.413904190063477
31.039443969726562
29.497665405273438
30.563705444335938
36.132781982421875
40.350746154785156
34.31574630737305
34.10336685180664
36.390380859375
36.20530700683594
27.962356567382812
28.459999084472656
35.09899139404297
26.588943481445312
30.755767822265625
31.149070739746094
30.925342559814453
29.747541427612305
31.50643539428711
30.79952621459961
26.402862548828125
33.96856689453125
28.24954605102539
25.865829467773438
35.89594650268555
29.191104888916016
26.210350036621094
24.79130744934082
24.958045959472656
33.92900848388672
38.520084381103516
21.746849060058594
29.775470733642578
28.73567008972168
32.50354766845703
28.207073211669922
31.822566986083984
27.318937301635742
21.251567840576172
30.594932556152344
23.634870529174805
29.688949584960938
25.15239715576172
28.858007431030273
31.40265655517578
21.551677703857422
24.48800277709961
26.46523666381836
32.2442626953125
29.54958724975586
30.069957733154297
27.891658782958984
25.687097549438477
32.278297424316406
38.86370849609375
32.28387451171875
21.777488708496094
26.942567825317383
39.1192626953125
32.35749053955078
41.70343780517578
40.4377555847168
44.20391845703125
23.83060073852539
39.628143310546875
38.94828796386719
20.894245147705078
41.39599609375
34.24984359741211
32.93110275268555
27.847816467285156
27.281644821166992
29.602109909057617
18.194473266601562
38.90006637573242
25.75275421142578
30.682876586914062
29.683513641357422
31.521663665771484
36.28141784667969
46.199249267578125
27.453628540039062
32.6439208984375
21.253908157348633
30.148448944091797
30.182743072509766
38.94263458251953
40.00895309448242
29.38291358947754
40.845550537109375
35.94009017944336
22.321582794189453
34.14828109741211
26.656946182250977
28.30769920349121
39.091575622558594
30.05769157409668
37.849037170410156
48.0665283203125
36.98358917236328
32.131317138671875
40.96654510498047
33.35466766357422
22.724143981933594
27.410747528076172
24.337602615356445
47.31892395019531
25.269651412963867
30.547718048095703
32.48023986816406
28.959407806396484
29.918394088745117
30.161766052246094
25.98031997680664
23.871553421020508
27.980762481689453
33.424095153808594
20.482295989990234
26.3333740234375
29.140907287597656
21.29449462890625
30.917062759399414
31.453401565551758
22.538284301757812
29.18288803100586
29.648693084716797
28.031890869140625
22.452152252197266
31.017845153808594
30.80544662475586
27.803287506103516
32.37165832519531
31.171485900878906
34.684974670410156
25.753131866455078
29.67706298828125
24.866127014160156
31.83084487915039
22.224117279052734
43.033905029296875
27.676759719848633
27.14723014831543
20.889507293701172
26.544178009033203
30.007015228271484
27.501619338989258
25.07874870300293
26.080116271972656
34.453636169433594
23.74483299255371
23.0456485748291
30.19591522216797
30.48990249633789
31.423128128051758
25.146114349365234
18.957469940185547
31.92399024963379
34.37986755371094
43.74403762817383
43.45326232910156
40.49906921386719
36.09742736816406
27.882156372070312
43.940277099609375
44.70476150512695
40.36613464355469
35.8283805847168
35.07563018798828
35.29267883300781
41.81694793701172
34.83122634887695
34.96343231201172
33.9468994140625
32.36488723754883
36.14784240722656
34.005332946777344
39.50029373168945
32.65526580810547
38.8297119140625
39.0704345703125
38.46477508544922
48.409141540527344
44.28473663330078
38.21013641357422
39.836097717285156
39.62675476074219
41.114990234375
33.56534957885742
26.414440155029297
33.08432388305664
32.75884246826172
47.19969177246094
34.849754333496094
40.41375732421875
31.211008071899414
39.048683166503906
28.08307647705078
41.88572692871094
32.614105224609375
33.65216064453125
35.68027877807617
29.529865264892578
41.222206115722656
28.619430541992188
32.93581771850586
39.39317321777344
33.55059051513672
46.397315979003906
42.60324478149414
28.851551055908203
30.861196517944336
26.193132400512695
25.427709579467773
21.594722747802734
40.513221740722656
31.55834197998047
31.97711944580078
41.26201248168945
33.37077331542969
24.212614059448242
36.476234436035156
39.48711013793945
24.949539184570312
31.918128967285156
17.591941833496094
21.97878646850586
32.252716064453125
41.714359283447266
39.81395721435547
35.30165481567383
25.481510162353516
30.921001434326172
45.41543960571289
28.042705535888672
25.549457550048828
35.85049819946289
32.32917785644531
30.24030303955078
40.04799270629883
36.815948486328125
23.502029418945312
42.95088195800781
33.842018127441406
43.29538345336914
35.97502136230469
28.694965362548828
19.190107345581055
30.8681640625
35.08809280395508
27.611976623535156
29.42507553100586
27.33995819091797
26.04483985900879
23.31200408935547
39.40357971191406
43.05765914916992
25.84899139404297
36.537391662597656
18.407400131225586
29.776588439941406
21.387004852294922
28.378093719482422
23.372507095336914
27.91403579711914
17.737483978271484
21.866985321044922
24.281713485717773
27.747522354125977
27.363750457763672
22.52737045288086
30.322551727294922
13.207630157470703
23.0908203125
20.930191040039062
24.271991729736328
22.017475128173828
32.56718444824219
20.17798614501953
21.789825439453125
31.976240158081055
26.698644638061523
21.240314483642578
26.778076171875
25.284648895263672
22.102441787719727
23.99089241027832
27.18818473815918
25.306751251220703
19.703907012939453
25.219985961914062
20.404577255249023
16.57609748840332
25.379384994506836
25.033597946166992
24.282899856567383
21.92316436767578
21.869060516357422
26.581985473632812
21.34029769897461
25.64962387084961
23.831605911254883
28.301082611083984
22.59693145751953
21.652996063232422
21.88803482055664
32.01640319824219
22.520938873291016
28.45309829711914
19.916847229003906
18.723594665527344
22.022159576416016
20.666587829589844
23.422481536865234
21.65208625793457
24.92233657836914
16.703895568847656
25.025840759277344
21.446453094482422
14.738167762756348
16.341466903686523
18.99984359741211
14.949792861938477
24.488059997558594
19.16574478149414
18.707719802856445
22.835838317871094
25.06386947631836
20.681398391723633
21.120180130004883
16.701032638549805
23.325103759765625
12.153223991394043
28.84239959716797
22.17717742919922
19.11224937438965
20.62779426574707
27.69530487060547
18.801034927368164
28.61559295654297
25.402889251708984
21.565542221069336
26.427318572998047
27.18702507019043
18.04132080078125
16.333362579345703
16.377290725708008
15.342535972595215
17.671926498413086
20.680461883544922
20.63703727722168
21.334705352783203
17.629497528076172
22.578449249267578
26.29828643798828
19.992406845092773
22.622386932373047
22.652862548828125
23.400840759277344
25.646385192871094
15.839173316955566
25.010847091674805
23.562801361083984
30.68051528930664
25.117605209350586
20.044126510620117
14.901464462280273
27.783878326416016
25.029409408569336
15.786897659301758
25.208171844482422
25.322107315063477
32.20051956176758
23.00705909729004
24.71746063232422
21.655399322509766
30.57724380493164
22.671171188354492
25.054832458496094
30.829551696777344
26.60166358947754
25.388694763183594
22.376663208007812
27.914382934570312
26.481403350830078
19.50376319885254
31.607830047607422
27.16549301147461
24.004138946533203
26.382701873779297
24.707683563232422
28.765151977539062
25.28447723388672
18.05197525024414
24.361175537109375
24.62358856201172
23.430744171142578
26.17491912841797
29.425140380859375
27.418004989624023
30.063243865966797
21.92711639404297
30.280717849731445
19.470109939575195
18.66990089416504
15.636563301086426
28.03189468383789
29.607654571533203
31.239532470703125
28.16851806640625
26.6214542388916
27.139781951904297
24.698074340820312
26.662803649902344
28.18872833251953
31.844064712524414
27.180374145507812
37.050167083740234
27.552444458007812
30.529510498046875
33.66088104248047
30.849342346191406
27.11011505126953
33.17264175415039
20.879497528076172
25.571704864501953
21.044565200805664
30.80719757080078
25.827411651611328
30.701812744140625
35.168060302734375
33.85689926147461
30.762815475463867
25.543140411376953
23.678985595703125
22.379528045654297
30.616317749023438
26.530086517333984
33.08412170410156
29.545978546142578
35.04035186767578
35.990211486816406
25.849037170410156
32.72727966308594
24.28632926940918
22.630855560302734
38.49359130859375
35.247684478759766
41.02384567260742
28.283058166503906
29.765491485595703
26.638206481933594
24.651588439941406
23.507633209228516
29.326351165771484
26.411426544189453
22.448974609375
35.955055236816406
25.426532745361328
29.20985984802246
22.975542068481445
29.305503845214844
26.793638229370117
29.835750579833984
31.439573287963867
27.845867156982422
21.94894027709961
28.377971649169922
32.72466278076172
28.99736785888672
22.113283157348633
26.830360412597656
25.72919273376465
25.579307556152344
27.811290740966797
32.55992126464844
24.962745666503906
20.446565628051758
24.727025985717773
25.490188598632812
39.244178771972656
23.216535568237305
24.63646125793457
24.909160614013672
25.253076553344727
26.42186737060547
25.253597259521484
25.47929573059082
27.14769744873047
24.16602325439453
33.61277389526367
20.966968536376953
29.72903823852539
25.76803970336914
29.948896408081055
27.237377166748047
30.96744728088379
33.561927795410156
24.854557037353516
26.18408966064453
22.85787582397461
24.33130645751953
25.009593963623047
35.30854034423828
33.99484634399414
20.429542541503906
24.490842819213867
35.01658630371094
33.38773727416992
25.144561767578125
16.092445373535156
16.974233627319336
27.937467575073242
17.998607635498047
20.679309844970703
18.19189453125
26.706748962402344
20.555858612060547
20.335474014282227
24.050518035888672
26.593948364257812
18.251184463500977
19.389263153076172
25.367774963378906
22.913211822509766
24.67721176147461
17.164752960205078
23.973751068115234
20.692312240600586
25.13957977294922
20.88442039489746
28.980533599853516
25.286916732788086
26.500446319580078
17.468643188476562
26.5124568939209
21.14169692993164
24.376602172851562
27.872787475585938
28.614295959472656
30.180057525634766
22.920215606689453
30.11216926574707
13.117929458618164
29.204307556152344
22.941747665405273
20.964397430419922
21.683351516723633
31.37809181213379
17.533313751220703
27.657772064208984
27.41020965576172
16.50692367553711
23.71195411682129
27.057056427001953
23.19525909423828
18.584569931030273
18.665729522705078
19.47116470336914
