1340.0
550.0
475.0
600.0
605.0
1185.0
725.0
1585.0
520.0
1235.0
1330.0
570.0
1955.0
1340.0
755.0
600.0
1110.0
1385.0
650.0
1230.0
830.0
605.0
1380.0
1315.0
540.0
1205.0
520.0
575.0
1195.0
930.0
675.0
460.0
1530.0
460.0
1510.0
1020.0
1100.0
450.0
530.0
780.0
1185.0
510.0
575.0
1200.0
1390.0
1280.0
1920.0
1155.0
600.0
515.0
680.0
800.0
575.0
365.0
1215.0
745.0
555.0
1340.0
1025.0
1175.0
575.0
405.0
570.0
720.0
775.0
780.0
800.0
1385.0
1195.0
465.0
1605.0
1350.0
1035.0
945.0
2845.0
570.0
475.0
520.0
1385.0
555.0
1385.0
1185.0
555.0
525.0
1150.0
805.0
670.0
485.0
1360.0
1630.0
545.0
1130.0
660.0
745.0
505.0
560.0
580.0
1205.0
1200.0
800.0
