15.195134162902832
14.487732887268066
14.23551082611084
10.879554748535156
19.727670669555664
16.908153533935547
18.81629753112793
18.295190811157227
10.346981048583984
17.425689697265625
17.912792205810547
10.953601837158203
13.864166259765625
18.5740966796875
12.615571975708008
12.1428861618042
14.651618957519531
13.758855819702148
16.726184844970703
8.35995101928711
15.816544532775879
17.693557739257812
11.748754501342773
10.767009735107422
17.210468292236328
18.645320892333984
17.658571243286133
17.173748016357422
11.456369400024414
15.318273544311523
12.815048217773438
15.745817184448242
16.031492233276367
19.819061279296875
16.768798828125
13.742873191833496
13.358613967895508
16.383861541748047
15.362337112426758
13.689410209655762
14.969836235046387
16.907344818115234
10.630378723144531
18.256425857543945
17.926422119140625
22.548721313476562
10.898688316345215
15.93828010559082
17.081310272216797
14.13066291809082
29.171550750732422
34.20631408691406
40.50504684448242
27.358043670654297
32.31884765625
29.21025848388672
26.789396286010742
44.887271881103516
38.826656341552734
28.243520736694336
38.778526306152344
42.41453170776367
36.352088928222656
35.095130920410156
38.64963150024414
34.14641571044922
34.50099563598633
34.22950744628906
44.10532760620117
35.06892395019531
41.2474365234375
35.362247467041016
34.55447769165039
37.97466278076172
37.31296157836914
33.21900939941406
31.122404098510742
37.81261444091797
24.831432342529297
34.211952209472656
37.175785064697266
30.416275024414062
35.28998947143555
27.04279327392578
31.96332550048828
27.502845764160156
36.35083770751953
38.830535888671875
40.770721435546875
34.870994567871094
36.84184646606445
34.71836471557617
33.444210052490234
25.641143798828125
41.039710998535156
37.946556091308594
34.992034912109375
29.41864585876465
29.119606018066406
25.464519500732422
42.38040542602539
56.941078186035156
30.87177276611328
36.77732467651367
41.31108856201172
49.42989730834961
38.21514129638672
35.78643035888672
44.94746780395508
42.76099395751953
46.0299186706543
40.561302185058594
33.658721923828125
19.317270278930664
47.99945831298828
32.76256561279297
37.78329849243164
46.57855224609375
35.75514221191406
45.099220275878906
33.84730529785156
44.00897979736328
34.05302429199219
27.219364166259766
38.44306182861328
35.29615783691406
33.27326202392578
48.11911392211914
38.09587860107422
30.227630615234375
32.29003143310547
46.23442840576172
46.475502014160156
47.77574920654297
30.031326293945312
41.095672607421875
29.765872955322266
30.500736236572266
47.1807861328125
42.61748504638672
28.5762939453125
34.219970703125
41.727806091308594
49.226707458496094
46.42382049560547
37.3241081237793
24.59970474243164
39.38469314575195
52.559539794921875
33.188419342041016
6.543997764587402
8.747403144836426
9.377742767333984
9.706136703491211
3.96303129196167
3.7828564643859863
9.573392868041992
11.084089279174805
5.641928672790527
12.269140243530273
9.640911102294922
8.351558685302734
7.704598903656006
2.0372610092163086
11.874837875366211
13.753973007202148
7.0647687911987305
8.238164901733398
11.353781700134277
7.6737823486328125
8.201120376586914
9.353424072265625
5.308785438537598
11.080975532531738
6.618833541870117
8.025075912475586
10.360212326049805
10.311365127563477
11.439998626708984
8.707804679870605
6.751789569854736
9.711881637573242
3.300602436065674
9.319381713867188
8.796378135681152
8.46103572845459
13.527239799499512
10.55555534362793
8.892632484436035
7.663551330566406
5.037280082702637
5.769558906555176
5.9981689453125
7.559958457946777
9.13801383972168
10.682245254516602
9.459053039550781
11.752479553222656
7.672089576721191
10.743345260620117
26.877471923828125
20.58466339111328
29.166610717773438
24.573659896850586
28.052961349487305
25.579063415527344
23.544273376464844
25.213970184326172
28.519493103027344
30.194366455078125
32.6362190246582
28.700565338134766
31.698089599609375
30.517780303955078
22.33279037475586
21.864320755004883
31.38111114501953
30.27365493774414
33.74418640136719
29.258989334106445
31.156770706176758
29.497777938842773
31.283180236816406
27.60055160522461
26.738330841064453
31.41411781311035
25.36121368408203
24.808917999267578
31.78694725036621
29.545820236206055
20.9923095703125
25.38922119140625
31.463451385498047
22.253952026367188
30.975223541259766
28.30569076538086
33.421756744384766
35.15180969238281
34.62667465209961
25.829160690307617
21.894332885742188
22.97772216796875
32.399169921875
27.06794548034668
27.722759246826172
23.917442321777344
34.07228088378906
34.522178649902344
29.35439682006836
28.489748001098633
24.532596588134766
27.067840576171875
29.544353485107422
34.748695373535156
33.90626525878906
32.92534637451172
34.160614013671875
22.269248962402344
26.153093338012695
29.253917694091797
27.005882263183594
34.36842727661133
27.976600646972656
28.86515998840332
34.318328857421875
32.2468147277832
26.516742706298828
28.936077117919922
34.046142578125
26.170509338378906
28.957172393798828
28.79940414428711
23.994190216064453
25.779876708984375
24.332412719726562
27.86575698852539
24.91612434387207
33.13722229003906
27.088558197021484
26.258094787597656
22.11121368408203
29.938438415527344
26.401424407958984
28.047264099121094
23.557472229003906
26.30998992919922
32.02457809448242
31.858722686767578
27.757890701293945
30.69347381591797
29.416385650634766
22.5378360748291
32.966304779052734
34.05014419555664
25.628887176513672
22.37932586669922
22.379650115966797
33.863494873046875
25.905986785888672
31.155590057373047
8.123154640197754
18.560298919677734
12.567935943603516
19.097057342529297
14.651436805725098
17.885143280029297
13.963590621948242
14.38668441772461
19.536399841308594
9.905098915100098
11.353199005126953
15.025751113891602
19.918746948242188
16.995643615722656
8.29514217376709
12.73298168182373
15.124565124511719
15.301589965820312
13.016036987304688
14.601667404174805
13.732206344604492
13.670194625854492
14.819056510925293
11.978742599487305
11.45789623260498
10.952032089233398
12.319658279418945
12.52482795715332
12.981143951416016
12.34638786315918
13.433568000793457
17.706680297851562
18.34994888305664
11.789073944091797
14.207222938537598
12.201391220092773
13.037735939025879
16.3850154876709
20.101110458374023
12.343788146972656
13.010406494140625
10.532012939453125
10.274689674377441
17.76841926574707
15.265449523925781
13.39351749420166
17.67181968688965
16.322729110717773
13.234404563903809
12.936569213867188
31.202316284179688
31.563148498535156
28.127458572387695
27.200450897216797
30.898229598999023
33.61909103393555
36.10993957519531
34.51234436035156
38.16026306152344
30.711708068847656
27.9024658203125
33.24986267089844
37.39576721191406
32.695369720458984
33.550575256347656
30.070728302001953
29.63692855834961
32.24700927734375
25.034244537353516
36.95851135253906
26.716388702392578
31.69684410095215
32.81957244873047
20.34734344482422
34.30049133300781
34.00336456298828
39.87245559692383
29.982017517089844
28.46539306640625
30.950897216796875
32.504188537597656
23.919780731201172
34.4935302734375
35.42144775390625
29.23351287841797
34.883583068847656
33.89039993286133
39.60207748413086
32.68182373046875
25.416484832763672
28.644119262695312
33.5252571105957
30.762439727783203
25.23236846923828
38.85356140136719
27.591543197631836
27.43899154663086
31.756725311279297
29.38928985595703
33.96757888793945
33.013999938964844
33.33790969848633
41.47797393798828
33.91063690185547
38.495845794677734
35.195587158203125
46.570106506347656
35.80738830566406
38.80394744873047
41.28986358642578
33.48320007324219
40.30364227294922
37.89855194091797
38.14219284057617
34.545352935791016
29.62235450744629
43.415916442871094
43.10072326660156
32.05347442626953
37.447853088378906
37.93478012084961
33.198001861572266
33.505592346191406
34.991615295410156
27.62409782409668
41.33564758300781
36.655303955078125
37.04457092285156
42.23453903198242
34.22099304199219
32.48249435424805
28.60161590576172
35.318382263183594
37.190486907958984
37.23761749267578
31.79924201965332
42.23436737060547
33.21063232421875
39.430824279785156
31.26856231689453
45.74165725708008
31.53050994873047
39.9298095703125
37.69853973388672
31.29990005493164
36.604209899902344
35.210391998291016
47.38603210449219
32.56217956542969
41.036529541015625
15.154561042785645
30.752483367919922
28.966001510620117
29.21099853515625
26.103004455566406
29.85250473022461
27.528961181640625
18.878108978271484
25.266908645629883
22.7642822265625
26.015464782714844
29.755613327026367
22.400146484375
18.594545364379883
18.846893310546875
23.464221954345703
21.7698974609375
19.933746337890625
23.01910400390625
23.551467895507812
25.301877975463867
22.58966064453125
24.396942138671875
26.834457397460938
24.00384521484375
18.482938766479492
25.347042083740234
24.88338851928711
17.71009063720703
22.574317932128906
27.057838439941406
18.112144470214844
29.616804122924805
26.74057960510254
23.37100601196289
16.120269775390625
19.04073143005371
25.57433319091797
26.80078125
20.148860931396484
24.752277374267578
17.859886169433594
24.452529907226562
26.17218017578125
31.03146743774414
22.10124969482422
25.677520751953125
23.087482452392578
21.75897216796875
21.74120330810547
17.67226791381836
13.593984603881836
20.61033821105957
17.493206024169922
17.66596221923828
21.033302307128906
18.721614837646484
19.375839233398438
21.540666580200195
11.718805313110352
17.10088348388672
14.849043846130371
21.1121826171875
17.350059509277344
15.147712707519531
13.96666431427002
12.775278091430664
17.072738647460938
20.05219268798828
18.3404483795166
19.56031036376953
10.87839412689209
14.925670623779297
13.429910659790039
18.902080535888672
18.165260314941406
19.87751007080078
16.44589614868164
14.995054244995117
17.05016326904297
11.753389358520508
18.533212661743164
17.492511749267578
14.87777328491211
21.613096237182617
14.32609748840332
13.121580123901367
25.15435218811035
13.200017929077148
25.52353286743164
15.47039794921875
20.30779457092285
24.1621150970459
21.521215438842773
16.06508445739746
12.687538146972656
16.84136199951172
16.846237182617188
9.732766151428223
12.146726608276367
35.06610870361328
42.368614196777344
29.71629524230957
26.135478973388672
18.580123901367188
25.266530990600586
23.583908081054688
24.74917221069336
32.24686050415039
29.06964111328125
27.79415512084961
34.56243896484375
25.670734405517578
29.092357635498047
33.06803894042969
29.0408935546875
32.777313232421875
24.516597747802734
29.184307098388672
28.728618621826172
21.483308792114258
26.72081756591797
33.828216552734375
34.82969284057617
30.86803436279297
22.50002098083496
33.30934143066406
31.927810668945312
30.393795013427734
29.718486785888672
29.113956451416016
32.65681076049805
32.175872802734375
26.501789093017578
24.801753997802734
23.296489715576172
29.704498291015625
32.3726692199707
25.792404174804688
35.86460876464844
22.224449157714844
26.554386138916016
30.54611587524414
32.54826354980469
38.936302185058594
30.565074920654297
26.308792114257812
37.67341613769531
33.109825134277344
27.093624114990234
23.957605361938477
37.16028594970703
28.55286407470703
23.028060913085938
28.609020233154297
25.784156799316406
27.915977478027344
34.007911682128906
26.697118759155273
28.64080810546875
29.164928436279297
32.87158203125
28.263486862182617
31.824779510498047
19.2762393951416
23.54265022277832
26.51753044128418
22.28166961669922
30.135440826416016
30.442081451416016
31.335506439208984
32.64813232421875
30.437522888183594
30.60641860961914
24.63451385498047
22.194942474365234
32.356468200683594
29.403112411499023
27.23035430908203
21.452011108398438
31.28160858154297
27.75839614868164
32.54741668701172
27.47187614440918
30.922443389892578
32.982086181640625
31.791154861450195
27.576072692871094
30.309534072875977
30.573957443237305
25.67144775390625
32.340667724609375
34.77653503417969
21.36098861694336
24.781848907470703
28.11697006225586
26.558448791503906
19.23143768310547
24.304481506347656
32.41996765136719
34.81536102294922
23.07434844970703
26.39560317993164
23.467498779296875
31.452167510986328
30.581430435180664
26.9447078704834
31.886035919189453
19.953338623046875
29.75087547302246
35.53725814819336
28.22258758544922
24.74569320678711
33.68070983886719
31.350753784179688
30.21567153930664
24.74372673034668
34.350006103515625
33.074790954589844
35.4747200012207
27.468759536743164
27.55384063720703
27.905010223388672
22.555585861206055
24.423179626464844
37.4532585144043
24.67441177368164
28.18463134765625
29.98265266418457
31.84988784790039
22.875423431396484
26.9759521484375
32.460784912109375
26.01888656616211
41.58433532714844
34.23690414428711
29.73025131225586
27.14898109436035
29.438846588134766
33.08730697631836
32.83538818359375
28.789457321166992
26.057600021362305
30.064132690429688
30.657634735107422
27.064403533935547
27.271865844726562
34.256187438964844
27.823501586914062
35.94976043701172
36.902488708496094
32.802947998046875
26.942750930786133
36.18421936035156
36.081485748291016
35.891273498535156
31.73680305480957
48.440155029296875
42.15399169921875
37.96611785888672
33.300228118896484
26.413368225097656
34.945430755615234
30.764419555664062
29.93076515197754
28.672670364379883
37.11191940307617
43.12798309326172
41.702239990234375
41.68088150024414
36.02017593383789
25.39278793334961
35.14348220825195
44.7383918762207
34.67559814453125
35.19331359863281
34.26621627807617
44.66693878173828
29.181547164916992
44.835350036621094
38.461570739746094
31.89300537109375
31.49676513671875
39.60005569458008
41.20252990722656
33.12126922607422
32.650054931640625
33.111507415771484
34.05009460449219
34.07130432128906
41.28330993652344
44.151039123535156
36.82246017456055
27.671640396118164
31.65928077697754
36.58690643310547
26.661029815673828
33.9702033996582
26.414569854736328
35.017189025878906
35.113407135009766
36.736385345458984
34.096351623535156
33.734718322753906
39.566043853759766
33.82379913330078
34.72196960449219
29.690519332885742
24.417387008666992
34.65618133544922
36.569610595703125
41.723236083984375
37.39826965332031
31.09714698791504
37.04685974121094
31.832645416259766
30.59548568725586
27.075946807861328
32.78192901611328
25.638275146484375
35.4247932434082
32.084869384765625
28.371662139892578
23.17871856689453
30.73459815979004
30.62082290649414
40.84589385986328
30.03418731689453
22.640344619750977
37.78868103027344
26.82930564880371
41.69466781616211
38.21211624145508
33.111717224121094
43.196739196777344
26.00412940979004
37.11304473876953
40.13644790649414
35.59619140625
32.58793640136719
36.999698638916016
33.124977111816406
31.323942184448242
34.46530532836914
31.663747787475586
40.91669464111328
26.83856964111328
39.85697555541992
43.66323471069336
33.45392990112305
23.440753936767578
20.424909591674805
22.98228645324707
23.513622283935547
24.68129539489746
23.08738899230957
21.293790817260742
19.58230209350586
22.960678100585938
23.941492080688477
21.524812698364258
26.570926666259766
29.240076065063477
21.056764602661133
23.522014617919922
22.69394874572754
25.183700561523438
25.85721206665039
24.866933822631836
29.316925048828125
22.972524642944336
17.95470428466797
25.40726089477539
18.406112670898438
29.510271072387695
25.513267517089844
29.00364112854004
20.83515167236328
26.052656173706055
26.091819763183594
29.034852981567383
21.09026336669922
32.32384490966797
27.8240966796875
31.103816986083984
20.17167091369629
30.537397384643555
21.984041213989258
29.442668914794922
28.58721160888672
26.28237533569336
26.217248916625977
27.102449417114258
27.574382781982422
21.185287475585938
24.028295516967773
21.086139678955078
17.965227127075195
22.92432403564453
27.359405517578125
10.241766929626465
9.260833740234375
8.008429527282715
10.69800853729248
6.7472333908081055
8.755350112915039
9.795907020568848
12.170886993408203
7.854219436645508
9.108453750610352
11.370098114013672
9.879095077514648
6.243858337402344
11.827306747436523
11.01479721069336
7.8585734367370605
4.886009216308594
11.773303985595703
6.316924095153809
5.128067970275879
10.173181533813477
8.34022331237793
6.391455173492432
8.667757034301758
6.3732452392578125
6.592705726623535
10.884940147399902
6.363354206085205
4.869579792022705
10.081032752990723
12.02193832397461
9.773344039916992
8.52570629119873
6.900019645690918
5.637584686279297
5.956205368041992
8.465631484985352
13.690713882446289
5.478916645050049
10.729061126708984
7.215954780578613
2.717618703842163
8.342219352722168
11.053089141845703
9.407567977905273
11.002511024475098
6.949909687042236
8.547292709350586
10.34150218963623
9.35488224029541
38.859310150146484
25.880178451538086
31.955997467041016
30.667688369750977
27.35708999633789
25.407367706298828
38.47271728515625
25.517810821533203
35.36954116821289
33.46500015258789
24.774518966674805
29.049945831298828
33.23606491088867
20.832441329956055
33.4493408203125
33.46428680419922
28.932836532592773
35.12955093383789
38.33484649658203
24.008716583251953
27.878711700439453
27.983911514282227
40.2697639465332
31.37390899658203
22.34572410583496
35.208831787109375
34.95751190185547
29.29534339904785
20.431928634643555
21.211082458496094
38.39960479736328
26.380237579345703
30.679000854492188
34.07919692993164
34.03741455078125
33.99542236328125
36.971885681152344
34.498233795166016
26.653146743774414
34.0714111328125
37.11284637451172
35.754825592041016
25.406169891357422
37.23894119262695
23.673385620117188
32.907649993896484
35.21946334838867
36.07432556152344
35.61896514892578
26.142061233520508
27.406709671020508
18.3219051361084
20.21782875061035
19.293033599853516
21.637271881103516
18.638580322265625
23.550785064697266
18.779510498046875
22.845073699951172
15.875357627868652
13.874183654785156
18.98564338684082
24.16266632080078
15.340666770935059
23.851194381713867
16.947067260742188
22.18142318725586
17.858165740966797
24.523197174072266
28.59096908569336
20.62186050415039
27.801406860351562
25.36919593811035
16.865524291992188
17.683273315429688
22.977684020996094
17.629653930664062
23.407821655273438
24.06869888305664
29.170909881591797
20.401348114013672
18.98249053955078
19.86695098876953
17.18212890625
23.381282806396484
15.39399242401123
29.962461471557617
20.538286209106445
16.574874877929688
18.903268814086914
16.585708618164062
21.47406768798828
27.8901424407959
18.971168518066406
23.083473205566406
15.66717529296875
16.378421783447266
18.223201751708984
20.78038787841797
16.678905487060547
41.16288757324219
33.42572021484375
35.34861373901367
39.98904800415039
34.56565856933594
33.15663528442383
40.011070251464844
38.806854248046875
42.68254089355469
34.32716369628906
50.193336486816406
36.73887634277344
43.7325325012207
44.22986602783203
37.062889099121094
35.78763198852539
36.10595703125
43.867549896240234
42.50038528442383
35.21969223022461
43.32109069824219
21.723613739013672
34.55354309082031
36.84853744506836
23.814579010009766
36.96086883544922
26.873329162597656
33.224246978759766
42.264835357666016
41.828826904296875
42.16010284423828
43.8800048828125
36.075096130371094
33.9616584777832
40.11717224121094
39.059898376464844
37.26950454711914
46.35924530029297
32.46100997924805
33.15776824951172
40.05051040649414
33.810142517089844
29.34450912475586
35.87400817871094
43.329498291015625
36.58653259277344
44.826255798339844
34.30725860595703
35.359031677246094
38.460174560546875
30.891284942626953
37.051334381103516
42.537513732910156
41.589332580566406
41.284664154052734
50.01508331298828
40.707611083984375
35.070823669433594
40.31862258911133
46.77996063232422
40.487281799316406
44.55097198486328
40.118995666503906
38.691707611083984
44.208770751953125
35.468143463134766
42.534000396728516
43.976593017578125
34.31194305419922
35.571144104003906
44.65175247192383
48.29426574707031
32.169342041015625
39.40636444091797
35.45855712890625
47.45372772216797
30.514694213867188
34.50199508666992
32.56831359863281
36.01459884643555
40.715240478515625
37.970680236816406
31.082927703857422
36.16690444946289
46.388954162597656
27.773941040039062
36.25611877441406
40.577850341796875
46.51018524169922
36.709110260009766
35.91041946411133
39.8331298828125
35.15003204345703
34.236473083496094
38.87027359008789
32.329551696777344
40.10982894897461
35.31264114379883
40.72737121582031
45.195701599121094
35.9801139831543
29.687171936035156
32.88310241699219
43.648902893066406
35.871055603027344
28.968074798583984
35.60943603515625
32.220497131347656
31.13332176208496
34.37651062011719
35.424644470214844
36.84104919433594
35.90120315551758
29.373767852783203
26.04133415222168
45.12787628173828
34.98320007324219
35.24831008911133
35.17237091064453
32.46003341674805
30.100175857543945
27.975540161132812
33.252098083496094
39.600772857666016
36.049922943115234
24.27765655517578
36.171348571777344
33.61872863769531
37.07169723510742
44.296661376953125
27.06515121459961
41.98194122314453
36.15386199951172
41.631622314453125
29.419662475585938
38.30786895751953
31.77463722229004
38.25642013549805
40.83704376220703
40.48122024536133
35.88290023803711
41.391048431396484
36.966453552246094
29.91756820678711
38.91313934326172
26.845645904541016
38.64406967163086
27.595542907714844
34.239288330078125
30.788280487060547
17.233863830566406
22.958908081054688
21.965883255004883
26.808218002319336
24.9404296875
21.714889526367188
20.66973114013672
17.46588134765625
20.551918029785156
21.29305076599121
19.4079532623291
20.03107261657715
21.460819244384766
19.96087646484375
20.27268409729004
21.39434814453125
15.856602668762207
24.966686248779297
18.211835861206055
26.032119750976562
26.54136848449707
21.540374755859375
16.215473175048828
18.791399002075195
19.693275451660156
15.15682601928711
22.191038131713867
22.629783630371094
27.32486343383789
16.629192352294922
16.933256149291992
20.97686004638672
20.959808349609375
25.625930786132812
13.195446014404297
17.832992553710938
19.821510314941406
19.903926849365234
21.213180541992188
20.365467071533203
18.519062042236328
22.241798400878906
16.469608306884766
23.924821853637695
21.542587280273438
22.268815994262695
21.637866973876953
23.79682731628418
24.672548294067383
19.64249038696289
36.12390899658203
30.5012264251709
35.17551040649414
35.03147506713867
22.845643997192383
33.11042404174805
26.14441680908203
27.80575942993164
31.840030670166016
32.039634704589844
34.81160354614258
34.214202880859375
28.44536781311035
31.82822608947754
36.68828582763672
27.778118133544922
30.716938018798828
29.642423629760742
18.739776611328125
36.569305419921875
28.164674758911133
28.437955856323242
25.180206298828125
30.474563598632812
21.753904342651367
29.252986907958984
43.334468841552734
29.108867645263672
35.34587097167969
28.817081451416016
33.53968811035156
31.857742309570312
27.682212829589844
27.48150062561035
29.590858459472656
37.49946975708008
30.062875747680664
31.377397537231445
30.769119262695312
34.63090515136719
28.19170570373535
36.477989196777344
30.09285545349121
35.88323974609375
30.320327758789062
28.031982421875
34.18159866333008
30.230091094970703
33.34297180175781
31.78610610961914
18.202346801757812
15.948770523071289
11.657550811767578
19.018299102783203
19.941679000854492
12.17570686340332
18.91531753540039
9.476638793945312
10.572243690490723
21.918922424316406
13.20823860168457
16.705501556396484
26.314672470092773
23.669198989868164
23.552526473999023
17.485301971435547
25.957122802734375
29.172279357910156
20.5861759185791
22.595033645629883
19.613649368286133
26.497262954711914
19.324138641357422
12.14670181274414
18.12139892578125
20.201175689697266
17.294246673583984
21.471038818359375
20.54653549194336
17.92654800415039
21.452199935913086
22.244951248168945
20.270870208740234
14.750170707702637
22.634387969970703
14.0101318359375
11.934398651123047
19.640174865722656
15.565332412719727
23.610000610351562
19.206546783447266
29.449352264404297
17.873157501220703
16.891292572021484
21.429584503173828
19.962440490722656
28.484811782836914
22.37820816040039
22.15143585205078
18.235496520996094
18.802040100097656
24.068260192871094
24.258934020996094
17.57795524597168
12.740045547485352
20.883169174194336
22.762216567993164
13.889030456542969
17.6646785736084
19.836280822753906
11.985860824584961
19.15927505493164
27.994754791259766
19.54339599609375
21.671165466308594
18.219036102294922
18.215330123901367
19.099618911743164
15.631376266479492
15.120670318603516
27.982906341552734
19.409740447998047
14.990737915039062
21.656291961669922
13.713702201843262
13.284605026245117
22.226966857910156
21.609012603759766
16.536540985107422
22.142887115478516
23.091663360595703
11.31215763092041
18.691905975341797
26.114044189453125
13.69008731842041
13.805562019348145
18.53261947631836
23.724498748779297
22.281776428222656
20.895328521728516
22.037029266357422
23.910449981689453
21.9869327545166
23.799762725830078
21.091650009155273
24.830177307128906
21.88405990600586
19.256072998046875
17.60637855529785
18.537750244140625
35.86471176147461
45.96873474121094
23.280899047851562
37.54292297363281
42.57263946533203
45.14915466308594
41.401214599609375
34.27857971191406
39.92131805419922
30.875030517578125
38.7996711730957
46.749820709228516
33.027931213378906
36.43212890625
33.610050201416016
56.018463134765625
36.12984085083008
30.65183448791504
33.512939453125
29.62590789794922
34.584808349609375
43.620758056640625
34.74994659423828
23.80892562866211
32.96049118041992
33.86517333984375
41.722023010253906
35.218868255615234
42.03326416015625
38.543357849121094
40.346580505371094
29.682449340820312
36.25446701049805
41.26823806762695
33.48124313354492
36.348243713378906
36.39927291870117
33.49348068237305
29.349308013916016
30.88410758972168
28.676708221435547
34.410926818847656
36.826385498046875
37.2672004699707
32.66173553466797
34.78987503051758
40.64387512207031
27.073806762695312
18.296894073486328
39.84096145629883
22.39869499206543
26.49687385559082
29.33116912841797
23.480239868164062
29.16638946533203
18.129993438720703
30.75033950805664
26.974018096923828
31.394624710083008
25.92376708984375
21.979999542236328
24.49933624267578
29.27095603942871
25.23489761352539
24.411117553710938
28.084829330444336
17.932262420654297
26.915664672851562
23.378910064697266
25.341922760009766
21.19588279724121
26.42572021484375
28.859371185302734
32.682952880859375
28.53662872314453
17.527896881103516
33.159610748291016
28.09014892578125
25.041080474853516
27.063156127929688
26.67926025390625
23.336122512817383
28.846813201904297
23.863204956054688
27.666671752929688
24.920068740844727
25.913909912109375
22.1987247467041
32.59912872314453
23.430252075195312
23.066110610961914
20.137134552001953
27.12106704711914
21.963956832885742
25.480958938598633
30.671985626220703
32.27628707885742
29.281009674072266
28.39447784423828
17.866613388061523
16.958637237548828
22.289085388183594
20.271257400512695
8.518644332885742
13.425861358642578
20.387081146240234
19.920351028442383
19.00958251953125
17.637588500976562
14.601961135864258
20.120826721191406
14.140898704528809
16.889711380004883
19.817607879638672
18.542871475219727
17.160640716552734
19.60708236694336
14.047202110290527
16.045547485351562
20.113534927368164
16.164220809936523
19.549110412597656
26.48456382751465
20.448760986328125
17.869747161865234
16.568384170532227
20.24661636352539
16.087480545043945
19.32927894592285
17.444137573242188
16.44045066833496
14.789966583251953
16.152605056762695
21.83063316345215
22.933265686035156
18.409229278564453
17.033348083496094
21.3216552734375
18.770519256591797
21.651832580566406
16.223918914794922
20.50466537475586
15.533742904663086
14.949761390686035
17.660551071166992
19.555896759033203
18.592388153076172
10.653870582580566
23.121883392333984
21.218486785888672
5.810412406921387
16.91410255432129
12.11115837097168
11.490234375
7.5003814697265625
11.830412864685059
13.016923904418945
7.4388275146484375
10.971040725708008
16.75264549255371
13.456642150878906
8.887723922729492
7.606627464294434
9.656936645507812
10.874763488769531
10.18777084350586
9.56995964050293
6.888318061828613
14.89463996887207
10.746421813964844
12.206664085388184
14.911722183227539
11.089871406555176
11.421080589294434
9.254473686218262
10.68054485321045
11.638191223144531
7.53987979888916
10.066225051879883
8.485825538635254
11.930109977722168
10.741564750671387
9.281110763549805
11.521400451660156
14.071157455444336
10.351066589355469
7.341973304748535
12.106145858764648
11.476560592651367
10.809353828430176
12.996301651000977
13.092876434326172
10.886651992797852
11.939119338989258
12.24964427947998
8.947671890258789
8.227601051330566
13.73004150390625
7.1152729988098145
5.842526435852051
37.939308166503906
38.1934814453125
26.92839813232422
29.77735137939453
27.852325439453125
34.80287170410156
36.34300231933594
28.823657989501953
32.39978790283203
35.244712829589844
27.762168884277344
39.52285385131836
42.406131744384766
30.0001220703125
33.20240783691406
29.262176513671875
40.5421142578125
32.45698928833008
33.21580505371094
39.35205841064453
32.39139175415039
36.38539123535156
38.454654693603516
25.47991943359375
30.023712158203125
33.46345901489258
29.496395111083984
27.90190315246582
42.642276763916016
40.27177047729492
34.2198371887207
34.1805305480957
32.62034225463867
34.73514175415039
29.434043884277344
23.73016929626465
35.10282897949219
37.14850616455078
32.00982666015625
34.216766357421875
37.63749694824219
41.07533264160156
36.41326904296875
31.6342716217041
40.10437774658203
26.567428588867188
36.859622955322266
44.95663833618164
30.076675415039062
32.21595764160156
37.756614685058594
34.91896057128906
27.166650772094727
21.629329681396484
31.85396957397461
34.44965744018555
34.504669189453125
36.35221481323242
36.847503662109375
28.688743591308594
32.29566955566406
35.67926788330078
25.61146354675293
35.44178771972656
37.09033203125
28.502967834472656
33.46013641357422
29.412633895874023
35.70098114013672
36.27246856689453
38.48770523071289
30.91891860961914
42.26927947998047
31.58711814880371
37.80086898803711
32.885711669921875
27.688854217529297
32.569427490234375
38.794700622558594
31.909412384033203
25.383390426635742
26.3978271484375
34.497344970703125
34.788333892822266
37.53265380859375
30.1395263671875
34.065956115722656
41.39595031738281
33.816993713378906
35.51213455200195
37.809288024902344
39.23108673095703
40.224952697753906
29.855005264282227
31.985107421875
45.86644744873047
32.67610168457031
22.555458068847656
36.19429016113281
33.40496063232422
48.04307556152344
32.1085205078125
38.4744758605957
41.08297348022461
33.12506866455078
34.354522705078125
37.26124954223633
34.53445053100586
32.45195770263672
37.03738021850586
34.05910110473633
32.60515594482422
34.76011657714844
23.65239715576172
37.24565505981445
35.141754150390625
31.516315460205078
40.29783630371094
37.1042366027832
40.624237060546875
27.601016998291016
42.27755355834961
34.35841369628906
39.634002685546875
32.78451156616211
42.10173416137695
40.09919357299805
35.212615966796875
36.18653869628906
39.941627502441406
33.462440490722656
31.24376106262207
36.031028747558594
41.18903350830078
39.500343322753906
33.49283218383789
37.0574951171875
33.755271911621094
36.669456481933594
35.05523681640625
34.650447845458984
37.754371643066406
30.955825805664062
29.013635635375977
37.69515609741211
31.958648681640625
44.1652717590332
36.396728515625
34.78299331665039
37.356971740722656
32.08180236816406
45.14765930175781
39.39104080200195
32.77497863769531
33.09971618652344
32.42896270751953
34.623558044433594
36.51500701904297
33.769439697265625
33.6640625
31.8792724609375
35.80451202392578
37.10688018798828
22.82784080505371
30.761091232299805
36.89147186279297
33.95806121826172
31.417743682861328
26.473743438720703
36.66881561279297
32.986270904541016
31.956188201904297
36.99623107910156
36.70635986328125
31.389923095703125
35.030609130859375
40.13301086425781
39.61885070800781
33.617774963378906
27.094165802001953
29.146913528442383
35.34673309326172
36.45442581176758
34.74034118652344
41.24210739135742
31.60582733154297
43.61199951171875
29.77100372314453
33.42753982543945
37.109615325927734
35.94921112060547
36.31934356689453
43.475406646728516
39.06842803955078
37.85299301147461
39.72344970703125
31.197412490844727
27.61475944519043
32.955692291259766
33.92216491699219
22.985647201538086
16.436431884765625
16.25646209716797
20.378063201904297
22.08047103881836
21.419586181640625
25.834484100341797
19.819438934326172
18.824832916259766
11.890867233276367
20.394989013671875
17.21216583251953
13.387678146362305
20.94975471496582
21.808456420898438
21.502016067504883
20.678098678588867
18.20918846130371
19.998886108398438
18.29033088684082
25.556385040283203
19.827220916748047
21.54045295715332
17.604251861572266
13.634147644042969
16.94367218017578
19.803104400634766
20.070756912231445
22.97555160522461
18.07802391052246
15.721349716186523
19.104692459106445
19.760292053222656
21.22738265991211
17.309865951538086
14.971155166625977
22.833927154541016
21.92313003540039
15.358575820922852
22.56707000732422
23.15049934387207
14.110939025878906
13.197239875793457
15.795689582824707
22.881288528442383
13.584062576293945
17.87436294555664
14.204561233520508
26.799190521240234
18.29547691345215
31.386337280273438
20.782989501953125
17.498775482177734
28.30232810974121
30.6849308013916
16.661602020263672
17.899513244628906
14.031244277954102
21.96056365966797
18.897470474243164
18.265193939208984
13.459772109985352
29.086402893066406
21.42397117614746
26.145856857299805
23.030838012695312
23.273040771484375
21.084861755371094
11.964917182922363
21.143760681152344
33.9731330871582
8.7686767578125
13.900200843811035
15.79041862487793
28.851829528808594
15.06616497039795
22.590112686157227
10.716487884521484
26.472326278686523
21.922842025756836
15.644390106201172
24.54705238342285
24.884929656982422
20.541683197021484
17.37918472290039
21.143463134765625
17.280467987060547
26.63763999938965
21.911779403686523
21.680694580078125
21.93724822998047
18.096271514892578
22.89129638671875
26.198986053466797
25.20571517944336
22.563072204589844
16.866641998291016
30.14664077758789
18.362083435058594
15.28700065612793
34.641395568847656
40.46875
33.148681640625
38.79203414916992
32.739768981933594
35.72472381591797
38.122467041015625
33.65100860595703
29.756298065185547
28.564308166503906
38.17851257324219
43.490352630615234
37.015716552734375
41.296627044677734
36.50645065307617
37.135986328125
35.958168029785156
35.41966247558594
38.24491882324219
34.871761322021484
34.34971237182617
27.109764099121094
44.22930145263672
27.485462188720703
28.526824951171875
36.29777526855469
34.77493667602539
35.580589294433594
31.822368621826172
46.735145568847656
38.2480583190918
35.58213424682617
33.87153244018555
38.95137023925781
34.49848937988281
32.53474807739258
38.47008514404297
40.445255279541016
30.16855239868164
38.440574645996094
24.37994384765625
34.137550354003906
41.94354248046875
33.00550842285156
30.585569381713867
37.83872985839844
36.852745056152344
25.865737915039062
37.42268753051758
23.087299346923828
37.864078521728516
26.856985092163086
33.694114685058594
29.028749465942383
37.868316650390625
30.159305572509766
38.190486907958984
39.80724334716797
42.42929458618164
41.10326385498047
32.234031677246094
29.208646774291992
34.712135314941406
43.39238357543945
36.377197265625
35.12810134887695
38.47846603393555
28.216129302978516
38.891239166259766
38.47578430175781
27.893325805664062
29.613628387451172
33.3411865234375
35.006629943847656
41.68632507324219
41.303466796875
28.797039031982422
33.077754974365234
31.723852157592773
36.4459228515625
29.386690139770508
32.59581756591797
33.72977828979492
31.603544235229492
24.967836380004883
36.508636474609375
39.73878479003906
40.60557556152344
32.228614807128906
38.117881774902344
40.76995086669922
30.631351470947266
40.25129699707031
40.905662536621094
34.17682647705078
37.32725143432617
32.2320671081543
37.24912643432617
36.3086051940918
30.510051727294922
27.637102127075195
32.12876892089844
31.205459594726562
26.9790096282959
30.344585418701172
22.929027557373047
24.278560638427734
19.600000381469727
22.714725494384766
24.566669464111328
26.9698486328125
25.307153701782227
30.733016967773438
24.15191650390625
32.48384475708008
22.844085693359375
23.666309356689453
20.56208610534668
22.413986206054688
27.046939849853516
27.125926971435547
23.94381332397461
24.044979095458984
25.140060424804688
28.67717933654785
32.74156951904297
21.808074951171875
27.058734893798828
25.865524291992188
19.56475067138672
21.34862518310547
29.73446273803711
32.97410202026367
27.23391342163086
21.211912155151367
21.823637008666992
26.10433578491211
29.66093635559082
27.933067321777344
23.819385528564453
23.636821746826172
23.42546844482422
26.229564666748047
28.14193344116211
23.349319458007812
26.199304580688477
18.415868759155273
26.423534393310547
31.816734313964844
20.239349365234375
6.829996585845947
8.753854751586914
9.891252517700195
8.572591781616211
10.1574068069458
2.466003894805908
9.938753128051758
7.430970668792725
12.461755752563477
8.934558868408203
6.887045860290527
9.296590805053711
7.215665817260742
13.09610366821289
8.261293411254883
14.109273910522461
13.39421272277832
6.714024543762207
13.649011611938477
9.922455787658691
6.6247100830078125
16.02597427368164
7.088831901550293
7.740275859832764
11.585199356079102
12.057849884033203
12.260233879089355
12.525445938110352
9.158426284790039
11.974245071411133
9.251324653625488
10.463040351867676
10.212111473083496
10.544828414916992
8.25739860534668
12.317441940307617
9.671630859375
12.056278228759766
10.275753021240234
6.62180233001709
10.653491973876953
15.490458488464355
7.544058799743652
13.275726318359375
6.311361312866211
13.667709350585938
8.42786693572998
11.441490173339844
8.729190826416016
6.346478462219238
39.11235427856445
35.269264221191406
42.357784271240234
51.83686828613281
40.038169860839844
24.000598907470703
25.53508758544922
34.03874588012695
41.24201202392578
41.71461486816406
49.52283477783203
26.89727783203125
35.90580368041992
29.006834030151367
27.166635513305664
51.631126403808594
36.054229736328125
42.19916534423828
40.1895751953125
26.478225708007812
29.41794204711914
35.7260856628418
31.109188079833984
49.24740982055664
40.44048309326172
37.77404022216797
31.822141647338867
55.82451629638672
33.76490783691406
37.50379180908203
43.36615753173828
30.507835388183594
52.25676345825195
48.093902587890625
36.55474853515625
38.65442657470703
33.819580078125
32.16632080078125
44.77497863769531
40.133522033691406
25.314659118652344
46.762229919433594
32.28868103027344
47.42759704589844
38.2929801940918
33.734004974365234
32.93169403076172
47.162540435791016
44.44866943359375
43.71330261230469
26.41654396057129
26.783302307128906
24.016767501831055
33.80655288696289
31.97109031677246
21.856708526611328
26.761171340942383
29.735702514648438
28.82436180114746
26.087467193603516
22.23885726928711
28.908184051513672
28.932270050048828
24.7711181640625
29.154775619506836
21.560108184814453
16.246427536010742
24.753084182739258
25.602203369140625
25.743322372436523
19.2733154296875
22.113426208496094
27.907121658325195
26.643692016601562
29.739782333374023
22.29990005493164
23.190982818603516
22.369298934936523
25.322362899780273
30.973154067993164
18.475265502929688
32.83351135253906
30.480731964111328
33.073143005371094
27.83237648010254
25.768835067749023
24.846012115478516
25.08201789855957
19.62548065185547
21.525421142578125
24.0368709564209
24.8992919921875
23.55474281311035
21.75693702697754
28.301864624023438
22.100589752197266
22.474136352539062
24.354557037353516
23.063831329345703
26.80170249938965
27.607290267944336
28.196809768676758
31.10395622253418
28.09374237060547
31.807270050048828
30.05815315246582
23.04066276550293
27.72130584716797
36.204010009765625
25.812410354614258
23.3504638671875
25.76565170288086
23.017276763916016
29.877899169921875
26.121322631835938
28.620235443115234
28.64108657836914
28.62993049621582
26.979942321777344
20.315385818481445
34.050453186035156
28.77207374572754
25.9259033203125
22.627368927001953
23.243896484375
32.40325927734375
22.778902053833008
26.311748504638672
35.55231475830078
22.701316833496094
20.61760902404785
28.390453338623047
23.98141098022461
22.91649055480957
28.83208465576172
21.285381317138672
28.362524032592773
23.833526611328125
22.50423812866211
30.79960823059082
29.00058364868164
25.85116958618164
23.49169921875
25.02420997619629
24.374618530273438
30.295249938964844
20.666749954223633
26.012882232666016
33.805580139160156
32.721885681152344
23.799650192260742
24.40534210205078
22.241527557373047
27.08404541015625
27.12100601196289
23.637285232543945
25.419795989990234
28.73505401611328
24.243976593017578
18.105224609375
23.634557723999023
24.291894912719727
21.072343826293945
26.736328125
32.89809799194336
25.347850799560547
27.86001205444336
22.119949340820312
31.449281692504883
26.814868927001953
27.284902572631836
27.686744689941406
25.099315643310547
30.93924903869629
27.3194580078125
29.72493553161621
20.361377716064453
31.78829002380371
22.105636596679688
29.000232696533203
25.496967315673828
26.567848205566406
23.307849884033203
24.886226654052734
23.243038177490234
24.52642059326172
27.096269607543945
24.129497528076172
27.63617706298828
27.837398529052734
27.235828399658203
30.89645767211914
19.013792037963867
25.60875701904297
29.648813247680664
22.24152374267578
26.54558753967285
21.455642700195312
28.78774070739746
32.235687255859375
25.751136779785156
18.910797119140625
24.08182144165039
17.006343841552734
11.557573318481445
23.533708572387695
16.54854965209961
20.34078025817871
15.307771682739258
22.17754364013672
20.965728759765625
19.603548049926758
20.07389259338379
17.91298484802246
16.475696563720703
20.773996353149414
14.223664283752441
23.868410110473633
19.577350616455078
19.486778259277344
20.733184814453125
18.103557586669922
17.748483657836914
19.043397903442383
19.85595703125
19.736934661865234
23.351099014282227
17.5203857421875
14.350566864013672
11.335249900817871
21.262332916259766
24.601715087890625
20.456296920776367
19.494007110595703
18.791278839111328
18.105905532836914
15.701810836791992
17.841598510742188
26.113018035888672
23.086875915527344
18.04815101623535
21.638595581054688
19.6021728515625
24.947933197021484
18.400314331054688
21.96582794189453
25.02174186706543
18.380504608154297
22.250938415527344
23.467010498046875
26.047489166259766
27.251325607299805
27.12171173095703
25.35980796813965
27.09166717529297
28.577943801879883
28.304777145385742
23.57383155822754
30.455326080322266
20.933757781982422
31.491703033447266
30.878681182861328
26.763036727905273
26.827425003051758
29.53449821472168
26.287952423095703
35.558189392089844
29.649795532226562
29.81644630432129
27.521631240844727
33.30941390991211
29.107311248779297
27.80147933959961
30.644676208496094
32.886356353759766
25.832416534423828
31.709253311157227
27.34637451171875
29.429508209228516
24.099510192871094
33.07525634765625
29.572341918945312
31.096038818359375
31.836071014404297
27.6425724029541
25.775287628173828
25.73330307006836
23.884023666381836
23.68596839904785
26.625246047973633
28.82143783569336
33.769927978515625
22.78260612487793
26.431415557861328
28.406848907470703
35.71955871582031
33.09778594970703
32.92290496826172
33.58638000488281
35.59741973876953
34.242523193359375
35.666194915771484
40.74847412109375
34.12563705444336
23.648971557617188
36.58716583251953
32.04705047607422
28.298080444335938
40.252540588378906
30.079118728637695
31.932050704956055
25.05101203918457
36.26325988769531
42.381649017333984
36.562564849853516
38.05539321899414
24.869604110717773
25.504823684692383
24.44355010986328
27.18975067138672
39.7882194519043
27.059118270874023
38.0572509765625
37.770668029785156
31.95699691772461
34.25718688964844
28.638452529907227
35.40652847290039
35.366973876953125
36.023155212402344
38.40917205810547
28.271259307861328
39.670448303222656
37.931785583496094
31.397174835205078
32.96343994140625
33.18650817871094
36.82998275756836
32.97828674316406
36.58457946777344
30.218013763427734
41.554443359375
34.2679443359375
34.24600601196289
35.44291687011719
27.937320709228516
34.86984634399414
37.95915985107422
38.919776916503906
33.00447082519531
12.54407024383545
15.025186538696289
16.26163101196289
21.092369079589844
16.502382278442383
23.105121612548828
17.019752502441406
15.425369262695312
13.64129638671875
17.201309204101562
21.810331344604492
17.578838348388672
7.966782569885254
17.585037231445312
12.754640579223633
21.208633422851562
22.910255432128906
13.424030303955078
18.044330596923828
14.121906280517578
15.770818710327148
20.7115478515625
18.76389503479004
19.706050872802734
9.186605453491211
8.575904846191406
17.67267608642578
21.604782104492188
19.880577087402344
18.320871353149414
21.576284408569336
13.178539276123047
16.6171875
14.738985061645508
18.166404724121094
18.828166961669922
17.27022933959961
18.149982452392578
16.621841430664062
16.121431350708008
15.287859916687012
13.39474105834961
12.546222686767578
16.609573364257812
8.838421821594238
25.36695098876953
15.474374771118164
14.469972610473633
18.540908813476562
16.62694549560547
9.289864540100098
12.943933486938477
13.01968002319336
15.982728958129883
4.1492815017700195
11.844552993774414
10.017463684082031
13.994990348815918
13.309117317199707
15.273524284362793
12.067718505859375
9.515989303588867
9.913890838623047
7.990821838378906
11.499401092529297
8.363728523254395
10.898397445678711
9.67353343963623
7.160040378570557
12.492467880249023
2.597519874572754
8.099227905273438
7.506814956665039
7.09191370010376
12.109270095825195
12.09162712097168
7.540986061096191
10.903088569641113
12.363443374633789
8.72517204284668
8.352075576782227
14.72487735748291
12.482580184936523
13.120412826538086
10.854934692382812
7.919291019439697
9.199043273925781
11.515570640563965
7.05604362487793
7.4176554679870605
13.941933631896973
7.341221332550049
8.285277366638184
15.73373031616211
7.191654682159424
8.925398826599121
13.876260757446289
12.67127799987793
8.795063972473145
7.929902076721191
34.654747009277344
34.35932922363281
35.447757720947266
39.30259704589844
27.04999542236328
36.38758087158203
25.820663452148438
36.870643615722656
27.86246109008789
34.242286682128906
36.82685852050781
31.4827823638916
33.458499908447266
25.689632415771484
28.93665313720703
26.269222259521484
29.467063903808594
26.750019073486328
35.861839294433594
33.219627380371094
33.001243591308594
26.953922271728516
27.811492919921875
34.36897277832031
32.78478240966797
30.785770416259766
34.57677459716797
30.915630340576172
33.36393356323242
34.82084655761719
35.90912628173828
29.910274505615234
27.770883560180664
30.170207977294922
34.774288177490234
30.234031677246094
38.28007507324219
28.735126495361328
32.214683532714844
37.708892822265625
36.363800048828125
27.796024322509766
31.010543823242188
23.804763793945312
30.998180389404297
27.12461280822754
26.968259811401367
20.97955322265625
26.502521514892578
31.824344635009766
15.450152397155762
23.146121978759766
9.282143592834473
17.419124603271484
14.689314842224121
15.617260932922363
16.813404083251953
18.25873565673828
24.240270614624023
14.29153060913086
16.631839752197266
14.187017440795898
12.559524536132812
13.376556396484375
11.8470458984375
17.1511173248291
23.167591094970703
16.25786590576172
13.924661636352539
12.690906524658203
14.978583335876465
16.719970703125
18.628747940063477
15.422871589660645
19.462078094482422
13.050251007080078
25.504880905151367
14.116724014282227
15.20805549621582
14.74256420135498
15.460996627807617
22.17142105102539
18.677356719970703
19.562021255493164
13.14238166809082
16.843311309814453
20.04703140258789
14.807684898376465
17.4357852935791
15.862049102783203
13.255718231201172
12.35046100616455
18.237865447998047
19.837013244628906
20.572763442993164
9.22137451171875
12.94459342956543
17.13134765625
19.212385177612305
13.669917106628418
24.143768310546875
28.817352294921875
48.086971282958984
19.87786865234375
37.73701858520508
38.97903060913086
30.56348991394043
26.027830123901367
35.64726638793945
16.921607971191406
40.94580841064453
39.31578063964844
25.051685333251953
42.01563262939453
31.027496337890625
37.89369201660156
31.519336700439453
25.36839485168457
43.358951568603516
39.513912200927734
40.07868576049805
44.57447814941406
38.30229187011719
26.937950134277344
48.02471923828125
21.786792755126953
27.41427993774414
26.448814392089844
20.693370819091797
32.76506805419922
27.744644165039062
39.95976257324219
35.574180603027344
37.398006439208984
29.915193557739258
28.178630828857422
26.316146850585938
33.75667190551758
26.590747833251953
31.152347564697266
37.80598449707031
29.398929595947266
36.21205139160156
29.642770767211914
21.429521560668945
34.50035858154297
24.529827117919922
28.424463272094727
39.135826110839844
27.361127853393555
10.244157791137695
6.612168312072754
13.725763320922852
18.01993751525879
19.33418083190918
13.68442153930664
16.71571159362793
8.922367095947266
9.47819995880127
10.335245132446289
12.82331657409668
15.144031524658203
11.324528694152832
9.166913986206055
13.568643569946289
7.762635707855225
10.252716064453125
13.06031608581543
11.938775062561035
13.047689437866211
7.424986839294434
8.70907211303711
10.562664031982422
9.788651466369629
11.365785598754883
14.786153793334961
15.595161437988281
17.523834228515625
11.914210319519043
17.494487762451172
21.7302303314209
16.569618225097656
9.752485275268555
12.85500717163086
15.331415176391602
20.54312515258789
13.377960205078125
8.354581832885742
9.472513198852539
6.647167205810547
11.952194213867188
9.753741264343262
5.115274429321289
5.790701866149902
11.138357162475586
12.609012603759766
10.099114418029785
14.602563858032227
15.544700622558594
12.061805725097656
19.759811401367188
15.58584976196289
23.037485122680664
22.65283203125
24.003650665283203
21.385316848754883
15.593536376953125
12.410375595092773
22.37664794921875
22.30895233154297
23.1849365234375
21.231101989746094
20.168975830078125
23.302486419677734
22.090042114257812
19.589981079101562
20.722423553466797
26.680530548095703
16.957416534423828
20.302793502807617
17.41324234008789
16.484424591064453
25.780670166015625
19.89131736755371
17.052001953125
19.182537078857422
19.877565383911133
18.06954002380371
24.25595474243164
16.504886627197266
14.952058792114258
20.57374382019043
24.149633407592773
19.327545166015625
16.684263229370117
17.991716384887695
12.833127975463867
21.04315948486328
20.809078216552734
25.98210334777832
25.054391860961914
21.752525329589844
21.66249656677246
23.943138122558594
18.86176300048828
22.054908752441406
24.387126922607422
24.607566833496094
22.800582885742188
16.175106048583984
32.623966217041016
33.069332122802734
34.60548400878906
28.63174819946289
41.17401123046875
29.04389190673828
29.74334716796875
30.93250274658203
29.124385833740234
34.03849792480469
27.348705291748047
27.209014892578125
31.95100212097168
24.083723068237305
33.666900634765625
35.46580123901367
30.528949737548828
37.64923095703125
35.45383834838867
33.6308708190918
39.71171188354492
36.9595947265625
37.7889289855957
24.87938690185547
31.77261734008789
34.527099609375
41.979454040527344
26.248619079589844
34.28196716308594
27.32828140258789
26.036174774169922
25.17148208618164
32.52931213378906
32.38501739501953
26.641231536865234
30.319013595581055
29.34185028076172
22.269500732421875
29.451692581176758
37.38850784301758
36.223724365234375
29.02547836303711
39.49305725097656
38.042564392089844
33.392356872558594
33.7979850769043
23.896282196044922
29.262554168701172
33.77980422973633
32.46321105957031
15.978032112121582
24.647907257080078
24.756423950195312
15.55754280090332
21.96807861328125
20.689655303955078
15.306987762451172
21.844234466552734
18.12307357788086
13.298077583312988
19.486431121826172
13.644270896911621
15.143927574157715
20.652345657348633
20.018535614013672
17.565820693969727
21.01446533203125
15.663094520568848
18.03154182434082
18.351428985595703
19.340970993041992
18.89638328552246
14.197538375854492
20.02505111694336
12.999929428100586
25.47643280029297
18.980209350585938
20.70744514465332
18.373912811279297
15.283157348632812
22.587812423706055
20.32733154296875
13.4498291015625
17.94131851196289
12.673685073852539
23.748458862304688
20.549924850463867
22.56610870361328
20.412864685058594
15.767860412597656
20.19879913330078
19.68895721435547
15.22012710571289
18.61319351196289
23.58296012878418
16.435657501220703
20.3714656829834
19.6850643157959
14.642688751220703
17.8983154296875
20.490400314331055
30.028076171875
27.9453125
35.3358268737793
21.640888214111328
25.83188247680664
37.2455940246582
27.625701904296875
33.24730682373047
28.752010345458984
23.69159507751465
25.181310653686523
24.687946319580078
22.15383529663086
36.659976959228516
27.841997146606445
28.085847854614258
27.969284057617188
26.465890884399414
26.098556518554688
31.210941314697266
30.070892333984375
38.279563903808594
19.93396759033203
30.91958999633789
20.3060359954834
32.51441192626953
31.971473693847656
40.47019577026367
16.406421661376953
28.08095932006836
22.62810516357422
32.3943977355957
32.38051223754883
31.552616119384766
23.724014282226562
27.82718276977539
22.36532974243164
34.42529296875
25.132617950439453
31.064395904541016
20.75145721435547
30.280288696289062
31.573850631713867
21.7277774810791
30.023181915283203
35.830963134765625
34.57569122314453
27.548723220825195
38.95793914794922
19.849092483520508
17.67687225341797
19.65071678161621
23.75725746154785
21.749038696289062
16.761398315429688
28.8648681640625
22.10196304321289
23.949520111083984
21.874469757080078
23.305206298828125
22.752647399902344
19.62833595275879
19.620189666748047
17.295059204101562
23.75102996826172
24.36801528930664
22.479530334472656
21.73243522644043
24.011436462402344
23.921619415283203
17.84442901611328
21.895490646362305
22.90215301513672
27.348018646240234
18.995399475097656
16.21710968017578
20.30667495727539
30.645442962646484
22.291866302490234
20.615917205810547
21.004915237426758
23.555696487426758
25.818058013916016
17.93242835998535
16.021728515625
18.108474731445312
26.190710067749023
25.956087112426758
19.92268180847168
22.752666473388672
16.118274688720703
19.38058090209961
19.79306983947754
18.51797866821289
25.854717254638672
21.912776947021484
22.870128631591797
20.09258460998535
21.818767547607422
33.54253387451172
37.241703033447266
31.730712890625
41.39468002319336
29.16666030883789
35.83924865722656
24.161331176757812
40.1364631652832
34.14092254638672
30.43303108215332
33.86942672729492
33.9505729675293
34.926795959472656
26.673297882080078
41.349945068359375
38.124900817871094
37.993560791015625
37.29853820800781
39.69579315185547
28.329265594482422
37.757110595703125
36.836666107177734
41.140625
39.88148498535156
33.31853485107422
38.0321044921875
32.135196685791016
48.9625129699707
33.347808837890625
31.370864868164062
42.34096145629883
30.351099014282227
35.35707092285156
32.00179672241211
40.46925354003906
42.479949951171875
48.77900695800781
30.30109977722168
37.620643615722656
22.990436553955078
31.525901794433594
40.7457275390625
32.359169006347656
29.993778228759766
36.870018005371094
28.65149688720703
34.26435089111328
36.66236114501953
32.164955139160156
32.13878631591797
30.734636306762695
35.725074768066406
22.206798553466797
25.922006607055664
37.77180480957031
44.27978515625
24.54534339904785
40.72223663330078
35.51819610595703
20.58755874633789
34.09715270996094
35.52379608154297
34.413116455078125
30.780868530273438
22.26409912109375
30.55828094482422
32.231815338134766
13.933328628540039
41.74988555908203
25.831684112548828
48.80323791503906
29.254064559936523
25.44101333618164
17.889598846435547
32.007015228271484
44.790470123291016
34.24247741699219
36.708160400390625
29.481422424316406
32.0101203918457
39.869964599609375
26.23524284362793
35.97732162475586
40.68585205078125
20.995586395263672
38.800315856933594
42.83111572265625
28.163761138916016
29.613399505615234
23.816503524780273
39.69981384277344
34.26050567626953
31.09408187866211
34.78550720214844
36.59766387939453
36.47610092163086
34.332000732421875
29.447738647460938
45.89756774902344
36.83064651489258
34.97402572631836
42.20549774169922
37.848960876464844
53.11766815185547
35.97393035888672
48.73118591308594
36.95226287841797
42.88152313232422
37.263221740722656
42.143882751464844
41.779693603515625
40.46017837524414
43.25914764404297
42.83373260498047
42.78961944580078
44.032196044921875
29.02801513671875
33.529850006103516
37.96240997314453
42.53358840942383
42.59648895263672
35.962242126464844
36.95024108886719
41.797264099121094
34.447105407714844
34.50776672363281
43.92533493041992
46.99618148803711
47.46397399902344
37.83039855957031
36.02407455444336
31.641921997070312
35.728302001953125
34.32380676269531
32.553802490234375
25.907814025878906
41.44753646850586
40.45426940917969
38.176536560058594
40.88846206665039
42.02259063720703
33.01991271972656
36.06914520263672
40.647335052490234
38.3846435546875
43.18998336791992
41.783851623535156
38.872562408447266
50.07267761230469
36.78416442871094
37.915069580078125
36.72616195678711
32.2987060546875
33.293357849121094
36.28411102294922
36.897193908691406
36.657012939453125
37.57029724121094
37.61225128173828
41.003421783447266
33.45259094238281
36.440311431884766
34.22855758666992
34.2835693359375
35.32355499267578
34.33100509643555
36.16761779785156
35.67705535888672
36.596954345703125
37.14741134643555
36.31553649902344
36.615447998046875
31.80219078063965
38.114295959472656
42.757965087890625
42.72944641113281
37.8159294128418
28.292156219482422
47.829200744628906
30.736082077026367
45.60388946533203
37.50432586669922
37.203189849853516
36.83938217163086
27.011117935180664
46.03820037841797
43.066261291503906
28.74374771118164
43.281829833984375
38.79082489013672
39.90187072753906
46.540550231933594
45.80414581298828
42.94806671142578
40.85289764404297
45.482696533203125
40.66080093383789
30.259801864624023
49.07415008544922
45.51482391357422
17.197818756103516
10.770663261413574
14.306801795959473
18.49677085876465
12.492112159729004
16.31349754333496
7.943388938903809
14.357231140136719
13.176730155944824
15.203388214111328
13.85932731628418
17.931129455566406
13.993460655212402
18.152812957763672
14.61841106414795
9.599254608154297
13.248859405517578
21.439083099365234
9.778794288635254
16.55194854736328
18.917400360107422
16.004791259765625
19.313583374023438
20.87371826171875
10.310882568359375
15.739645957946777
18.14356231689453
18.779796600341797
9.382589340209961
15.858915328979492
8.933043479919434
10.709332466125488
15.583402633666992
15.369630813598633
16.832122802734375
14.841341972351074
16.376506805419922
17.101497650146484
13.570687294006348
13.21418285369873
14.278388977050781
16.344562530517578
11.185320854187012
20.719825744628906
19.45079803466797
16.04961395263672
15.467499732971191
14.0253267288208
10.723353385925293
12.431377410888672
34.35377502441406
36.416690826416016
44.18522644042969
31.295196533203125
34.668556213378906
32.5306396484375
42.41193771362305
38.639259338378906
37.72481918334961
39.03855895996094
44.04559326171875
38.462913513183594
31.790958404541016
32.80373001098633
36.49049377441406
37.904502868652344
45.577919006347656
33.717018127441406
38.147518157958984
45.64167022705078
46.55091857910156
33.73787307739258
36.33226013183594
34.15898895263672
35.635894775390625
39.0921630859375
30.302955627441406
32.68224334716797
31.75121307373047
33.64360046386719
42.468109130859375
38.85185241699219
38.167728424072266
31.501293182373047
40.3230094909668
41.65276336669922
38.23934555053711
42.5617561340332
39.880889892578125
37.49588394165039
38.130828857421875
39.39384078979492
31.93365478515625
38.50123977661133
33.91349792480469
44.218563079833984
37.73164367675781
43.83695983886719
46.929168701171875
42.661502838134766
16.252269744873047
24.81671142578125
18.430809020996094
24.885150909423828
23.71686363220215
25.83613395690918
30.760448455810547
23.142776489257812
30.916908264160156
22.04047393798828
32.423675537109375
23.905593872070312
32.80542755126953
25.291213989257812
16.94970703125
18.829849243164062
27.580066680908203
21.001018524169922
29.31079864501953
33.75019836425781
16.02302360534668
29.755247116088867
25.161460876464844
33.137062072753906
25.1590518951416
30.859573364257812
23.90847396850586
27.943695068359375
24.66994857788086
31.37108612060547
27.3297061920166
20.3944149017334
33.819786071777344
27.035051345825195
29.45938491821289
29.581298828125
21.587356567382812
26.707897186279297
24.80187225341797
29.236770629882812
23.45547103881836
22.076196670532227
33.94819641113281
23.398555755615234
24.123085021972656
26.846004486083984
24.95647621154785
20.982812881469727
29.909648895263672
23.891878128051758
24.396991729736328
22.662748336791992
23.742076873779297
26.2860050201416
27.208229064941406
25.376440048217773
17.683326721191406
26.321063995361328
27.31439971923828
28.80035400390625
25.97321891784668
25.601716995239258
24.43488883972168
20.733409881591797
18.216672897338867
21.405797958374023
24.813152313232422
26.2341365814209
21.615398406982422
21.238815307617188
23.375822067260742
28.856571197509766
30.023605346679688
26.438858032226562
17.456470489501953
19.22945785522461
28.475170135498047
21.615623474121094
25.447526931762695
29.334762573242188
21.767105102539062
20.386322021484375
27.702016830444336
29.267322540283203
25.400794982910156
22.213420867919922
22.575294494628906
20.536575317382812
18.483856201171875
22.832321166992188
21.065998077392578
19.203266143798828
22.226089477539062
19.790386199951172
23.432159423828125
25.308507919311523
31.821922302246094
22.828588485717773
22.464725494384766
16.873260498046875
47.00646209716797
37.83444595336914
34.708641052246094
41.87967300415039
40.7718505859375
38.16487121582031
42.03317642211914
39.40227508544922
48.361175537109375
37.25700378417969
31.630149841308594
41.21324920654297
41.86845016479492
45.58194351196289
45.671844482421875
35.661460876464844
38.2714958190918
40.22220230102539
46.18281555175781
41.41183853149414
48.82802963256836
33.925682067871094
44.007625579833984
51.55341339111328
49.109397888183594
43.73271179199219
42.72608947753906
40.02056121826172
39.42951202392578
40.50836944580078
34.805667877197266
41.39664077758789
44.52626037597656
33.65193557739258
38.63996124267578
39.57148742675781
36.25782012939453
43.97841262817383
42.00373840332031
43.844337463378906
35.439170837402344
42.82044982910156
47.17225646972656
37.77235412597656
42.851646423339844
31.981853485107422
25.013992309570312
48.43598937988281
37.70103454589844
36.40370178222656
33.91324996948242
16.06828498840332
24.34384536743164
29.031911849975586
27.879375457763672
19.77767562866211
27.988649368286133
30.43319320678711
27.140377044677734
27.179676055908203
28.821544647216797
31.761951446533203
18.237152099609375
30.652185440063477
30.863525390625
26.522998809814453
22.472599029541016
31.100141525268555
19.03907585144043
28.145137786865234
21.053897857666016
34.114112854003906
30.401029586791992
21.97878646850586
27.715255737304688
25.573101043701172
23.301143646240234
24.533809661865234
28.534568786621094
22.785966873168945
21.935089111328125
30.053573608398438
30.41986083984375
25.294540405273438
34.36106872558594
26.06058692932129
28.414661407470703
29.184467315673828
19.491893768310547
28.574594497680664
25.822711944580078
27.505952835083008
24.311866760253906
26.557716369628906
23.267732620239258
21.5501708984375
31.16964340209961
28.582839965820312
19.33985137939453
24.735963821411133
38.313777923583984
34.6019401550293
48.954856872558594
46.27900695800781
34.403717041015625
40.584556579589844
27.487834930419922
30.965686798095703
36.03016662597656
33.99747085571289
37.130741119384766
31.177570343017578
38.363372802734375
33.88697052001953
34.41062927246094
46.66332244873047
35.55317687988281
25.73638916015625
37.00392150878906
47.27778244018555
40.275733947753906
47.44417190551758
39.75178146362305
43.69408416748047
50.57234191894531
43.70018005371094
39.33910369873047
28.347068786621094
34.86208724975586
29.613788604736328
40.59307861328125
35.42176818847656
45.82708740234375
40.52231979370117
26.64240264892578
42.26433563232422
39.632537841796875
36.14060974121094
34.6298942565918
30.64118003845215
37.963653564453125
43.070621490478516
21.350984573364258
45.193603515625
37.457275390625
27.928159713745117
30.136993408203125
34.81074905395508
35.568580627441406
28.586782455444336
20.32730484008789
31.714231491088867
25.862279891967773
26.58367347717285
26.608680725097656
29.674320220947266
22.542713165283203
24.05510902404785
32.278961181640625
20.797195434570312
30.566261291503906
27.909578323364258
26.8824520111084
22.91997528076172
24.91640853881836
32.90863037109375
26.702526092529297
18.415742874145508
27.10923194885254
18.325687408447266
28.43661117553711
27.360244750976562
23.977489471435547
27.899658203125
27.513975143432617
21.333126068115234
27.142498016357422
29.567977905273438
19.417984008789062
13.516169548034668
32.93304443359375
27.475997924804688
19.1964111328125
18.32444190979004
31.326210021972656
33.60816192626953
29.992582321166992
26.40331268310547
27.69049835205078
22.165864944458008
30.563671112060547
20.28806495666504
26.78175163269043
35.11141586303711
27.692787170410156
27.96748924255371
31.497976303100586
26.389232635498047
27.187454223632812
30.773193359375
15.878413200378418
11.664892196655273
8.4967622756958
8.771116256713867
15.859941482543945
13.736379623413086
15.355157852172852
13.990808486938477
13.203027725219727
10.336822509765625
13.388442993164062
13.646379470825195
10.454425811767578
12.224160194396973
6.882077217102051
10.765813827514648
11.67860221862793
5.105013847351074
12.921121597290039
9.670557022094727
5.635963439941406
13.009223937988281
15.516594886779785
16.371841430664062
10.971586227416992
12.787696838378906
12.756843566894531
5.224961280822754
12.028697967529297
9.184205055236816
6.0391435623168945
8.171085357666016
10.769608497619629
5.651358604431152
10.51274585723877
12.952188491821289
19.285009384155273
13.061521530151367
9.91707992553711
12.850530624389648
11.682016372680664
7.047339916229248
8.429780960083008
12.693864822387695
10.784055709838867
8.111297607421875
13.266475677490234
12.875570297241211
14.032486915588379
13.666703224182129
41.49668884277344
43.41938781738281
39.733856201171875
42.04197692871094
39.21699142456055
35.80741882324219
37.0970458984375
41.47740173339844
32.98628616333008
44.72930145263672
40.40392303466797
36.476417541503906
39.6104736328125
40.42040252685547
38.071834564208984
31.3906307220459
42.62836456298828
40.036373138427734
47.94482421875
32.670440673828125
39.17488098144531
44.381507873535156
33.76359558105469
37.85443878173828
33.522682189941406
30.38995361328125
34.65924835205078
33.138587951660156
42.884605407714844
36.913330078125
35.3307991027832
42.137413024902344
43.258888244628906
46.17299270629883
39.90618896484375
44.075279235839844
41.18724822998047
52.8498649597168
33.46907043457031
44.94013977050781
39.036834716796875
41.33305358886719
41.505821228027344
31.99698257446289
40.442909240722656
43.041015625
40.697898864746094
42.970458984375
36.11384582519531
38.763370513916016
44.3566780090332
30.976627349853516
47.528846740722656
35.58807373046875
45.07453155517578
27.71026611328125
54.038307189941406
46.745819091796875
37.636558532714844
40.65306854248047
41.53135681152344
49.58280944824219
47.31032943725586
35.246131896972656
61.59992599487305
37.138710021972656
51.96516799926758
48.591590881347656
48.288352966308594
44.62979507446289
35.790260314941406
23.838224411010742
49.070945739746094
39.559722900390625
53.08397674560547
46.431419372558594
28.019886016845703
37.42182922363281
54.09832763671875
41.6600341796875
29.084440231323242
26.483936309814453
38.628849029541016
41.99269485473633
41.2064094543457
35.74083709716797
38.60072326660156
51.21189880371094
49.78203582763672
52.25494384765625
36.09391403198242
29.940034866333008
26.756610870361328
43.67401885986328
19.999704360961914
33.20259094238281
48.11686706542969
33.919979095458984
36.515228271484375
24.491554260253906
31.418094635009766
32.562522888183594
31.815998077392578
37.902427673339844
36.08823776245117
35.8912467956543
28.70574951171875
25.73233985900879
36.57231903076172
25.835111618041992
33.062538146972656
31.036212921142578
32.285545349121094
39.12316131591797
38.5550422668457
30.80840301513672
33.23414611816406
32.92988586425781
29.147966384887695
28.433250427246094
22.1414794921875
25.275537490844727
38.20347213745117
31.886425018310547
39.90327453613281
30.06704330444336
30.31509780883789
34.49123001098633
39.2739143371582
33.44133758544922
27.94091796875
35.05733871459961
25.17377471923828
25.377981185913086
36.20387649536133
46.45759201049805
30.991100311279297
29.269834518432617
32.042266845703125
34.16476058959961
26.222278594970703
45.977561950683594
30.635900497436523
35.75204849243164
37.520179748535156
35.788658142089844
33.85467529296875
30.309738159179688
38.26043701171875
38.03273391723633
29.39035415649414
28.02061653137207
15.980984687805176
27.190860748291016
25.815345764160156
23.17925262451172
24.926982879638672
29.46495819091797
26.999868392944336
27.58740997314453
23.039737701416016
25.47934341430664
19.664302825927734
18.230615615844727
23.550888061523438
21.657352447509766
21.594158172607422
27.557741165161133
30.861228942871094
28.9888916015625
32.30218505859375
29.509611129760742
19.746944427490234
27.72077178955078
18.222782135009766
27.112125396728516
24.370784759521484
22.288557052612305
23.962257385253906
14.602434158325195
26.01113510131836
27.99117088317871
31.55712890625
28.779308319091797
22.28133201599121
27.228538513183594
28.908201217651367
30.261999130249023
19.09798812866211
27.452817916870117
20.500534057617188
21.93362045288086
24.77544593811035
19.65549087524414
20.813030242919922
22.24467658996582
25.178848266601562
26.901988983154297
18.993427276611328
24.842769622802734
27.495059967041016
29.515464782714844
25.168352127075195
22.586082458496094
16.711599349975586
26.311119079589844
29.719467163085938
21.122638702392578
29.324260711669922
31.755552291870117
19.26890754699707
21.635456085205078
22.09122085571289
31.276451110839844
26.27178382873535
31.87240219116211
31.1539306640625
25.042537689208984
29.648704528808594
20.65826416015625
24.679527282714844
22.076828002929688
28.667760848999023
22.26186752319336
20.190629959106445
21.78912353515625
26.898929595947266
19.732656478881836
24.45824432373047
28.47137451171875
31.273895263671875
22.883535385131836
30.913715362548828
27.264904022216797
22.16632080078125
30.67926025390625
27.250194549560547
21.172080993652344
24.473188400268555
22.382617950439453
29.624401092529297
29.48110580444336
32.01670837402344
26.178369522094727
29.655473709106445
24.20991325378418
29.6942138671875
24.655181884765625
29.724882125854492
26.481943130493164
7.3024001121521
15.572881698608398
7.26133918762207
4.709466934204102
11.266780853271484
12.515992164611816
6.777059078216553
8.32143783569336
10.931177139282227
4.073185920715332
13.146364212036133
13.291362762451172
10.364304542541504
7.970619201660156
9.26242446899414
17.96792221069336
7.079369068145752
11.757987976074219
7.351743698120117
2.6440396308898926
5.785816192626953
0.0582268089056015
7.255830764770508
10.20229721069336
16.536224365234375
6.709314346313477
11.925544738769531
6.821042060852051
7.8475847244262695
16.1270751953125
8.573297500610352
5.846643447875977
7.671379566192627
2.339911937713623
14.554320335388184
9.971763610839844
3.0685365200042725
12.218690872192383
1.0586129426956177
9.315439224243164
12.871864318847656
7.978262901306152
8.007955551147461
0.6246320009231567
4.715887069702148
9.122386932373047
4.745230674743652
11.24679946899414
8.63648796081543
7.087499618530273
23.381511688232422
18.270627975463867
25.14248275756836
16.895442962646484
20.230045318603516
18.793498992919922
18.228534698486328
20.740095138549805
19.885318756103516
18.721965789794922
25.710046768188477
23.208335876464844
23.532062530517578
27.490337371826172
27.19870376586914
22.580425262451172
21.60748863220215
21.40308380126953
21.31977081298828
20.110843658447266
16.009918212890625
23.111167907714844
20.122089385986328
23.764123916625977
19.002384185791016
24.23584747314453
22.36661720275879
17.611282348632812
23.04181671142578
23.89072036743164
16.49757194519043
18.85163116455078
20.107479095458984
15.886871337890625
26.26420021057129
19.666776657104492
19.574447631835938
21.227678298950195
21.34164047241211
22.22275161743164
23.244606018066406
23.073688507080078
22.3599853515625
24.160661697387695
22.10128402709961
23.273244857788086
25.161270141601562
17.848430633544922
20.497730255126953
26.961320877075195
30.187889099121094
26.3875675201416
25.90514373779297
37.42634582519531
32.68159103393555
29.192096710205078
36.15888595581055
36.812461853027344
33.468292236328125
35.307456970214844
25.13103485107422
23.253055572509766
35.810264587402344
29.813207626342773
29.73377227783203
33.09095001220703
29.924821853637695
36.858665466308594
27.11935043334961
27.872352600097656
30.40070343017578
24.40715789794922
28.55602264404297
38.11277770996094
32.8444709777832
33.75457000732422
37.588592529296875
23.422988891601562
29.238525390625
35.46146011352539
25.592121124267578
26.209596633911133
25.865039825439453
30.79579734802246
39.21983337402344
35.73270797729492
22.951290130615234
35.34191131591797
32.202388763427734
26.71009063720703
23.82942771911621
33.366477966308594
19.672828674316406
33.7958984375
24.726593017578125
27.500455856323242
31.307952880859375
27.932357788085938
32.165992736816406
38.07875061035156
30.586450576782227
25.64413833618164
37.14678955078125
28.1912841796875
33.093528747558594
30.843488693237305
30.26439666748047
35.73566818237305
28.918710708618164
21.755754470825195
24.185935974121094
30.83983612060547
26.02554702758789
34.23708724975586
27.355392456054688
24.386123657226562
25.340927124023438
31.324859619140625
36.857154846191406
33.585968017578125
31.27837562561035
34.44396209716797
33.68913650512695
35.13679122924805
28.49837303161621
39.32124328613281
35.471073150634766
27.576053619384766
36.191802978515625
27.930652618408203
29.18075180053711
38.91796112060547
38.49676513671875
24.336273193359375
31.0701904296875
33.367801666259766
35.830101013183594
29.034677505493164
23.070446014404297
30.411378860473633
29.600299835205078
25.134241104125977
28.567474365234375
31.418899536132812
26.689367294311523
23.546295166015625
25.80388641357422
23.914323806762695
35.72819900512695
31.755775451660156
26.962276458740234
26.904260635375977
33.58202362060547
31.948875427246094
33.85559844970703
34.4637451171875
33.31965255737305
28.968107223510742
33.7412109375
36.853614807128906
40.17866516113281
35.374603271484375
30.950363159179688
33.82122802734375
32.47172164916992
30.395679473876953
31.977825164794922
38.10021209716797
26.56513786315918
37.152557373046875
26.852426528930664
26.247413635253906
24.136383056640625
29.836158752441406
36.23273468017578
39.030914306640625
25.508541107177734
32.342254638671875
36.10302734375
35.01408767700195
29.686641693115234
36.094482421875
25.789955139160156
29.39760398864746
33.69060516357422
38.323638916015625
28.898719787597656
33.63078689575195
37.62266540527344
29.49786376953125
39.06418228149414
34.46113204956055
28.09722137451172
24.32817840576172
35.65766906738281
27.95204734802246
32.898136138916016
43.29828643798828
26.744373321533203
27.79267692565918
34.322174072265625
35.11274719238281
29.148433685302734
39.997161865234375
35.52170944213867
40.23228454589844
30.971359252929688
41.507545471191406
24.180049896240234
41.17289733886719
37.54496765136719
28.21399688720703
29.583328247070312
40.369163513183594
33.49939727783203
36.562591552734375
38.618507385253906
40.26197814941406
29.481983184814453
35.32756042480469
32.23011016845703
39.625244140625
28.310260772705078
31.308055877685547
38.49019241333008
31.69585418701172
31.283754348754883
37.855979919433594
34.1572380065918
36.739654541015625
37.14735412597656
27.59845733642578
38.18819808959961
32.480003356933594
35.97975158691406
35.43505096435547
27.556657791137695
29.163606643676758
39.78921890258789
33.380767822265625
31.521728515625
29.53839111328125
30.420644760131836
24.92959213256836
35.700313568115234
30.240013122558594
33.90668487548828
33.179264068603516
27.831947326660156
31.689708709716797
28.96286392211914
16.330257415771484
17.883197784423828
21.496685028076172
22.29515838623047
24.379756927490234
21.753681182861328
22.120834350585938
22.407392501831055
18.118013381958008
23.362430572509766
19.51001739501953
19.507183074951172
25.194690704345703
26.262042999267578
23.060808181762695
25.749126434326172
18.61343765258789
19.740291595458984
29.36452293395996
17.891382217407227
27.842437744140625
24.407573699951172
19.139907836914062
24.181625366210938
27.942272186279297
25.33013153076172
27.201581954956055
16.85787010192871
20.811025619506836
18.51905059814453
21.158592224121094
17.11171531677246
26.019256591796875
17.049884796142578
21.974899291992188
25.32752227783203
17.231008529663086
17.871891021728516
20.79444694519043
26.41644287109375
25.165691375732422
14.134077072143555
20.315872192382812
19.28961944580078
24.6855411529541
21.746105194091797
25.005491256713867
20.0003662109375
17.157154083251953
38.340728759765625
28.660324096679688
32.929283142089844
42.120994567871094
38.760807037353516
36.078704833984375
31.101165771484375
30.994556427001953
30.34081268310547
42.30546569824219
42.93305206298828
32.84873962402344
30.819252014160156
37.47627639770508
34.339473724365234
32.24887466430664
29.575359344482422
35.573631286621094
34.15184783935547
25.24163055419922
43.734859466552734
31.423728942871094
33.525108337402344
31.75436019897461
42.9488639831543
29.623329162597656
33.64044952392578
38.42197036743164
34.440216064453125
30.475919723510742
51.24201202392578
36.35231399536133
33.808570861816406
35.677581787109375
32.13896179199219
35.63803482055664
30.918106079101562
28.113143920898438
28.919593811035156
34.38535690307617
35.36381912231445
33.63768768310547
25.037473678588867
34.49633026123047
42.32726287841797
33.940521240234375
33.94452667236328
38.9622917175293
33.091461181640625
37.04719161987305
17.55173110961914
17.228328704833984
15.839323043823242
17.161046981811523
20.327972412109375
14.10301399230957
20.54115867614746
17.588943481445312
20.598468780517578
16.9642333984375
11.770024299621582
15.65349006652832
17.54840087890625
13.794897079467773
18.687480926513672
24.577159881591797
13.24436092376709
22.16826629638672
11.553487777709961
21.75749397277832
11.491073608398438
14.424522399902344
16.27192497253418
7.860884189605713
16.65563201904297
17.496200561523438
9.632360458374023
15.781417846679688
15.085969924926758
14.651477813720703
15.185151100158691
11.825692176818848
14.005626678466797
15.774103164672852
13.840972900390625
12.38300895690918
12.672096252441406
14.524959564208984
21.148212432861328
17.634952545166016
16.37356948852539
9.174507141113281
16.02501678466797
11.230238914489746
14.514219284057617
19.98395538330078
15.890548706054688
12.993597984313965
19.47027587890625
18.82898712158203
13.885534286499023
8.536579132080078
8.72415542602539
10.089387893676758
11.59861946105957
10.517194747924805
12.842031478881836
12.47740650177002
11.861896514892578
12.852651596069336
14.07168960571289
12.543028831481934
12.375575065612793
8.063798904418945
14.145570755004883
14.544923782348633
12.645843505859375
11.207590103149414
18.147258758544922
11.920356750488281
7.662817001342773
13.282308578491211
12.881078720092773
11.568589210510254
20.83694839477539
19.406352996826172
11.040328025817871
16.26171875
17.386398315429688
13.810229301452637
17.92247772216797
11.313409805297852
16.464492797851562
10.714110374450684
12.124007225036621
14.179217338562012
16.359840393066406
12.721837997436523
15.458894729614258
9.962434768676758
9.914793014526367
6.024920463562012
7.855663299560547
15.650505065917969
17.32684326171875
13.939152717590332
14.240700721740723
9.992679595947266
15.29109001159668
12.743328094482422
33.45934295654297
37.812843322753906
32.16419219970703
40.105628967285156
26.35045623779297
34.56549835205078
32.38077163696289
36.889503479003906
30.265636444091797
33.285194396972656
34.01692581176758
31.719684600830078
31.663673400878906
33.61073303222656
33.57763671875
30.872318267822266
31.482879638671875
37.15696334838867
34.52437973022461
31.224292755126953
33.24659729003906
35.83788299560547
25.594146728515625
37.65668869018555
21.160398483276367
33.50293731689453
31.12240219116211
29.937047958374023
33.66407775878906
32.50042724609375
35.69248962402344
32.480403900146484
31.64730453491211
32.720436096191406
32.174015045166016
33.365028381347656
34.40256881713867
35.54645919799805
39.23617172241211
29.875411987304688
30.984886169433594
35.674598693847656
34.439918518066406
30.154743194580078
41.32502746582031
35.66548156738281
34.686546325683594
40.616729736328125
28.124664306640625
28.408201217651367
43.311134338378906
27.805133819580078
30.398826599121094
28.226877212524414
31.356807708740234
29.884033203125
26.84805679321289
31.395891189575195
36.61631774902344
32.515663146972656
25.9702091217041
29.948078155517578
32.02202606201172
35.05010223388672
22.701805114746094
43.12770462036133
29.07122039794922
41.12511444091797
30.787986755371094
24.580665588378906
30.514711380004883
26.923282623291016
39.824684143066406
31.294822692871094
30.821090698242188
26.91937828063965
31.352754592895508
32.91105270385742
32.01402282714844
22.83504867553711
37.292938232421875
24.782752990722656
35.54140090942383
41.179996490478516
25.780521392822266
41.66735076904297
41.90837097167969
33.134605407714844
32.43817138671875
27.379253387451172
36.03636932373047
31.420936584472656
39.31039810180664
28.061912536621094
25.704790115356445
30.708236694335938
25.882659912109375
42.60540771484375
39.98682403564453
35.87346649169922
9.945873260498047
15.999887466430664
12.215787887573242
21.53744888305664
14.60165786743164
22.245643615722656
14.59839916229248
16.07689666748047
19.69997787475586
16.027812957763672
17.437599182128906
21.80230140686035
12.592630386352539
8.728899955749512
18.390094757080078
11.480466842651367
10.49346923828125
15.335895538330078
23.033893585205078
18.446006774902344
17.43208885192871
14.980737686157227
16.788103103637695
14.431272506713867
15.582672119140625
16.60504913330078
17.271743774414062
18.302764892578125
18.863061904907227
15.654986381530762
15.768909454345703
23.821121215820312
18.747779846191406
22.223472595214844
20.35708236694336
13.382572174072266
18.3689022064209
18.268760681152344
18.669055938720703
12.798892974853516
13.756834983825684
20.731891632080078
21.86052131652832
18.266433715820312
10.210777282714844
16.843669891357422
16.45132064819336
20.511199951171875
19.93012809753418
22.251117706298828
10.155391693115234
9.830400466918945
6.992630481719971
7.097537517547607
9.266732215881348
6.7998881340026855
12.095714569091797
7.399607181549072
11.436627388000488
7.778662204742432
10.757635116577148
11.903383255004883
1.7390347719192505
9.756359100341797
12.255359649658203
9.653982162475586
11.814773559570312
11.201778411865234
8.2406587600708
12.493581771850586
9.773514747619629
7.5798563957214355
11.106119155883789
3.900695323944092
13.497230529785156
2.965114116668701
12.439085006713867
10.693642616271973
8.250951766967773
8.668546676635742
9.776327133178711
10.841500282287598
10.740670204162598
13.215131759643555
10.525737762451172
7.020267486572266
6.038196563720703
8.455562591552734
12.071928024291992
10.5581636428833
7.304795265197754
10.942731857299805
8.606955528259277
15.564165115356445
7.510849475860596
12.950247764587402
11.549785614013672
9.58770751953125
10.943143844604492
8.992687225341797
44.23474884033203
41.08448028564453
45.74211120605469
37.900733947753906
38.546478271484375
43.47325134277344
28.968673706054688
27.904296875
37.416683197021484
24.738895416259766
40.50644302368164
34.58338928222656
34.62535858154297
30.246013641357422
39.07807540893555
51.2974853515625
22.020353317260742
45.4974365234375
33.719505310058594
41.80815124511719
38.87657165527344
41.327911376953125
45.93034362792969
36.68739700317383
32.044952392578125
47.455020904541016
38.483314514160156
43.21115493774414
37.24495315551758
39.0730094909668
40.02473449707031
26.43931770324707
30.164749145507812
45.85123062133789
48.7669563293457
47.15184020996094
44.021507263183594
40.90773010253906
50.76142883300781
39.153377532958984
45.397377014160156
33.095462799072266
33.50343322753906
37.64155578613281
32.97777557373047
50.51611328125
32.052330017089844
29.10103988647461
39.45671081542969
33.681365966796875
25.956037521362305
33.831886291503906
31.567157745361328
31.53955078125
34.315223693847656
21.89861297607422
28.78870964050293
27.807682037353516
27.302167892456055
32.06894302368164
40.55522155761719
34.69965362548828
22.07009506225586
30.214130401611328
38.812469482421875
28.44917106628418
33.193424224853516
27.512611389160156
40.72346496582031
34.204734802246094
33.14433670043945
27.093055725097656
29.296640396118164
27.56293487548828
28.626558303833008
37.41870880126953
29.73131561279297
32.75740051269531
38.84403991699219
30.239906311035156
36.137481689453125
34.68341827392578
40.453125
21.304485321044922
34.632083892822266
35.19074249267578
36.672813415527344
28.162593841552734
35.15660095214844
28.473529815673828
27.089141845703125
34.337646484375
29.44762420654297
40.93602752685547
25.760353088378906
30.82687759399414
30.892684936523438
29.32727813720703
20.321786880493164
34.94800567626953
36.4400634765625
33.62087631225586
34.99648666381836
27.17005729675293
38.2014274597168
41.55939483642578
29.539039611816406
30.571212768554688
38.13916778564453
33.27866744995117
35.695777893066406
34.34453582763672
38.897010803222656
28.286083221435547
33.81209945678711
26.8351993560791
39.529457092285156
45.28533172607422
25.47214698791504
29.669879913330078
31.97652816772461
33.243263244628906
41.089866638183594
33.84584426879883
27.582523345947266
39.53853225708008
36.54579162597656
35.817230224609375
29.517520904541016
31.11286163330078
30.032825469970703
36.569576263427734
33.9708366394043
40.68805694580078
29.685895919799805
37.44615936279297
29.114322662353516
36.57787322998047
40.59029769897461
33.612571716308594
34.392433166503906
34.97220230102539
26.031476974487305
37.92945861816406
34.2794189453125
35.640464782714844
36.498783111572266
38.637535095214844
38.515892028808594
28.68017578125
37.78530502319336
33.58709716796875
30.881511688232422
30.683208465576172
30.23263168334961
41.55213928222656
31.858867645263672
28.825973510742188
34.72814178466797
19.37643051147461
40.535499572753906
33.34806823730469
30.199920654296875
37.18777084350586
30.591445922851562
21.417255401611328
32.24617004394531
30.441377639770508
34.15319061279297
36.79924774169922
31.13321304321289
37.394264221191406
35.15205001831055
24.722515106201172
33.85980224609375
35.23731994628906
36.735206604003906
30.443702697753906
31.74114990234375
30.42328643798828
32.184295654296875
28.187402725219727
32.007843017578125
31.787246704101562
31.91469383239746
35.19384765625
30.37898826599121
23.095096588134766
32.97459411621094
27.13039779663086
27.952470779418945
28.28844451904297
27.225746154785156
24.370954513549805
32.63855743408203
33.90974807739258
39.944541931152344
26.420917510986328
29.815444946289062
38.13457107543945
20.38222312927246
25.556079864501953
19.305692672729492
22.437273025512695
19.1551456451416
19.842960357666016
23.461883544921875
28.03497314453125
24.89382553100586
20.791744232177734
20.365766525268555
21.912403106689453
18.59750747680664
22.193925857543945
23.108352661132812
25.37550926208496
25.142826080322266
21.734792709350586
20.7883243560791
22.357683181762695
26.063562393188477
24.87594223022461
28.475311279296875
19.189910888671875
27.203453063964844
27.734050750732422
24.068634033203125
21.345800399780273
26.609445571899414
24.187055587768555
26.598453521728516
22.812843322753906
16.447620391845703
28.929824829101562
21.551265716552734
19.88431167602539
21.271591186523438
23.62401580810547
23.411331176757812
25.976398468017578
22.113697052001953
23.057727813720703
23.311092376708984
29.265544891357422
18.422500610351562
20.79979133605957
27.25749969482422
25.152122497558594
21.49114227294922
24.255718231201172
27.4339656829834
25.892948150634766
25.209524154663086
24.934276580810547
28.897994995117188
22.22277069091797
26.81850814819336
31.424074172973633
29.821922302246094
24.696697235107422
34.68843460083008
19.3580265045166
28.558124542236328
30.610946655273438
31.777400970458984
23.98802375793457
25.106462478637695
23.180360794067383
24.06085968017578
33.921905517578125
23.139652252197266
21.58352279663086
30.81987953186035
21.3355712890625
24.535171508789062
39.239990234375
28.544347763061523
28.922666549682617
19.286619186401367
28.329437255859375
21.9024715423584
31.035568237304688
26.634571075439453
33.677955627441406
25.07870101928711
26.57291030883789
29.479528427124023
29.508586883544922
31.60934829711914
29.478416442871094
25.677934646606445
32.36873245239258
33.7492790222168
30.82345962524414
21.3464298248291
34.13884735107422
28.937047958374023
28.845273971557617
33.11048889160156
29.662151336669922
23.532894134521484
20.94902801513672
29.699134826660156
27.001914978027344
27.10638427734375
23.58314323425293
29.538076400756836
21.430635452270508
25.837440490722656
25.016124725341797
28.975101470947266
32.794952392578125
29.00929069519043
24.90837860107422
20.465290069580078
29.993717193603516
18.943025588989258
27.603553771972656
29.720029830932617
23.909534454345703
29.6260986328125
20.55988311767578
23.011690139770508
26.0520076751709
27.149303436279297
27.40152359008789
21.393293380737305
25.021169662475586
24.411495208740234
27.227497100830078
31.763755798339844
22.028804779052734
30.28110122680664
28.24553108215332
23.581832885742188
26.309186935424805
29.054508209228516
31.031030654907227
20.082630157470703
20.814823150634766
22.582006454467773
32.38732147216797
23.271137237548828
26.5252685546875
22.161155700683594
27.728511810302734
23.389707565307617
24.066673278808594
21.972143173217773
25.568817138671875
18.870655059814453
18.170473098754883
23.673629760742188
25.92169189453125
18.79736328125
28.008073806762695
16.01026725769043
25.45307159423828
17.446022033691406
25.005287170410156
21.78596305847168
28.38579559326172
17.536462783813477
25.389814376831055
19.97650146484375
22.44663429260254
16.372098922729492
21.769031524658203
26.0576171875
16.18204689025879
17.54184341430664
21.648983001708984
29.666534423828125
20.672271728515625
23.354114532470703
13.539430618286133
24.279935836791992
16.77767562866211
15.861832618713379
29.614431381225586
20.19881248474121
23.596416473388672
21.668704986572266
25.30484962463379
16.054100036621094
19.536449432373047
9.826358795166016
22.231884002685547
22.65117645263672
24.373851776123047
18.21550750732422
24.851346969604492
24.81403350830078
26.918346405029297
23.517925262451172
24.321460723876953
22.004451751708984
19.428497314453125
22.615928649902344
23.59014129638672
10.750091552734375
19.05559539794922
16.336225509643555
18.677371978759766
20.692825317382812
19.57213592529297
11.034927368164062
16.381589889526367
7.993231773376465
17.644201278686523
14.811431884765625
14.664836883544922
17.561222076416016
19.868398666381836
11.064722061157227
14.250062942504883
16.367034912109375
18.144229888916016
16.404460906982422
18.084686279296875
10.62028980255127
12.054482460021973
14.803764343261719
19.92778778076172
10.424315452575684
17.371103286743164
11.566733360290527
16.146015167236328
18.328121185302734
15.788460731506348
18.616519927978516
12.139214515686035
13.317853927612305
13.697796821594238
14.291532516479492
10.840191841125488
12.981650352478027
15.63680362701416
8.604440689086914
15.387397766113281
11.812955856323242
16.599361419677734
16.531330108642578
11.887969970703125
12.729055404663086
13.322972297668457
16.86467170715332
18.52463150024414
14.845476150512695
15.6652193069458
